17 16 21 13 10 6 24 18 14 3 12 9 20 23 15 22 26 7 0 27 5 11 8 4 25 2 28 1 19
1831
16 21 13 10 6 24 18 14 3 12 9 20 23 15 26 22 7 0 27 5 11 8 4 25 2 28 1 19 17
1833
9 19 1 20 4 28 2 25 8 11 5 27 0 12 23 7 26 15 22 6 24 18 14 10 21 16 13 17 3
1653
12 23 0 20 1 4 28 2 25 8 5 11 27 7 26 15 22 6 24 18 14 10 21 16 13 17 3 19 9
1714
23 12 9 19 3 17 13 16 21 10 14 18 24 6 22 15 26 7 27 11 5 8 25 2 28 4 1 20 0
1714
17 16 21 13 10 14 18 24 6 22 15 26 7 27 11 5 8 25 2 28 4 1 20 0 23 12 3 9 19
1748
5 11 8 25 2 28 4 1 20 19 9 3 17 13 16 21 10 14 18 24 12 15 6 22 26 7 23 0 27
1766
9 19 3 17 16 21 13 10 14 18 24 6 22 15 26 7 27 5 11 8 4 25 2 28 1 20 0 23 12
1692
12 9 19 3 17 16 21 13 10 14 18 24 6 22 15 26 7 27 5 11 8 25 2 28 4 1 20 0 23
1722
22 26 15 6 24 18 14 10 21 16 13 17 3 9 19 1 28 2 25 8 4 20 12 23 0 5 11 27 7
1742
11 5 8 25 2 28 4 1 19 9 3 17 16 21 13 10 14 18 24 6 12 15 26 22 7 23 20 0 27
1811
19 9 3 17 16 21 13 10 14 18 24 6 22 15 26 7 27 11 8 25 2 28 4 5 0 23 12 20 1
1736
21 13 10 14 24 18 3 15 6 22 26 7 27 5 11 8 25 2 28 4 1 20 0 23 12 9 19 17 16
1869
12 23 0 20 1 28 2 25 4 8 11 5 27 7 26 15 22 6 24 18 14 10 21 16 13 17 3 19 9
1677
21 16 17 19 1 28 2 25 8 4 5 11 27 0 7 26 22 6 15 23 20 9 12 3 18 24 14 10 13
1891
12 23 7 26 15 22 6 24 18 14 10 21 16 13 17 3 9 19 1 20 4 28 2 25 8 11 5 27 0
1653
14 10 13 21 16 17 3 9 19 1 20 12 23 0 5 4 28 2 25 8 11 27 7 26 15 22 6 24 18
1736
14 18 24 6 22 15 26 7 27 11 5 8 25 2 28 4 0 23 12 20 1 19 9 3 17 13 16 21 10
1730
15 22 6 24 18 14 10 21 16 13 17 3 9 19 1 28 2 25 8 4 11 5 20 12 23 0 27 7 26
1712
0 20 12 23 7 26 15 22 6 24 18 14 10 21 16 13 17 3 9 19 1 4 28 2 25 8 5 11 27
1698
27 0 20 23 7 26 22 6 15 12 18 24 14 10 21 16 13 17 3 9 19 1 4 28 2 25 8 5 11
1800
3 17 16 21 13 10 14 18 24 6 22 15 26 7 23 12 0 27 5 11 8 25 2 28 4 20 1 19 9
1668
17 19 1 28 2 25 8 4 5 11 27 0 7 26 22 6 15 23 20 9 12 3 18 24 14 10 13 21 16
1891
21 16 17 19 9 12 23 0 20 1 4 28 2 25 8 5 11 27 7 26 15 22 6 24 18 3 14 10 13
1743
13 10 14 24 6 18 3 15 26 22 7 27 11 5 8 25 2 28 4 1 20 0 23 12 9 19 17 16 21
1886
22 26 15 6 24 18 14 10 21 16 13 17 3 9 19 12 23 0 20 1 4 28 2 25 8 11 5 27 7
1744
19 3 17 13 16 21 10 14 18 24 6 22 15 26 7 27 5 11 8 4 25 2 28 1 20 0 23 12 9
1677
11 8 25 2 28 4 1 19 9 3 17 13 16 21 10 14 18 24 6 22 15 26 7 23 12 20 0 27 5
1691
0 27 11 5 8 25 2 28 4 1 19 9 3 17 16 21 13 10 14 18 24 6 22 15 26 7 23 12 20
1713
26 7 27 5 11 8 25 2 28 4 1 20 0 23 12 19 9 3 17 13 16 21 10 14 18 24 6 22 15
1706
1 19 9 3 17 13 16 21 10 14 18 24 6 22 15 26 7 23 12 20 0 27 5 11 8 4 25 2 28
1661
26 7 27 5 11 8 4 25 2 28 1 20 0 23 12 9 19 3 17 13 16 21 10 14 18 24 6 22 15
1677
15 26 7 27 5 11 8 25 2 28 4 1 20 0 23 12 9 19 3 17 16 21 13 10 14 18 24 6 22
1722
22 7 27 0 23 12 20 5 11 4 8 25 2 28 1 19 9 3 17 13 16 21 10 14 18 24 6 15 26
1750
9 19 17 13 16 21 10 6 24 18 14 3 15 26 22 7 27 11 5 8 25 2 28 4 1 20 0 23 12
1811
4 1 20 19 9 3 17 13 16 21 10 14 18 24 12 15 6 22 26 7 23 0 27 5 11 8 25 2 28
1766
28 4 1 20 19 9 3 17 13 16 21 10 14 18 24 6 12 15 22 26 7 23 0 27 5 11 8 25 2
1762
8 11 5 27 0 20 12 23 7 26 15 22 6 24 18 14 10 13 21 16 17 3 9 19 1 4 28 2 25
1706
20 4 5 0 27 11 8 25 2 28 1 19 9 3 17 13 16 21 10 14 18 24 6 12 15 26 22 7 23
1799
7 26 15 22 6 24 18 14 10 21 16 13 17 3 9 19 12 23 0 20 1 4 28 2 25 8 11 5 27
1706
6 24 18 14 10 13 21 16 17 3 9 19 1 4 28 2 25 8 11 5 20 12 23 0 27 7 26 15 22
1731
15 26 7 27 11 5 8 4 25 2 28 1 20 0 23 12 9 19 3 17 13 16 21 10 14 18 24 6 22
1684
28 2 25 8 11 5 27 0 23 7 26 22 6 15 12 18 24 14 10 13 21 16 17 3 9 19 20 1 4
1783
7 26 15 22 6 24 18 14 10 13 21 16 17 3 9 19 12 23 0 20 1 4 28 2 25 8 5 11 27
1728
6 22 15 26 7 27 11 5 8 25 2 28 4 1 20 0 23 12 9 19 3 17 13 16 21 10 14 18 24
1714
19 9 12 23 0 20 1 4 28 2 25 8 5 11 27 7 26 15 22 6 24 18 14 10 13 21 16 17 3
1729
22 26 15 6 24 18 14 10 21 16 13 17 3 9 19 1 20 12 23 0 5 4 28 2 25 8 11 27 7
1759
17 19 9 12 23 0 20 1 4 28 2 25 8 5 11 27 7 26 22 6 15 3 14 18 24 10 13 21 16
1827
16 21 13 10 6 24 18 14 3 15 26 22 7 23 12 9 20 4 5 0 27 11 8 25 2 28 1 19 17
1863
6 22 15 26 7 27 5 11 8 4 25 2 28 1 20 0 23 12 9 19 3 17 16 21 13 10 14 18 24
1692
16 17 19 9 3 12 23 0 20 1 4 28 2 25 8 5 11 27 7 26 15 22 6 24 18 14 10 13 21
1748
18 24 6 22 15 26 7 27 5 11 8 25 2 28 4 1 20 0 23 12 9 19 3 17 16 21 13 10 14
1722
27 11 5 8 25 2 28 4 1 19 9 3 17 16 21 13 10 14 24 18 12 15 6 22 26 7 23 20 0
1815
13 21 16 17 19 9 12 23 0 20 1 4 28 2 25 8 5 11 27 7 26 22 15 3 14 18 24 6 10
1824
10 21 16 13 17 19 9 12 3 14 18 15 23 0 20 1 4 28 2 25 8 11 5 27 7 26 22 6 24
1729
24 6 22 15 26 7 27 5 11 8 4 25 2 28 1 20 0 23 12 9 19 3 17 13 16 21 10 14 18
1677
14 10 21 16 13 17 3 9 19 1 20 4 28 2 25 8 11 5 27 0 12 23 7 26 15 22 6 24 18
1653
17 19 9 12 3 14 18 15 26 7 27 5 11 8 25 2 28 4 1 20 0 23 22 6 24 10 13 21 16
1777
18 24 6 22 15 26 7 23 12 0 27 5 11 8 25 2 28 4 20 1 19 9 3 17 16 21 13 10 14
1668
15 26 7 27 5 11 8 25 2 28 4 1 20 0 23 12 9 19 3 17 16 21 13 10 14 18 24 6 22
1722
17 16 21 13 10 14 24 6 18 3 12 9 20 23 15 26 22 7 0 27 5 11 8 25 2 28 4 1 19
1923
27 0 20 12 23 7 26 15 22 6 24 18 14 10 13 21 16 17 3 9 19 1 4 28 2 25 8 11 5
1706
2 25 8 11 5 27 0 20 23 7 22 26 15 12 6 24 18 14 10 21 16 13 17 3 9 19 1 4 28
1789
19 3 17 13 16 21 10 14 18 24 6 22 15 26 7 27 5 11 8 25 2 28 4 1 20 0 23 12 9
1707
21 16 17 19 1 28 2 25 8 11 27 0 5 4 20 9 12 3 14 18 23 7 26 15 22 6 24 10 13
1849
4 8 11 5 27 0 20 12 23 7 26 15 22 6 24 18 14 10 13 21 16 17 3 9 19 1 28 2 25
1676
13 21 16 17 19 9 12 23 0 20 1 28 2 25 4 8 5 11 27 7 26 15 22 6 24 3 18 14 10
1786
17 19 1 4 28 2 25 8 11 5 27 0 7 22 26 15 23 20 9 12 3 18 6 24 14 10 13 21 16
1923
6 22 15 26 7 23 12 0 27 5 11 8 25 2 28 4 20 1 19 9 3 17 16 21 13 10 14 18 24
1668
21 13 10 14 24 6 18 3 15 26 22 7 27 11 5 8 25 2 28 4 1 20 0 23 12 9 19 17 16
1886
13 21 16 17 19 9 3 12 23 0 20 1 4 28 2 25 8 5 11 27 7 26 15 22 6 24 18 14 10
1748
21 13 10 24 6 22 23 0 20 1 4 28 2 25 8 11 5 27 7 26 15 18 14 3 12 9 19 17 16
1777
11 5 8 25 2 28 4 1 19 9 3 17 16 21 13 10 14 18 24 6 22 15 26 7 23 12 20 0 27
1713
22 7 27 5 11 8 4 25 2 28 1 20 0 23 12 9 19 3 17 13 16 21 10 14 18 24 6 15 26
1715
11 8 25 2 28 4 1 20 19 9 3 17 16 21 13 10 14 18 24 6 12 15 26 22 7 23 0 27 5
1779
28 2 25 8 11 5 27 0 23 7 26 22 6 15 12 18 24 14 10 21 16 13 17 3 9 19 20 1 4
1768
15 26 7 27 11 5 8 25 2 28 4 1 20 0 23 12 9 19 3 17 16 21 13 10 14 18 24 6 22
1729
6 24 18 14 10 21 16 13 17 3 9 19 1 28 2 25 8 4 11 5 20 12 23 0 27 7 26 15 22
1712
16 17 19 9 3 12 23 0 20 1 28 2 25 4 8 5 11 27 7 26 15 22 6 24 18 14 10 13 21
1718
19 9 12 23 0 20 1 4 28 2 25 8 5 11 27 7 26 15 22 6 24 18 14 10 13 21 16 17 3
1729
26 15 22 6 24 18 14 10 21 16 13 17 3 9 19 1 28 2 25 8 4 20 12 23 0 5 11 27 7
1704
20 0 27 5 11 8 25 2 28 4 1 19 9 3 17 13 16 21 10 14 18 24 6 22 15 26 7 23 12
1691
22 7 27 11 8 25 2 28 4 5 0 23 12 20 1 19 9 3 17 16 21 13 10 14 18 24 6 15 26
1774
24 18 14 10 13 21 16 17 3 19 9 12 23 0 20 1 4 28 2 25 8 5 11 27 7 26 15 22 6
1729
9 12 23 0 20 1 4 28 2 25 8 5 11 27 7 26 15 22 6 24 18 14 10 13 21 16 17 3 19
1729
7 26 15 22 6 24 18 14 10 21 16 13 17 3 9 19 1 20 12 23 0 4 28 2 25 8 5 11 27
1730
27 5 11 8 4 25 2 28 12 23 7 26 15 22 6 24 18 14 10 13 21 16 17 3 9 19 1 20 0
1721
5 11 27 0 20 12 23 7 26 15 22 6 24 18 14 10 13 21 16 17 3 9 19 1 28 2 25 4 8
1683
6 22 15 26 7 27 11 5 8 4 25 2 28 1 20 0 23 12 9 19 3 17 13 16 21 10 14 18 24
1684
5 11 27 0 20 12 23 7 26 15 22 6 24 18 14 10 21 16 13 17 3 9 19 1 4 28 2 25 8
1698
24 10 21 16 13 17 14 3 9 19 1 28 2 25 8 4 11 5 20 12 23 0 27 7 26 22 6 15 18
1745
27 0 20 23 7 26 22 15 12 6 24 18 14 10 21 16 13 17 3 9 19 1 4 28 2 25 8 5 11
1794
10 24 6 22 15 18 14 3 12 9 20 4 5 0 23 26 7 27 11 8 25 2 28 1 19 17 13 16 21
1816
0 27 11 5 8 25 2 28 4 1 20 19 9 3 17 13 16 21 10 14 18 24 6 12 15 26 22 7 23
1771
22 26 15 6 24 18 14 10 21 16 13 17 3 9 19 1 28 2 25 4 8 11 5 20 12 23 0 27 7
1724
4 28 2 25 8 11 5 27 0 23 7 26 22 6 15 12 24 18 14 10 13 21 16 17 3 9 19 20 1
1781
3 9 19 1 28 2 25 8 4 20 12 23 0 5 11 27 7 26 15 22 6 24 18 14 10 21 16 13 17
1704
21 16 17 19 1 28 2 25 8 11 27 7 22 26 15 23 0 5 4 20 9 12 3 18 6 24 14 10 13
1918
12 9 19 3 17 13 16 21 10 14 18 24 6 22 15 26 7 27 5 11 8 4 25 2 28 1 20 0 23
1677
17 19 9 3 12 23 0 20 1 4 28 2 25 8 5 11 27 7 26 15 22 6 24 18 14 10 13 21 16
1748
4 1 20 19 9 3 17 13 16 21 10 14 18 24 12 15 6 22 26 7 23 0 27 5 11 8 25 2 28
1766
14 10 21 16 13 17 3 19 9 12 23 0 20 1 4 28 2 25 8 11 5 27 7 26 15 22 6 24 18
1707
3 19 9 12 23 0 20 1 4 28 2 25 8 5 11 27 7 26 15 22 6 24 18 14 10 21 16 13 17
1714
16 17 19 1 28 2 25 4 8 11 5 27 0 7 26 22 6 15 23 20 9 12 3 14 18 24 10 13 21
1834
5 11 8 4 25 2 28 1 19 9 3 17 13 16 21 10 14 18 24 12 15 6 22 26 7 23 20 0 27
1761
19 3 17 13 16 21 10 14 18 24 6 22 15 26 7 27 11 5 8 4 25 2 28 1 20 0 23 12 9
1684
2 25 8 11 5 27 0 23 7 22 26 15 12 6 24 18 14 10 21 16 13 17 3 9 19 20 1 4 28
1764
4 1 20 19 9 3 17 16 21 13 10 14 18 24 6 12 15 22 26 7 23 0 27 5 11 8 25 2 28
1777
6 22 15 26 7 27 11 5 8 25 2 28 4 1 20 0 23 12 9 19 3 17 13 16 21 10 14 18 24
1714
6 24 18 14 10 21 16 13 17 3 9 19 1 28 2 25 8 4 11 5 20 12 23 0 27 7 26 15 22
1712
18 14 10 21 16 13 17 3 19 9 12 23 0 20 1 4 28 2 25 8 11 5 27 7 26 15 22 6 24
1707
12 23 7 26 15 22 6 24 18 14 10 21 16 13 17 3 9 19 1 20 4 28 2 25 8 11 5 27 0
1653
26 7 27 11 5 8 25 2 28 4 1 20 0 23 12 9 19 3 17 13 16 21 10 14 18 24 6 22 15
1714
5 11 27 0 23 7 22 26 15 12 6 24 18 14 10 13 21 16 17 3 9 19 20 1 28 2 25 4 8
1756
24 18 14 10 13 21 16 17 3 19 9 12 23 0 20 1 28 2 25 4 8 5 11 27 7 26 15 22 6
1699
4 1 19 9 3 17 13 16 21 10 14 18 24 6 22 15 26 7 23 12 20 0 27 5 11 8 25 2 28
1691
14 10 21 16 13 17 3 19 9 12 23 0 20 1 4 28 2 25 8 11 5 27 7 26 15 22 6 24 18
1707
25 2 28 4 1 20 19 9 3 17 13 16 21 10 14 24 18 12 15 6 22 26 7 23 0 27 5 11 8
1768
13 21 16 17 19 9 12 3 14 18 15 23 0 20 1 28 2 25 4 8 5 11 27 7 26 22 6 24 10
1721
11 5 27 0 23 7 22 26 15 12 18 24 6 14 10 21 16 13 17 3 9 19 20 1 4 28 2 25 8
1779
1 19 9 3 17 13 16 21 10 14 18 24 6 22 15 26 7 23 12 28 2 25 8 11 27 0 5 4 20
1746
9 19 3 17 16 21 13 10 14 18 24 6 22 15 26 7 27 11 5 8 25 2 28 4 1 20 0 23 12
1729
1 19 9 3 17 16 21 13 10 14 18 24 6 22 15 26 7 23 12 20 0 27 11 5 4 8 25 2 28
1684
26 15 22 6 24 18 14 10 13 21 16 17 3 19 9 12 23 0 20 1 28 2 25 4 8 11 5 27 7
1692
11 5 8 25 2 28 4 1 20 19 9 3 17 13 16 21 10 14 18 24 6 12 15 22 26 7 23 0 27
1769
14 18 24 6 22 15 26 7 23 12 0 27 5 11 8 25 2 28 4 20 1 19 9 3 17 16 21 13 10
1668
8 25 2 28 4 1 20 19 9 3 17 13 16 21 10 14 18 24 6 12 15 26 22 7 23 0 27 5 11
1764
6 24 18 14 10 21 16 13 17 3 19 9 12 23 0 20 1 28 2 25 4 8 11 5 27 7 26 15 22
1677
19 9 12 23 0 20 1 28 2 25 4 8 5 11 27 7 26 15 22 6 24 18 14 10 21 16 13 17 3
1684
16 21 13 10 24 6 22 15 18 14 3 12 9 20 23 26 7 0 27 5 11 8 4 25 2 28 1 19 17
1806
18 14 10 13 21 16 17 3 9 19 1 28 2 25 8 4 20 12 23 0 5 11 27 7 26 15 22 6 24
1719
28 2 25 8 11 5 27 0 23 7 26 22 15 12 6 24 18 14 10 21 16 13 17 3 9 19 20 1 4
1762
17 19 1 28 2 25 4 8 11 5 27 0 7 22 26 15 23 20 9 12 3 14 18 24 6 10 13 21 16
1833
28 4 1 19 9 3 17 16 21 13 10 14 18 24 6 22 15 26 7 23 12 20 0 27 5 11 8 25 2
1706
21 13 10 14 24 6 18 3 12 9 20 4 5 0 23 15 26 22 7 27 11 8 25 2 28 1 19 17 16
1918
5 11 27 0 23 7 22 26 15 12 6 24 18 14 10 13 21 16 17 3 9 19 20 1 28 2 25 4 8
1756
0 27 11 5 8 4 25 2 28 1 20 19 9 3 17 13 16 21 10 14 18 24 6 12 15 26 22 7 23
1741
5 11 27 0 20 12 23 7 26 15 22 6 24 18 14 10 21 16 13 17 3 9 19 1 4 28 2 25 8
1698
1 20 4 5 0 27 11 8 25 2 28 12 23 7 26 15 22 6 24 18 14 10 21 16 13 17 3 9 19
1746
14 18 24 6 22 15 26 7 27 11 5 8 25 2 28 4 1 20 0 23 12 9 19 3 17 16 21 13 10
1729
4 1 20 19 9 3 17 13 16 21 10 14 24 6 18 12 15 26 22 7 23 0 27 5 11 8 25 2 28
1778
14 10 21 16 13 17 3 9 19 1 20 4 28 2 25 8 11 5 27 0 12 23 7 26 15 22 6 24 18
1653
2 28 4 1 20 19 9 3 17 13 16 21 10 14 6 24 18 12 15 26 22 7 23 0 27 5 11 8 25
1779
13 21 16 17 19 9 12 3 14 18 15 23 0 20 1 4 28 2 25 8 11 5 27 7 26 22 6 24 10
1744
18 24 6 22 15 26 7 27 11 5 0 23 12 20 4 8 25 2 28 1 19 9 3 17 16 21 13 10 14
1719
6 24 18 14 10 13 21 16 17 3 19 9 12 23 0 20 1 4 28 2 25 8 5 11 27 7 26 15 22
1729
24 6 10 21 16 13 17 14 3 19 9 12 23 0 20 1 4 28 2 25 8 11 5 27 7 22 26 15 18
1739
2 28 4 1 20 19 9 3 17 13 16 21 10 14 18 24 6 12 15 26 22 7 23 0 27 5 11 8 25
1764
7 26 15 22 6 24 18 14 10 21 16 13 17 3 19 9 12 23 0 20 1 4 28 2 25 8 5 11 27
1714
24 6 10 21 16 13 17 14 3 9 19 1 20 4 28 2 25 8 11 5 27 0 12 23 7 26 22 15 18
1683
6 24 18 14 10 21 16 13 17 3 19 9 12 23 0 20 1 4 28 2 25 8 11 5 27 7 26 15 22
1707
17 19 9 12 23 0 20 1 4 28 2 25 8 11 5 27 7 22 26 15 3 14 18 24 6 10 13 21 16
1819
12 23 0 27 7 26 15 22 6 24 18 14 10 21 16 13 17 3 9 19 1 4 28 2 25 8 11 5 20
1716
11 5 8 25 2 28 4 1 19 9 3 17 16 21 13 10 14 24 18 12 15 6 22 26 7 23 20 0 27
1815
10 21 16 13 17 19 1 28 2 25 8 4 5 11 27 0 7 26 22 15 23 20 9 12 3 14 18 24 6
1824
28 2 25 8 11 5 27 0 23 7 26 22 6 15 12 24 18 14 10 13 21 16 17 3 9 19 20 1 4
1781
13 21 16 17 19 9 12 23 0 20 1 4 28 2 25 8 5 11 27 7 26 15 22 6 24 3 18 14 10
1816
18 14 10 13 21 16 17 3 9 19 1 20 4 28 2 25 8 11 5 27 0 12 23 7 26 15 22 6 24
1668
14 10 21 16 13 17 3 9 19 1 20 4 28 2 25 8 11 5 27 0 12 23 7 26 15 22 6 24 18
1653
15 22 6 24 18 14 10 21 16 13 17 3 19 9 12 23 0 20 1 4 28 2 25 8 11 5 27 7 26
1707
10 21 16 13 17 19 9 12 3 14 18 15 26 7 27 11 5 8 25 2 28 4 1 20 0 23 22 6 24
1769
2 25 8 11 5 27 0 23 7 26 22 15 12 6 24 18 14 10 13 21 16 17 3 9 19 20 1 4 28
1777
6 24 18 14 10 13 21 16 17 3 19 9 12 23 0 20 1 4 28 2 25 8 5 11 27 7 26 15 22
1729
12 23 0 4 28 2 25 8 5 11 27 7 26 15 22 6 24 18 14 10 21 16 13 17 3 9 19 1 20
1730
14 18 24 6 22 15 26 7 27 11 5 8 4 25 2 28 1 20 0 23 12 9 19 3 17 13 16 21 10
1684
8 11 5 27 0 20 12 23 7 26 15 22 6 24 18 14 10 13 21 16 17 3 9 19 1 4 28 2 25
1706
26 7 27 5 11 8 25 2 28 4 1 20 0 23 12 9 19 3 17 13 16 21 10 14 18 24 6 22 15
1707
8 11 5 27 0 23 7 22 26 15 12 6 24 18 14 10 21 16 13 17 3 9 19 20 1 4 28 2 25
1764
26 7 27 11 5 8 25 2 28 4 1 20 0 23 12 19 9 3 17 16 21 13 10 14 18 24 6 22 15
1728
28 2 25 8 11 5 27 0 23 7 22 26 15 12 6 24 18 14 10 21 16 13 17 3 9 19 20 1 4
1764
8 25 2 28 4 1 19 9 3 17 13 16 21 10 14 18 24 6 22 15 26 7 23 12 20 0 27 5 11
1691
20 0 27 5 11 8 4 25 2 28 12 23 7 26 15 22 6 24 18 14 10 21 16 13 17 3 9 19 1
1706
17 16 21 13 10 14 24 18 3 15 6 22 26 7 27 5 11 8 25 2 28 4 1 20 0 23 12 9 19
1869
11 5 8 25 2 28 4 1 20 19 9 3 17 13 16 21 10 14 24 18 12 15 6 22 26 7 23 0 27
1775
16 17 19 1 4 28 2 25 8 11 5 27 0 7 22 26 15 23 20 9 12 3 18 24 6 14 10 13 21
1924
9 20 4 5 0 27 11 8 25 2 28 1 19 17 13 16 21 10 24 6 22 23 7 26 15 18 14 3 12
1806
25 8 11 5 27 0 20 23 7 22 26 15 12 6 24 18 14 10 21 16 13 17 3 9 19 1 4 28 2
1789
28 4 1 19 9 3 17 13 16 21 10 14 18 24 6 22 15 26 7 23 12 20 0 27 5 11 8 25 2
1691
19 9 12 23 0 20 1 28 2 25 4 8 5 11 27 7 26 15 22 6 24 18 14 10 21 16 13 17 3
1684
4 1 20 19 9 3 17 13 16 21 10 14 18 24 6 12 15 22 26 7 23 0 27 5 11 8 25 2 28
1762
12 23 7 26 15 22 6 24 18 14 10 21 16 13 17 3 9 19 1 20 4 28 2 25 8 11 5 27 0
1653
17 19 9 3 12 23 0 20 1 4 28 2 25 8 11 5 27 7 26 15 22 6 24 18 14 10 13 21 16
1741
26 7 27 5 11 8 25 2 28 4 1 20 0 23 12 19 9 3 17 16 21 13 10 14 18 24 6 22 15
1721
19 9 3 17 16 21 13 10 14 18 24 6 22 15 26 7 23 12 0 27 5 11 8 25 2 28 4 20 1
1668
16 21 13 10 6 24 18 14 3 15 26 22 7 27 11 5 8 25 2 28 4 1 20 0 23 12 9 19 17
1826
12 23 0 20 1 4 28 2 25 8 11 5 27 7 26 15 22 6 24 18 14 10 21 16 13 17 3 19 9
1707
25 8 11 5 27 0 20 12 23 7 26 15 22 6 24 18 14 10 13 21 16 17 3 9 19 1 4 28 2
1706
8 11 5 27 0 23 7 26 22 6 15 12 18 24 14 10 21 16 13 17 3 9 19 20 1 28 2 25 4
1738
12 0 27 5 11 8 25 2 28 4 20 1 19 9 3 17 13 16 21 10 14 18 24 6 22 15 26 7 23
1653
4 1 20 19 9 3 17 13 16 21 10 14 18 24 6 12 15 22 26 7 23 0 27 5 11 8 25 2 28
1762
17 19 9 12 23 0 20 1 4 28 2 25 8 5 11 27 7 26 15 22 6 24 3 18 14 10 13 21 16
1816
9 3 17 13 16 21 10 14 18 24 6 22 15 26 7 23 12 0 27 5 11 8 25 2 28 4 20 1 19
1653
20 0 27 5 11 8 4 25 2 28 19 12 23 7 26 15 22 6 24 18 14 10 13 21 16 17 3 9 1
1737
21 16 17 19 9 12 23 0 20 1 4 28 2 25 8 11 5 27 7 22 26 15 3 14 18 24 6 10 13
1819
4 1 19 9 3 17 13 16 21 10 14 18 24 12 15 6 22 26 7 23 20 0 27 5 11 8 25 2 28
1791
13 10 6 24 18 14 3 15 26 22 7 27 5 11 8 25 2 28 4 1 20 0 23 12 9 19 17 16 21
1819
23 0 20 1 4 28 2 25 8 11 5 27 7 26 15 22 6 24 18 14 10 21 16 13 17 3 9 19 12
1706
15 22 6 24 18 14 10 21 16 13 17 3 9 19 1 20 12 23 0 4 28 2 25 8 5 11 27 7 26
1730
0 27 5 11 8 25 2 28 4 1 19 9 3 17 16 21 13 10 14 18 24 6 12 15 22 26 7 23 20
1802
24 18 15 6 22 26 7 27 11 5 8 25 2 28 4 0 23 12 20 1 19 9 3 14 17 13 16 21 10
1763
11 5 27 0 20 12 23 7 26 15 22 6 24 18 14 10 13 21 16 17 3 9 19 1 4 28 2 25 8
1706
6 24 18 14 10 21 16 13 17 3 19 9 12 23 0 20 1 4 28 2 25 8 5 11 27 7 26 15 22
1714
26 7 27 11 5 8 4 25 2 28 1 20 0 23 12 9 19 3 17 16 21 13 10 14 18 24 6 22 15
1699
16 17 19 9 12 23 0 20 1 28 2 25 4 8 11 5 27 7 26 22 6 15 3 14 18 24 10 13 21
1790
13 10 14 24 6 18 3 12 9 20 4 5 0 23 15 26 22 7 27 11 8 25 2 28 1 19 17 16 21
1918
18 24 6 22 15 26 7 27 11 8 25 2 28 4 5 0 23 12 20 1 19 9 3 17 16 21 13 10 14
1736
16 17 19 1 28 2 25 8 11 27 7 22 26 15 23 0 5 4 20 9 12 3 18 24 6 14 10 13 21
1919
6 24 18 14 10 21 16 13 17 3 9 19 1 20 4 28 2 25 8 11 5 27 0 12 23 7 26 15 22
1653
4 1 19 9 3 17 13 16 21 10 14 18 24 6 22 15 26 7 23 12 20 0 27 5 11 8 25 2 28
1691
24 18 14 10 13 21 16 17 3 9 19 1 28 2 25 4 8 11 5 20 12 23 0 27 7 26 15 22 6
1701
27 0 23 7 26 22 6 15 12 24 18 14 10 21 16 13 17 3 9 19 20 1 28 2 25 4 8 11 5
1736
12 23 0 20 1 4 28 2 25 8 11 5 27 7 26 15 22 6 24 18 14 10 13 21 16 17 3 19 9
1722
3 9 19 1 28 2 25 8 4 20 12 23 0 5 11 27 7 26 15 22 6 24 18 14 10 13 21 16 17
1719
15 26 7 27 5 11 8 25 2 28 4 1 20 0 23 12 9 19 3 17 16 21 13 10 14 18 24 6 22
1722
17 16 21 13 10 14 18 3 24 6 22 15 26 7 27 5 11 8 25 2 28 4 1 20 0 23 12 9 19
1809
13 10 14 18 24 6 22 15 26 7 27 11 5 8 4 25 2 28 1 20 0 23 12 3 9 19 17 16 21
1718
8 11 5 27 0 23 7 26 22 6 15 12 24 18 14 10 21 16 13 17 3 9 19 20 1 4 28 2 25
1766
15 22 6 24 18 14 10 13 21 16 17 3 9 19 12 23 0 20 1 4 28 2 25 8 5 11 27 7 26
1728
7 27 11 5 0 23 12 20 4 8 25 2 28 1 19 9 3 17 13 16 21 10 14 18 24 6 22 15 26
1704
28 4 1 19 9 3 17 13 16 21 10 14 18 24 12 15 6 22 26 7 23 20 0 27 5 11 8 25 2
1791
17 16 21 13 10 14 24 6 18 3 12 9 20 23 15 26 22 7 0 27 11 5 4 8 25 2 28 1 19
1901
0 27 5 11 8 25 2 28 4 1 19 9 3 17 13 16 21 10 14 18 24 6 12 15 22 26 7 23 20
1787
18 14 10 21 16 13 17 3 19 9 12 23 0 20 1 4 28 2 25 8 11 5 27 7 26 15 22 6 24
1707
16 21 13 10 14 18 24 6 22 15 26 7 27 5 11 8 25 2 28 4 1 20 0 23 12 3 9 19 17
1741
18 14 10 13 21 16 17 3 19 9 12 23 0 20 1 4 28 2 25 8 5 11 27 7 26 15 22 6 24
1729
0 27 11 5 8 25 2 28 4 1 20 19 9 3 17 13 16 21 10 14 6 24 18 12 15 26 22 7 23
1786
24 6 22 15 26 7 27 11 5 8 25 2 28 4 1 20 0 23 12 9 19 3 17 16 21 13 10 14 18
1729
1 20 0 27 11 5 4 8 25 2 28 12 23 7 26 15 22 6 24 18 14 10 13 21 16 17 3 9 19
1729
16 21 13 10 6 24 18 14 3 15 22 26 7 27 11 5 8 25 2 28 4 1 20 0 23 12 9 19 17
1824
9 19 1 20 4 28 2 25 8 11 5 27 0 12 23 7 26 15 22 6 24 18 14 10 21 16 13 17 3
1653
12 23 7 26 15 22 6 24 18 14 10 21 16 13 17 3 9 19 1 20 4 28 2 25 8 11 5 27 0
1653
23 12 20 4 8 25 2 28 1 19 9 3 17 13 16 21 10 14 18 24 6 22 15 26 7 27 11 5 0
1704
8 11 5 27 0 20 23 7 22 26 15 12 6 24 18 14 10 21 16 13 17 3 9 19 1 4 28 2 25
1789
14 18 24 6 22 15 26 7 27 0 23 12 20 5 11 4 8 25 2 28 1 19 9 3 17 16 21 13 10
1727
10 6 24 18 14 3 15 26 22 7 27 5 11 8 25 2 28 4 1 20 0 23 12 9 19 17 13 16 21
1804
18 24 6 22 15 26 7 23 12 0 27 5 11 8 25 2 28 4 20 1 19 9 3 17 13 16 21 10 14
1653
28 2 25 8 11 5 27 0 20 12 23 7 26 15 22 6 24 18 14 10 21 16 13 17 3 9 19 1 4
1691
3 19 9 12 23 0 20 1 28 2 25 4 8 5 11 27 7 26 15 22 6 24 18 14 10 21 16 13 17
1684
24 18 14 10 21 16 13 17 3 19 9 12 23 0 20 1 4 28 2 25 8 11 5 27 7 26 15 22 6
1707
21 16 17 19 1 28 2 25 8 11 27 0 5 4 20 9 12 23 7 22 26 15 3 14 18 24 6 10 13
1863
18 24 6 22 15 26 7 27 11 5 0 23 12 20 4 8 25 2 28 1 19 9 3 17 16 21 13 10 14
1719
12 9 19 3 17 13 16 21 10 14 18 24 6 22 15 26 7 27 5 11 8 25 2 28 4 1 20 0 23
1707
22 7 27 11 5 8 4 25 2 28 1 20 0 23 12 9 19 3 17 13 16 21 10 14 18 24 6 15 26
1722
12 23 0 20 1 28 2 25 4 8 11 5 27 7 26 15 22 6 24 18 14 10 21 16 13 17 3 19 9
1677
28 2 25 8 11 5 27 0 23 7 22 26 15 12 6 24 18 14 10 21 16 13 17 3 9 19 20 1 4
1764
22 7 27 5 11 8 25 2 28 4 1 20 0 23 12 9 19 3 17 13 16 21 10 14 18 24 6 15 26
1745
19 17 16 21 13 10 24 6 22 15 18 14 3 12 9 20 23 26 7 0 27 5 11 8 25 2 28 4 1
1836
25 2 28 4 1 19 9 3 17 13 16 21 10 14 18 24 12 15 6 22 26 7 23 20 0 27 5 11 8
1791
28 2 25 8 11 5 27 0 20 12 23 7 26 15 22 6 24 18 14 10 13 21 16 17 3 9 19 1 4
1706
7 26 15 22 6 24 18 14 10 21 16 13 17 3 9 19 12 23 0 20 1 4 28 2 25 8 11 5 27
1706
5 8 4 25 2 28 1 20 19 9 3 17 13 16 21 10 14 18 24 6 12 15 26 22 7 23 0 27 11
1741
11 5 27 0 23 7 22 26 15 12 6 24 18 14 10 21 16 13 17 3 9 19 20 1 4 28 2 25 8
1764
26 15 22 6 24 18 14 10 21 16 13 17 3 9 19 1 28 2 25 4 8 11 5 20 12 23 0 27 7
1686
17 19 1 4 28 2 25 8 11 5 27 0 7 22 26 15 23 20 9 12 3 14 18 24 6 10 13 21 16
1863
20 19 9 3 17 13 16 21 10 14 18 24 6 12 15 22 26 7 23 0 27 11 5 4 8 25 2 28 1
1740
1 19 9 3 17 13 16 21 10 14 18 24 6 22 15 26 7 23 12 28 2 25 8 11 27 0 5 4 20
1746
24 18 14 10 21 16 13 17 3 9 19 1 28 2 25 8 4 11 5 20 12 23 0 27 7 26 15 22 6
1712
13 21 16 17 19 1 28 2 25 4 8 11 5 27 0 7 26 22 6 15 23 20 9 12 3 18 24 14 10
1883
6 22 15 26 7 23 12 0 27 5 11 8 25 2 28 4 20 1 19 9 3 17 13 16 21 10 14 18 24
1653
0 20 23 7 22 26 15 12 18 6 24 14 10 21 16 13 17 3 9 19 1 28 2 25 4 8 11 5 27
1773
9 12 3 18 24 14 10 13 21 16 17 19 1 28 2 25 8 4 5 11 27 0 7 26 22 6 15 23 20
1891
0 27 11 5 8 25 2 28 4 1 20 19 9 3 17 16 21 13 10 14 18 24 12 15 6 22 26 7 23
1788
17 19 9 12 23 0 20 1 4 28 2 25 8 11 5 27 7 26 15 22 6 24 3 18 14 10 13 21 16
1809
8 11 5 27 0 23 7 22 26 15 12 6 24 18 14 10 13 21 16 17 3 9 19 20 1 4 28 2 25
1779
2 25 8 11 5 27 0 20 12 23 7 26 15 22 6 24 18 14 10 21 16 13 17 3 9 19 1 4 28
1691
13 10 6 24 18 14 3 12 9 20 23 15 22 26 7 0 27 5 11 8 25 2 28 4 1 19 17 16 21
1861
8 11 5 27 0 20 23 7 26 22 6 15 12 18 24 14 10 21 16 13 17 3 9 19 1 4 28 2 25
1793
0 27 5 11 8 4 25 2 28 1 20 19 9 3 17 16 21 13 10 14 18 24 6 12 15 26 22 7 23
1749
26 15 22 6 24 18 14 10 21 16 13 17 3 19 9 12 23 0 20 1 28 2 25 4 8 5 11 27 7
1684
23 12 20 4 5 11 8 25 2 28 1 19 9 3 17 13 16 21 10 14 18 24 6 22 15 26 7 27 0
1684
19 17 16 21 13 10 14 6 24 18 3 12 9 20 23 15 26 22 7 0 27 11 5 4 8 25 2 28 1
1902
9 19 3 17 16 21 13 10 14 18 24 6 22 15 26 7 27 5 11 8 25 2 28 4 1 20 0 23 12
1722
7 26 15 22 6 24 18 14 10 21 16 13 17 3 9 19 12 23 0 20 1 4 28 2 25 8 11 5 27
1706
22 7 27 11 5 8 4 25 2 28 1 20 0 23 12 9 19 3 17 13 16 21 10 14 18 24 6 15 26
1722
24 10 21 16 13 17 14 3 9 19 1 20 4 28 2 25 8 11 5 27 0 12 23 7 26 22 6 15 18
1686
9 19 1 20 4 28 2 25 8 11 5 27 0 12 23 7 26 15 22 6 24 18 14 10 21 16 13 17 3
1653
15 26 7 27 11 5 8 25 2 28 4 1 20 0 23 12 19 9 3 17 16 21 13 10 14 18 24 6 22
1728
11 5 8 25 2 28 4 1 20 19 9 3 17 13 16 21 10 14 24 6 18 12 15 26 22 7 23 0 27
1785
2 25 8 11 5 27 0 20 12 23 7 26 15 22 6 24 18 14 10 13 21 16 17 3 9 19 1 4 28
1706
9 19 3 17 13 16 21 10 14 18 24 6 22 15 26 7 27 5 11 8 25 2 28 4 1 20 0 23 12
1707
23 12 9 19 3 17 13 16 21 10 14 18 24 6 22 15 26 7 27 5 11 8 4 25 2 28 1 20 0
1677
13 10 14 18 3 24 6 22 15 26 7 27 5 11 8 4 25 2 28 1 20 0 23 12 9 19 17 16 21
1779
11 8 25 2 28 4 1 20 19 9 3 17 16 21 13 10 14 18 24 6 12 15 26 22 7 23 0 27 5
1779
18 24 6 22 15 26 7 27 11 5 8 25 2 28 4 1 20 0 23 12 9 19 3 17 13 16 21 10 14
1714
18 24 6 22 15 26 7 23 12 0 27 5 11 8 25 2 28 4 20 1 19 9 3 17 13 16 21 10 14
1653
4 28 2 25 8 11 5 27 0 23 7 26 22 6 15 12 18 24 14 10 13 21 16 17 3 9 19 20 1
1783
25 8 11 5 27 0 23 7 26 22 6 15 12 24 18 14 10 13 21 16 17 3 9 19 20 1 4 28 2
1781
15 22 6 24 18 14 10 21 16 13 17 3 9 19 12 23 0 20 1 4 28 2 25 8 11 5 27 7 26
1706
19 3 17 16 21 13 10 14 18 24 6 22 15 26 7 27 5 11 8 25 2 28 4 1 20 0 23 12 9
1722
23 0 27 7 26 15 22 6 24 18 14 10 13 21 16 17 3 9 19 1 28 2 25 8 11 5 4 20 12
1699
24 18 15 26 22 7 27 5 11 8 25 2 28 4 1 20 0 23 12 9 19 3 14 17 13 16 21 10 6
1739
6 24 18 14 10 21 16 13 17 3 19 9 12 23 0 20 1 4 28 2 25 8 5 11 27 7 26 15 22
1714
28 2 25 8 11 5 27 0 23 7 22 26 15 12 6 24 18 14 10 21 16 13 17 3 9 19 20 1 4
1764
23 12 19 9 3 17 13 16 21 10 14 18 24 6 22 15 26 7 27 11 5 8 25 2 28 4 1 20 0
1713
9 12 23 0 20 1 4 28 2 25 8 11 5 27 7 26 15 22 6 24 18 14 10 21 16 13 17 3 19
1707
4 28 2 25 8 11 5 27 0 23 7 22 26 15 12 6 24 18 14 10 21 16 13 17 3 9 19 20 1
1764
0 20 12 23 7 26 15 22 6 24 18 14 10 21 16 13 17 3 9 19 1 4 28 2 25 8 5 11 27
1698
1 28 2 25 8 11 27 0 5 4 20 12 23 7 26 15 22 6 24 18 14 10 13 21 16 17 3 9 19
1716
9 19 17 13 16 21 10 24 6 22 23 0 20 1 4 28 2 25 8 11 5 27 7 26 15 18 14 3 12
1762
15 22 6 24 18 14 10 21 16 13 17 3 19 9 12 23 0 20 1 4 28 2 25 8 11 5 27 7 26
1707
12 23 7 26 15 22 6 24 18 14 10 21 16 13 17 3 9 19 1 20 4 28 2 25 8 11 5 27 0
1653
5 27 0 20 23 7 26 22 6 15 12 18 24 14 10 21 16 13 17 3 9 19 1 4 28 2 25 8 11
1793
26 7 27 5 11 8 25 2 28 4 1 20 0 23 12 9 19 3 17 16 21 13 10 14 18 24 6 22 15
1722
5 11 8 25 2 28 4 1 19 9 3 17 13 16 21 10 14 18 24 6 22 15 26 7 23 12 20 0 27
1691
26 7 27 11 5 8 25 2 28 4 1 20 0 23 12 19 9 3 17 13 16 21 10 14 18 24 6 22 15
1713
26 15 22 6 24 18 14 10 13 21 16 17 3 9 19 1 28 2 25 4 8 11 5 20 12 23 0 27 7
1701
18 24 6 22 15 26 7 27 11 5 0 23 12 20 4 8 25 2 28 1 19 9 3 17 13 16 21 10 14
1704
7 26 15 22 6 24 18 14 10 21 16 13 17 3 9 19 1 28 2 25 8 4 11 5 20 12 23 0 27
1712
17 19 9 3 12 23 0 20 1 4 28 2 25 8 11 5 27 7 26 15 22 6 24 18 14 10 13 21 16
1741
11 8 4 25 2 28 1 20 19 9 3 17 13 16 21 10 14 18 24 12 15 6 22 26 7 23 0 27 5
1736
27 0 20 12 23 7 26 15 22 6 24 18 14 10 21 16 13 17 3 9 19 1 4 28 2 25 8 5 11
1698
3 17 13 16 21 10 14 18 24 6 22 15 26 7 27 5 11 8 4 25 2 28 1 20 0 23 12 9 19
1677
2 28 4 1 20 19 9 3 17 16 21 13 10 14 24 18 12 15 6 22 26 7 23 0 27 5 11 8 25
1783
0 27 11 5 8 25 2 28 4 1 19 9 3 17 13 16 21 10 14 18 24 6 12 15 26 22 7 23 20
1796
17 16 21 13 10 14 18 24 6 22 15 26 7 27 11 5 8 25 2 28 4 1 20 0 23 12 3 9 19
1748
9 12 23 0 20 1 4 28 2 25 8 5 11 27 7 26 15 22 6 24 18 14 10 13 21 16 17 3 19
1729
24 18 15 26 22 7 23 12 0 27 5 11 8 25 2 28 4 20 1 19 9 3 14 17 13 16 21 10 6
1685
25 2 28 4 1 19 9 3 17 13 16 21 10 14 18 24 6 22 15 26 7 23 12 20 0 27 5 11 8
1691
13 10 14 18 24 6 22 15 26 7 27 5 11 8 25 2 28 4 1 20 0 23 12 3 9 19 17 16 21
1741
7 26 15 22 6 24 18 14 10 21 16 13 17 3 19 9 12 23 0 20 1 28 2 25 4 8 5 11 27
1684
20 0 27 5 11 8 4 25 2 28 1 19 9 3 17 16 21 13 10 14 18 24 6 12 15 22 26 7 23
1772
14 10 13 21 16 17 3 19 9 12 23 0 20 1 4 28 2 25 8 11 5 27 7 26 15 22 6 24 18
1722
26 15 22 6 24 18 14 10 21 16 13 17 3 9 19 1 20 12 23 0 5 4 28 2 25 8 11 27 7
1721
0 27 11 5 8 25 2 28 4 1 19 9 3 17 13 16 21 10 14 18 24 12 15 6 22 26 7 23 20
1798
23 0 27 7 26 15 22 6 24 18 14 10 21 16 13 17 3 9 19 1 28 2 25 8 4 11 5 20 12
1712
10 21 16 13 17 19 9 12 23 0 20 1 4 28 2 25 8 5 11 27 7 26 22 6 15 3 14 18 24
1812
13 10 6 24 18 14 3 15 22 26 7 27 5 11 8 25 2 28 4 1 20 0 23 12 9 19 17 16 21
1817
8 25 2 28 4 1 20 19 9 3 17 13 16 21 10 14 18 24 6 12 15 22 26 7 23 0 27 5 11
1762
8 11 5 27 0 20 12 23 7 26 15 22 6 24 18 14 10 21 16 13 17 3 9 19 1 4 28 2 25
1691
3 17 13 16 21 10 14 18 24 6 22 15 26 7 27 11 5 8 25 2 28 4 1 20 0 23 12 9 19
1714
13 21 16 17 19 1 4 28 2 25 8 11 5 27 0 7 22 26 15 23 20 9 12 3 14 18 24 6 10
1863
14 10 21 16 13 17 3 19 9 12 23 0 20 1 4 28 2 25 8 5 11 27 7 26 15 22 6 24 18
1714
17 16 21 13 10 24 6 22 23 0 20 1 4 28 2 25 8 11 5 27 7 26 15 18 14 3 12 9 19
1777
13 10 14 18 24 6 22 15 26 7 27 5 11 8 25 2 28 4 1 20 0 23 12 3 9 19 17 16 21
1741
11 5 8 25 2 28 4 1 19 9 3 17 16 21 13 10 14 18 24 6 12 15 26 22 7 23 20 0 27
1811
5 11 27 0 23 7 22 26 15 12 6 24 18 14 10 21 16 13 17 3 9 19 20 1 4 28 2 25 8
1771
28 4 1 19 9 3 17 13 16 21 10 14 24 18 12 15 6 22 26 7 23 20 0 27 5 11 8 25 2
1793
26 7 27 11 5 8 4 25 2 28 1 20 0 23 12 19 9 3 17 16 21 13 10 14 18 24 6 22 15
1698
4 28 2 25 8 11 5 27 0 20 23 7 26 22 6 15 12 18 24 14 10 21 16 13 17 3 9 19 1
1793
8 25 2 28 4 1 19 9 3 17 16 21 13 10 14 18 24 6 12 15 26 22 7 23 20 0 27 5 11
1804
6 24 18 14 10 21 16 13 17 3 9 19 1 28 2 25 8 11 5 4 20 12 23 0 27 7 26 15 22
1684
27 5 11 8 25 2 28 4 1 20 19 9 3 17 16 21 13 10 14 24 6 18 12 15 26 22 7 23 0
1793
13 10 14 24 18 3 12 9 20 23 15 6 22 26 7 0 27 11 5 4 8 25 2 28 1 19 17 16 21
1891
10 21 16 13 17 19 9 12 23 0 20 1 4 28 2 25 8 11 5 27 7 26 22 15 3 14 18 24 6
1802
25 8 11 5 27 0 20 23 7 26 22 6 15 12 24 18 14 10 21 16 13 17 3 9 19 1 4 28 2
1791
22 7 27 11 5 8 4 25 2 28 1 20 0 23 12 9 19 3 17 13 16 21 10 14 18 24 6 15 26
1722
13 21 16 17 19 9 12 23 0 20 1 28 2 25 4 8 5 11 27 7 22 26 15 3 18 24 6 14 10
1857
11 5 8 4 25 28 2 19 9 3 17 13 16 21 10 14 18 24 6 22 15 26 7 23 12 1 20 0 27
1709
21 16 17 19 9 12 23 0 20 1 4 28 2 25 8 5 11 27 7 26 15 22 6 24 3 18 14 10 13
1816
19 9 12 23 0 20 1 4 28 2 25 8 5 11 27 7 26 15 22 6 24 18 14 10 21 16 13 17 3
1714
9 19 3 17 13 16 21 10 14 18 24 6 22 15 26 7 27 5 11 8 25 2 28 4 1 20 0 23 12
1707
3 19 9 12 23 0 20 1 28 2 25 4 8 5 11 27 7 26 15 22 6 24 18 14 10 21 16 13 17
1684
3 17 13 16 21 10 14 18 24 6 22 15 26 7 23 12 0 27 5 11 8 25 2 28 4 20 1 19 9
1653
16 21 13 10 24 18 14 3 15 6 22 26 7 27 11 5 8 25 2 28 4 1 20 0 23 12 9 19 17
1827
18 14 10 13 21 16 17 3 9 19 1 4 28 2 25 8 11 5 20 12 23 0 27 7 26 15 22 6 24
1731
22 26 15 6 24 18 14 10 13 21 16 17 3 19 9 12 23 0 20 1 28 2 25 4 8 11 5 27 7
1730
8 25 2 28 4 1 20 19 9 3 17 16 21 13 10 14 18 24 12 15 6 22 26 7 23 0 27 5 11
1781
2 25 8 11 5 27 0 23 7 22 26 15 12 18 6 24 14 10 21 16 13 17 3 9 19 20 1 4 28
1778
2 25 8 11 5 27 0 23 7 26 22 15 12 6 24 18 14 10 13 21 16 17 3 9 19 20 1 4 28
1777
20 19 9 3 17 16 21 13 10 14 18 24 6 12 15 26 22 7 23 0 27 5 11 8 4 25 2 28 1
1749
25 8 11 5 27 0 20 23 7 26 22 15 12 6 24 18 14 10 13 21 16 17 3 9 19 1 4 28 2
1802
28 2 25 8 11 5 27 0 23 7 26 22 6 15 12 18 24 14 10 13 21 16 17 3 9 19 20 1 4
1783
3 19 9 12 23 0 20 1 28 2 25 4 8 5 11 27 7 26 15 22 6 24 18 14 10 13 21 16 17
1699
15 26 7 27 11 5 8 25 2 28 4 1 20 0 23 12 9 19 3 17 13 16 21 10 14 18 24 6 22
1714
2 25 8 11 5 27 0 23 7 26 22 6 15 12 18 24 14 10 13 21 16 17 3 9 19 20 1 4 28
1783
23 12 19 9 3 17 16 21 13 10 14 18 24 6 22 15 26 7 27 5 11 8 4 25 2 28 1 20 0
1691
20 0 27 5 11 8 25 2 28 4 1 19 9 3 17 13 16 21 10 14 18 24 6 22 15 26 7 23 12
1691
10 21 16 13 17 19 1 28 2 25 8 11 27 7 26 22 15 23 0 5 4 20 9 12 3 14 18 24 6
1841
26 15 22 6 24 18 14 10 21 16 13 17 3 9 19 12 23 0 20 1 28 2 25 4 8 11 5 27 7
1676
18 24 6 22 15 26 7 27 11 5 8 4 25 2 28 1 20 0 23 12 9 19 3 17 16 21 13 10 14
1699
15 22 6 24 18 14 10 21 16 13 17 3 19 9 12 23 0 20 1 4 28 2 25 8 5 11 27 7 26
1714
13 10 14 18 24 6 22 15 26 7 27 5 11 8 4 25 2 28 1 20 0 23 12 3 9 19 17 16 21
1711
27 0 20 12 23 7 26 15 22 6 24 18 14 10 21 16 13 17 3 9 19 1 4 28 2 25 8 11 5
1691
28 4 1 20 19 9 3 17 13 16 21 10 14 18 24 6 12 15 26 22 7 23 0 27 5 11 8 25 2
1764
16 21 13 10 14 24 6 18 3 12 9 20 4 5 0 23 15 26 22 7 27 11 8 25 2 28 1 19 17
1918
0 27 5 11 8 4 25 2 28 1 19 9 3 17 16 21 13 10 14 18 24 6 22 15 26 7 23 12 20
1676
19 9 12 23 0 20 1 4 28 2 25 8 11 5 27 7 26 22 6 15 3 14 18 24 10 21 16 13 17
1805
26 7 27 5 11 8 4 25 2 28 1 20 0 23 12 9 19 3 17 13 16 21 10 14 18 24 6 22 15
1677
4 1 19 9 3 17 13 16 21 10 14 18 24 6 12 15 22 26 7 23 20 0 27 5 11 8 25 2 28
1787
8 4 25 2 28 1 19 9 3 17 13 16 21 10 14 18 24 6 22 15 26 7 23 12 20 0 27 5 11
1661
23 0 20 1 4 28 2 25 8 5 11 27 7 26 15 22 6 24 18 14 10 13 21 16 17 3 19 9 12
1729
0 23 7 22 26 15 12 6 24 18 14 10 13 21 16 17 3 9 19 20 1 28 2 25 4 8 5 11 27
1756
9 12 23 0 20 1 4 28 2 25 8 5 11 27 7 26 22 6 15 3 14 18 24 10 13 21 16 17 19
1827
20 0 27 11 5 4 8 25 2 28 12 23 7 26 15 22 6 24 18 14 10 21 16 13 17 3 9 19 1
1714
21 13 10 14 18 24 6 22 15 26 7 27 5 11 8 25 2 28 4 1 20 0 23 12 3 9 19 17 16
1741
8 25 2 28 4 1 20 19 9 3 17 16 21 13 10 14 6 24 18 12 15 26 22 7 23 0 27 5 11
1794
18 24 6 22 15 26 7 27 0 23 12 20 5 11 8 25 2 28 4 1 19 9 3 17 16 21 13 10 14
1731
13 10 6 24 18 14 3 12 9 20 4 5 0 23 15 22 26 7 27 11 8 25 2 28 1 19 17 16 21
1856
28 2 25 8 11 5 27 0 23 7 26 22 15 12 6 24 18 14 10 21 16 13 17 3 9 19 20 1 4
1762
17 16 21 13 10 14 18 24 6 22 15 26 7 27 11 5 8 4 25 2 28 1 20 0 23 12 3 9 19
1718
18 24 6 22 15 26 7 27 0 23 12 20 5 11 4 8 25 2 28 1 19 9 3 17 13 16 21 10 14
1712
20 4 5 0 27 11 8 25 2 28 1 19 9 3 17 16 21 13 10 14 18 24 6 22 15 26 7 23 12
1716
24 6 22 15 26 7 27 0 23 12 20 5 11 8 25 2 28 4 1 19 9 3 17 13 16 21 10 14 18
1716
21 16 17 19 1 28 2 25 8 4 5 11 27 0 7 26 23 20 9 12 3 14 18 15 22 6 24 10 13
1814
0 27 11 5 8 4 25 2 28 1 20 19 9 3 17 13 16 21 10 14 24 6 18 12 15 26 22 7 23
1755
21 13 10 14 3 18 24 6 22 15 26 7 27 5 11 8 25 2 28 4 1 20 0 23 12 9 19 17 16
1736
11 8 25 2 28 4 1 20 19 9 3 17 16 21 13 10 14 18 24 12 15 6 22 26 7 23 0 27 5
1781
1 20 4 5 0 27 11 8 25 2 28 19 9 3 17 16 21 13 10 14 18 24 6 22 15 26 7 23 12
1753
9 12 23 0 20 1 4 28 2 25 8 5 11 27 7 26 15 22 6 24 18 14 10 21 16 13 17 3 19
1714
2 28 4 1 19 9 3 17 16 21 13 10 14 18 24 6 22 15 26 7 23 12 20 0 27 5 11 8 25
1706
3 19 9 12 23 0 20 1 4 28 2 25 8 5 11 27 7 26 15 22 6 24 18 14 10 21 16 13 17
1714
19 9 12 23 0 20 1 28 2 25 4 8 5 11 27 7 26 15 22 6 24 18 14 10 21 16 13 17 3
1684
4 28 2 25 8 11 5 27 0 23 7 22 26 15 12 6 24 18 14 10 13 21 16 17 3 9 19 20 1
1779
20 1 19 9 3 17 16 21 13 10 14 18 24 6 22 15 26 7 23 12 28 2 25 8 11 27 0 5 4
1761
7 26 15 22 6 24 18 14 10 21 16 13 17 3 9 19 12 23 0 20 1 28 2 25 4 8 11 5 27
1676
15 26 7 27 5 11 8 25 2 28 4 1 20 0 23 12 19 9 3 17 13 16 21 10 14 18 24 6 22
1706
0 27 11 5 8 25 2 28 4 1 20 19 9 3 17 13 16 21 10 14 24 6 18 12 15 26 22 7 23
1785
14 18 24 6 22 15 26 7 27 11 5 8 25 2 28 4 1 20 0 23 12 9 19 3 17 13 16 21 10
1714
19 9 12 23 0 20 1 4 28 2 25 8 5 11 27 7 26 15 22 6 24 18 14 10 21 16 13 17 3
1714
25 2 28 4 1 20 19 9 3 17 13 16 21 10 14 18 24 6 12 15 26 22 7 23 0 27 5 11 8
1764
1 19 9 3 17 13 16 21 10 14 18 24 6 22 15 26 7 23 12 20 0 27 11 5 4 8 25 2 28
1669
2 28 4 1 20 19 9 3 17 13 16 21 10 14 18 24 6 12 15 26 22 7 23 0 27 5 11 8 25
1764
20 0 27 11 5 4 8 25 2 28 19 9 3 17 13 16 21 10 14 18 24 6 22 15 26 7 23 12 1
1706
20 23 7 26 22 6 15 12 18 24 14 10 21 16 13 17 3 9 19 1 28 2 25 8 11 27 0 5 4
1803
17 16 21 13 10 14 18 24 6 22 15 26 7 27 5 11 8 4 25 2 28 1 20 0 23 12 3 9 19
1711
0 20 23 7 26 22 6 15 12 24 18 14 10 21 16 13 17 3 9 19 1 28 2 25 4 8 11 5 27
1761
1 20 0 27 5 11 8 4 25 28 2 19 9 3 17 13 16 21 10 14 18 24 6 22 15 26 7 23 12
1702
12 23 7 26 15 22 6 24 18 14 10 21 16 13 17 3 9 19 1 20 4 28 2 25 8 11 5 27 0
1653
3 17 13 16 21 10 14 18 24 6 22 15 26 7 23 12 0 27 5 11 8 25 2 28 4 20 1 19 9
1653
3 9 19 1 28 2 25 8 11 5 4 20 12 23 0 27 7 26 15 22 6 24 18 14 10 21 16 13 17
1684
15 22 6 24 18 14 10 13 21 16 17 3 9 19 12 23 0 20 1 4 28 2 25 8 11 5 27 7 26
1721
23 12 9 19 3 17 13 16 21 10 14 18 24 6 22 15 26 7 27 5 11 8 25 2 28 4 1 20 0
1707
4 1 20 19 9 3 17 13 16 21 10 14 24 6 18 12 15 26 22 7 23 0 27 5 11 8 25 2 28
1778
9 19 3 17 16 21 13 10 14 18 24 6 22 15 26 7 27 11 5 8 4 25 2 28 1 20 0 23 12
1699
4 1 20 19 9 3 17 16 21 13 10 14 18 24 6 12 15 22 26 7 23 0 27 5 11 8 25 2 28
1777
1 20 4 5 0 27 11 8 25 28 2 19 9 3 17 13 16 21 10 14 18 24 6 22 15 26 7 23 12
1742
18 24 6 22 15 26 7 23 12 0 27 5 11 8 25 2 28 4 20 1 19 9 3 17 16 21 13 10 14
1668
20 23 7 22 26 15 12 6 24 18 14 10 13 21 16 17 3 9 19 1 4 28 2 25 8 11 5 27 0
1804
27 0 20 12 23 7 26 15 22 6 24 18 14 10 21 16 13 17 3 9 19 1 28 2 25 4 8 11 5
1661
0 23 7 26 22 6 15 12 24 18 14 10 13 21 16 17 3 9 19 20 1 28 2 25 4 8 11 5 27
1751
8 11 5 27 0 20 1 12 23 7 26 15 22 6 24 18 14 10 13 21 16 17 3 9 19 2 28 25 4
1717
3 19 9 12 23 0 20 1 4 28 2 25 8 5 11 27 7 26 15 22 6 24 18 14 10 13 21 16 17
1729
1 28 2 25 4 8 11 5 27 0 23 7 22 26 15 12 6 24 18 14 10 21 16 13 17 3 9 19 20
1734
6 22 15 26 7 23 12 0 27 5 11 8 25 2 28 4 20 1 19 9 3 17 13 16 21 10 14 18 24
1653
17 19 9 12 23 0 20 1 4 28 2 25 8 11 5 27 7 22 26 15 3 14 18 24 6 10 13 21 16
1819
8 11 5 27 0 20 23 7 26 22 15 12 6 24 18 14 10 13 21 16 17 3 9 19 1 4 28 2 25
1802
18 24 6 22 15 26 7 27 11 5 8 25 2 28 4 1 20 0 23 12 9 19 3 17 16 21 13 10 14
1729
28 2 25 8 11 5 27 0 20 12 23 7 26 15 22 6 24 18 14 10 13 21 16 17 3 9 19 1 4
1706
18 24 6 22 15 26 7 27 11 8 25 2 28 4 5 0 23 12 20 1 19 9 3 17 13 16 21 10 14
1721
7 26 15 22 6 24 18 14 10 21 16 13 17 3 19 9 12 23 0 20 1 28 2 25 4 8 11 5 27
1677
2 28 4 1 20 19 9 3 17 13 16 21 10 14 24 6 18 12 15 26 22 7 23 0 27 5 11 8 25
1778
12 0 27 5 11 8 25 2 28 4 20 1 19 9 3 17 16 21 13 10 14 18 24 6 22 15 26 7 23
1668
20 0 27 5 11 8 25 2 28 4 1 19 9 3 17 13 16 21 10 14 18 24 6 22 15 26 7 23 12
1691
13 21 16 17 19 9 12 23 0 20 1 4 28 2 25 8 5 11 27 7 26 15 22 6 24 18 3 14 10
1743
12 23 0 20 1 4 28 2 25 8 5 11 27 7 26 15 22 6 24 18 14 10 13 21 16 17 3 19 9
1729
5 27 0 20 23 7 22 26 15 12 18 6 24 14 10 13 21 16 17 3 9 19 1 4 28 2 25 8 11
1818
11 5 8 25 2 28 4 1 20 19 9 3 17 13 16 21 10 14 24 6 18 12 15 26 22 7 23 0 27
1785
22 26 15 6 24 18 14 10 21 16 13 17 3 9 19 12 23 0 20 1 4 28 2 25 8 11 5 27 7
1744
17 19 1 28 2 25 8 4 5 11 27 0 7 26 23 20 9 12 3 14 18 15 22 6 24 10 13 21 16
1814
10 21 16 13 17 19 1 28 2 25 8 4 5 11 27 0 7 26 22 15 23 20 9 12 3 14 18 24 6
1824
27 11 5 8 4 25 2 28 1 20 19 9 3 17 13 16 21 10 14 18 24 12 15 6 22 26 7 23 0
1743
9 12 3 14 18 15 22 6 24 10 21 16 13 17 19 1 28 2 25 8 4 5 11 27 0 7 26 23 20
1799
16 17 19 9 3 12 23 0 20 1 28 2 25 4 8 11 5 27 7 26 15 22 6 24 18 14 10 13 21
1711
18 24 6 22 15 26 7 27 5 11 8 25 2 28 4 1 20 0 23 12 9 19 3 17 16 21 13 10 14
1722
24 6 10 21 16 13 17 14 3 19 9 12 23 0 20 1 28 2 25 4 8 11 5 27 7 26 22 15 18
1707
0 27 11 5 8 25 2 28 4 1 20 19 9 3 17 13 16 21 10 14 18 24 12 15 6 22 26 7 23
1773
9 19 3 17 13 16 21 10 14 18 24 6 22 15 26 7 27 11 5 8 25 2 28 4 1 20 0 23 12
1714
18 14 10 21 16 13 17 3 19 9 12 23 0 20 1 28 2 25 4 8 11 5 27 7 26 15 22 6 24
1677
4 28 2 25 8 11 5 27 0 20 23 7 22 26 15 12 6 24 18 14 10 21 16 13 17 3 9 19 1
1789
4 28 2 25 8 11 5 27 0 20 23 7 26 22 6 15 12 18 24 14 10 13 21 16 17 3 9 19 1
1808
13 21 16 17 19 9 3 12 23 0 20 1 4 28 2 25 8 11 5 27 7 26 15 22 6 24 18 14 10
1741
14 10 21 16 13 17 3 9 19 1 20 4 28 2 25 8 11 5 27 0 12 23 7 26 15 22 6 24 18
1653
1 19 9 3 17 16 21 13 10 14 18 24 6 12 15 26 22 7 23 20 4 5 0 27 11 8 25 2 28
1814
16 17 19 1 28 2 25 8 11 27 7 22 26 15 23 0 5 4 20 9 12 3 14 18 24 6 10 13 21
1858
28 2 25 8 11 5 27 0 23 7 22 26 15 12 6 24 18 14 10 21 16 13 17 3 9 19 20 1 4
1764
12 23 0 27 7 26 15 22 6 24 18 14 10 21 16 13 17 3 9 19 1 28 2 25 8 4 11 5 20
1712
18 14 10 21 16 13 17 3 9 19 1 28 2 25 8 11 5 4 20 12 23 0 27 7 26 15 22 6 24
1684
25 8 11 5 27 0 23 7 26 22 15 12 6 24 18 14 10 13 21 16 17 3 9 19 20 1 4 28 2
1777
11 8 25 2 28 4 1 19 9 3 17 13 16 21 10 14 24 18 12 15 6 22 26 7 23 20 0 27 5
1793
6 22 15 26 7 23 12 0 27 5 11 8 25 2 28 4 20 1 19 9 3 17 13 16 21 10 14 18 24
1653
12 0 27 5 11 8 25 2 28 4 20 1 19 9 3 17 13 16 21 10 14 18 24 6 22 15 26 7 23
1653
26 15 22 6 24 18 14 10 13 21 16 17 3 19 9 12 23 0 20 1 4 28 2 25 8 5 11 27 7
1729
24 18 14 10 13 21 16 17 3 9 19 1 20 4 28 2 25 8 11 5 27 0 12 23 7 26 15 22 6
1668
3 9 19 1 20 4 28 2 25 8 11 5 27 0 12 23 7 26 15 22 6 24 18 14 10 13 21 16 17
1668
27 0 20 12 23 7 26 15 22 6 24 18 14 10 21 16 13 17 3 9 19 1 4 28 2 25 8 5 11
1698
11 8 25 2 28 4 1 20 19 9 3 17 16 21 13 10 14 18 24 6 12 15 22 26 7 23 0 27 5
1777
23 12 9 19 3 17 16 21 13 10 14 18 24 6 22 15 26 7 27 11 5 8 4 25 2 28 1 20 0
1699
2 25 8 11 5 27 0 20 23 7 26 22 6 15 12 24 18 14 10 13 21 16 17 3 9 19 1 4 28
1806
21 16 17 19 1 28 2 25 8 11 27 7 22 26 15 23 0 5 4 20 9 12 3 14 18 24 6 10 13
1858
6 22 15 26 7 27 0 23 12 20 4 5 11 8 25 2 28 1 19 9 3 17 13 16 21 10 14 18 24
1684
18 24 6 22 15 26 7 27 11 5 0 23 12 20 4 8 25 2 28 1 19 9 3 17 13 16 21 10 14
1704
21 16 17 19 9 3 12 23 0 20 1 4 28 2 25 8 5 11 27 7 26 15 22 6 24 18 14 10 13
1748
2 28 4 1 20 19 9 3 17 13 16 21 10 14 18 24 6 12 15 26 22 7 23 0 27 5 11 8 25
1764
27 0 20 12 23 7 26 15 22 6 24 18 14 10 21 16 13 17 3 9 19 1 4 28 2 25 8 5 11
1698
22 26 15 6 24 18 14 10 21 16 13 17 3 19 9 12 23 0 20 1 28 2 25 4 8 5 11 27 7
1722
8 25 2 28 4 1 19 9 3 17 13 16 21 10 14 24 6 18 12 15 26 22 7 23 20 0 27 5 11
1803
16 21 13 10 24 6 22 26 7 27 5 11 8 25 2 28 4 1 20 0 23 15 18 14 3 12 9 19 17
1744
11 8 25 2 28 4 1 19 9 3 17 16 21 13 10 14 18 24 6 22 15 26 7 23 12 20 0 27 5
1706
15 22 6 24 18 14 10 13 21 16 17 3 9 19 1 28 2 25 8 11 5 4 20 12 23 0 27 7 26
1699
26 15 22 6 24 18 14 10 21 16 13 17 3 9 19 1 28 2 25 8 11 5 4 20 12 23 0 27 7
1684
7 27 5 11 8 4 25 2 28 1 20 0 23 12 9 19 3 17 13 16 21 10 14 18 24 6 22 15 26
1677
18 24 6 22 15 26 7 27 0 23 12 20 5 11 8 4 25 2 28 1 19 9 3 17 16 21 13 10 14
1701
9 12 23 0 20 1 4 28 2 25 8 5 11 27 7 26 15 22 6 24 18 14 10 21 16 13 17 3 19
1714
13 21 16 17 19 9 12 23 0 20 1 4 28 2 25 8 5 11 27 7 22 26 15 3 14 18 24 6 10
1826
15 22 6 24 18 14 10 21 16 13 17 3 9 19 12 23 0 20 1 4 28 2 25 8 11 5 27 7 26
1706
20 23 7 26 22 6 15 12 24 18 14 10 21 16 13 17 3 9 19 1 28 2 25 4 8 11 5 27 0
1761
12 9 19 3 17 13 16 21 10 14 18 24 6 22 15 26 7 27 5 11 8 4 25 2 28 1 20 0 23
1677
9 12 23 0 20 1 28 2 25 4 8 11 5 27 7 26 15 22 6 24 18 14 10 21 16 13 17 3 19
1677
9 19 1 20 12 23 0 5 4 28 2 25 8 11 27 7 26 15 22 6 24 18 14 10 21 16 13 17 3
1721
19 9 3 17 13 16 21 10 14 18 24 6 22 15 26 7 23 12 0 27 5 11 8 25 2 28 4 20 1
1653
24 18 14 10 13 21 16 17 3 9 19 1 20 12 23 0 4 28 2 25 8 5 11 27 7 26 15 22 6
1745
8 11 5 27 0 23 7 22 26 15 12 18 6 24 14 10 21 16 13 17 3 9 19 20 1 4 28 2 25
1778
27 0 23 7 26 22 15 12 6 24 18 14 10 13 21 16 17 3 9 19 20 1 4 28 2 25 8 5 11
1784
18 24 6 22 15 26 7 27 0 23 12 20 5 11 4 8 25 2 28 1 19 9 3 17 13 16 21 10 14
1712
17 16 21 13 10 24 18 14 3 15 6 22 26 7 27 5 11 8 25 2 28 4 1 20 0 23 12 9 19
1820
16 17 19 9 12 3 14 18 15 23 0 20 1 4 28 2 25 8 5 11 27 7 26 22 6 24 10 13 21
1751
23 12 9 19 3 17 13 16 21 10 14 18 24 6 22 15 26 7 27 11 5 8 25 2 28 4 1 20 0
1714
22 7 27 11 5 8 4 25 2 28 1 20 0 23 12 19 9 3 17 16 21 13 10 14 18 24 6 15 26
1736
27 5 11 8 25 2 28 4 1 19 9 3 17 16 21 13 10 14 6 24 18 12 15 26 22 7 23 20 0
1819
13 10 6 24 18 14 3 15 22 26 7 27 11 5 8 25 2 28 4 1 20 0 23 12 9 19 17 16 21
1824
2 28 4 1 20 19 9 3 17 13 16 21 10 14 18 24 6 12 15 26 22 7 23 0 27 5 11 8 25
1764
10 21 16 13 17 19 9 12 3 14 18 15 26 7 27 5 11 8 4 25 2 28 1 20 0 23 22 6 24
1732
7 26 15 22 6 24 18 14 10 21 16 13 17 3 19 9 12 23 0 20 1 4 28 2 25 8 5 11 27
1714
3 19 9 12 23 0 20 1 4 28 2 25 8 5 11 27 7 26 15 22 6 24 18 14 10 21 16 13 17
1714
13 10 14 3 18 24 6 22 15 26 7 27 5 11 8 4 25 2 28 1 20 0 23 12 9 19 17 16 21
1706
3 9 19 1 28 2 25 8 11 5 4 20 12 23 0 27 7 26 15 22 6 24 18 14 10 21 16 13 17
1684
7 26 15 22 6 24 18 14 10 13 21 16 17 3 19 9 12 23 0 20 1 4 28 2 25 8 5 11 27
1729
10 6 24 18 14 3 15 26 22 7 27 5 11 8 4 25 2 28 1 20 0 23 12 9 19 17 13 16 21
1774
6 24 18 14 10 21 16 13 17 3 9 19 1 28 2 25 8 4 11 5 20 12 23 0 27 7 26 15 22
1712
2 25 8 11 5 27 0 20 12 23 7 26 15 22 6 24 18 14 10 21 16 13 17 3 9 19 1 4 28
1691
11 5 8 25 2 28 4 1 19 9 3 17 16 21 13 10 14 18 24 6 12 15 26 22 7 23 20 0 27
1811
16 21 13 10 14 24 18 3 15 6 22 26 7 27 5 11 8 4 25 2 28 1 20 0 23 12 9 19 17
1839
22 26 15 6 24 18 14 10 21 16 13 17 3 9 19 12 23 0 20 1 4 28 2 25 8 5 11 27 7
1751
2 28 4 1 19 9 3 17 13 16 21 10 14 18 24 6 12 15 26 22 7 23 20 0 27 5 11 8 25
1789
27 11 5 8 4 25 2 28 19 9 3 17 13 16 21 10 14 18 24 6 22 15 26 7 23 12 1 20 0
1705
7 26 15 22 6 24 18 14 10 21 16 13 17 3 19 9 12 23 0 20 1 4 28 2 25 8 5 11 27
1714
17 16 21 13 10 24 6 22 15 18 14 3 12 9 20 4 5 0 23 26 7 27 11 8 25 2 28 1 19
1831
23 12 19 9 3 17 13 16 21 10 14 18 24 6 22 15 26 7 27 5 11 8 25 2 28 4 1 20 0
1706
20 0 27 11 5 4 8 25 2 28 9 12 23 7 26 15 22 6 24 18 14 10 13 21 16 17 3 19 1
1751
0 27 11 5 8 25 2 28 4 1 19 9 3 17 16 21 13 10 14 18 24 6 12 15 22 26 7 23 20
1809
26 15 22 6 24 18 14 10 21 16 13 17 3 9 19 12 23 0 20 1 4 28 2 25 8 5 11 27 7
1713
20 4 5 0 27 11 8 25 2 28 1 19 9 3 17 16 21 13 10 14 18 24 6 22 15 26 7 23 12
1716
5 11 27 0 23 7 22 26 15 12 6 24 18 14 10 21 16 13 17 3 9 19 20 1 4 28 2 25 8
1771
3 17 16 21 13 10 14 18 24 6 22 15 26 7 27 11 5 8 25 2 28 4 1 20 0 23 12 9 19
1729
8 25 2 28 4 1 19 9 3 17 13 16 21 10 14 6 24 18 12 15 26 22 7 23 20 0 27 5 11
1804
16 17 19 1 28 2 25 8 4 5 11 27 0 7 26 23 20 9 12 3 14 18 15 22 6 24 10 13 21
1814
23 0 5 4 28 2 25 8 11 27 7 26 15 22 6 24 18 14 10 13 21 16 17 3 9 19 1 20 12
1736
15 22 6 24 18 14 10 21 16 13 17 3 19 9 12 23 0 20 1 4 28 2 25 8 5 11 27 7 26
1714
27 0 23 7 22 26 15 12 6 24 18 14 10 21 16 13 17 3 9 19 20 1 28 2 25 4 8 11 5
1734
1 19 9 3 17 13 16 21 10 14 18 24 6 22 15 26 7 23 12 20 0 27 11 5 4 8 25 2 28
1669
27 0 20 23 7 22 26 15 12 6 24 18 14 10 21 16 13 17 3 9 19 1 28 2 25 4 8 11 5
1759
20 0 27 5 11 8 25 2 28 4 1 19 9 3 17 13 16 21 10 14 18 24 6 12 15 26 22 7 23
1789
9 19 3 17 13 16 21 10 14 18 24 6 22 15 26 7 27 11 5 8 4 25 2 28 1 20 0 23 12
1684
6 22 15 26 7 27 0 23 12 20 4 5 11 8 25 2 28 1 19 9 3 17 16 21 13 10 14 18 24
1699
9 3 17 13 16 21 10 14 18 24 6 22 15 26 7 23 12 0 27 5 11 8 25 2 28 4 20 1 19
1653
16 21 13 10 14 3 18 24 6 22 15 26 7 27 5 11 8 4 25 2 28 1 20 0 23 12 9 19 17
1706
4 28 2 25 8 11 5 27 0 23 7 26 22 15 12 6 24 18 14 10 21 16 13 17 3 9 19 20 1
1762
9 12 23 0 20 1 28 2 25 4 8 5 11 27 7 26 22 6 15 3 14 18 24 10 21 16 13 17 19
1782
19 9 12 23 0 20 1 4 28 2 25 8 5 11 27 7 26 15 22 6 24 18 14 10 21 16 13 17 3
1714
17 16 21 13 10 14 18 24 6 22 15 26 7 27 11 5 8 25 2 28 4 1 20 0 23 12 3 9 19
1748
2 28 4 1 19 9 3 17 13 16 21 10 14 18 24 6 12 15 22 26 7 23 20 0 27 5 11 8 25
1787
7 26 15 22 6 24 18 14 10 21 16 13 17 3 9 19 1 4 28 2 25 8 11 5 20 12 23 0 27
1716
15 22 6 24 18 14 10 21 16 13 17 3 9 19 1 28 2 25 8 4 11 5 20 12 23 0 27 7 26
1712
13 21 16 17 19 1 28 2 25 8 11 27 7 22 26 15 23 0 5 4 20 9 12 3 18 6 24 14 10
1918
14 10 21 16 13 17 3 9 19 1 28 2 25 8 4 11 5 20 12 23 0 27 7 26 15 22 6 24 18
1712
1 28 2 25 8 11 27 0 5 4 20 12 23 7 26 15 22 6 24 18 14 10 13 21 16 17 3 9 19
1716
12 9 19 3 17 13 16 21 10 14 18 24 6 22 15 26 7 27 5 11 8 25 2 28 4 1 20 0 23
1707
24 6 10 21 16 13 17 14 3 9 19 1 20 12 23 0 5 4 28 2 25 8 11 27 7 22 26 15 18
1753
6 22 15 26 7 23 12 0 27 5 11 8 25 2 28 4 20 1 19 9 3 17 13 16 21 10 14 18 24
1653
19 9 12 23 0 20 1 4 28 2 25 8 5 11 27 7 26 15 22 6 24 18 14 10 21 16 13 17 3
1714
22 7 27 11 5 8 25 2 28 4 1 20 0 23 12 9 19 3 17 16 21 13 10 14 18 24 6 15 26
1767
28 4 1 19 9 3 17 16 21 13 10 14 18 24 12 15 6 22 26 7 23 20 0 27 5 11 8 25 2
1806
12 0 27 5 11 8 25 2 28 4 20 1 19 9 3 17 13 16 21 10 14 18 24 6 22 15 26 7 23
1653
20 0 27 11 5 4 8 25 2 28 12 23 7 26 15 22 6 24 18 14 10 21 16 13 17 3 9 19 1
1714
20 0 27 11 5 4 8 25 2 28 19 9 3 17 13 16 21 10 14 18 24 6 22 15 26 7 23 12 1
1706
0 27 5 11 8 4 25 2 28 19 9 3 17 13 16 21 10 14 18 24 6 22 15 26 7 23 12 1 20
1698
3 9 19 1 20 4 28 2 25 8 11 5 27 0 12 23 7 26 15 22 6 24 18 14 10 21 16 13 17
1653
4 28 2 25 8 11 5 27 0 23 7 22 26 15 12 18 6 24 14 10 13 21 16 17 3 9 19 20 1
1793
26 15 22 6 24 18 14 10 13 21 16 17 3 9 19 1 28 2 25 8 4 20 12 23 0 5 11 27 7
1719
21 16 17 19 1 4 28 2 25 8 11 5 27 0 7 22 26 15 23 20 9 12 3 14 18 24 6 10 13
1863
13 10 6 24 18 14 3 12 9 20 23 15 22 26 7 0 27 5 11 8 4 25 2 28 1 19 17 16 21
1831
22 7 27 0 23 12 20 4 5 11 8 25 2 28 1 19 9 3 17 16 21 13 10 14 18 24 6 15 26
1737
19 1 28 2 25 4 8 11 5 20 12 23 0 27 7 26 15 22 6 24 18 14 10 21 16 13 17 3 9
1686
6 24 18 14 10 21 16 13 17 3 19 9 12 23 0 20 1 4 28 2 25 8 5 11 27 7 26 15 22
1714
26 7 27 5 11 8 25 2 28 4 1 20 0 23 12 19 9 3 17 16 21 13 10 14 18 24 6 22 15
1721
20 23 7 22 26 15 12 18 6 24 14 10 21 16 13 17 3 9 19 1 28 2 25 8 11 27 0 5 4
1813
15 22 6 24 18 14 10 21 16 13 17 3 9 19 1 28 2 25 8 11 5 4 20 12 23 0 27 7 26
1684
0 23 7 22 26 15 12 6 24 18 14 10 21 16 13 17 3 9 19 20 1 4 28 2 25 8 11 5 27
1764
22 7 27 11 5 8 25 2 28 4 1 20 0 23 12 9 19 3 17 13 16 21 10 14 18 24 6 15 26
1752
7 26 15 22 6 24 18 14 10 13 21 16 17 3 19 9 12 23 0 20 1 4 28 2 25 8 11 5 27
1722
18 24 6 22 15 26 7 27 11 5 8 25 2 28 4 0 23 12 20 1 19 9 3 17 13 16 21 10 14
1730
19 3 17 16 21 13 10 14 18 24 6 22 15 26 7 27 11 5 8 4 25 2 28 1 20 0 23 12 9
1699
4 1 20 19 9 3 17 13 16 21 10 14 18 24 6 12 15 26 22 7 23 0 27 5 11 8 25 2 28
1764
2 25 8 11 5 27 0 23 7 26 22 6 15 12 24 18 14 10 21 16 13 17 3 9 19 20 1 4 28
1766
4 28 2 25 8 11 5 27 0 23 7 22 26 15 12 6 24 18 14 10 21 16 13 17 3 9 19 20 1
1764
12 23 0 27 7 26 15 22 6 24 18 14 10 21 16 13 17 3 9 19 1 28 2 25 8 11 5 4 20
1684
7 26 15 22 6 24 18 14 10 13 21 16 17 3 9 19 1 28 2 25 8 11 5 4 20 12 23 0 27
1699
1 4 28 2 25 8 11 5 27 0 20 23 7 22 26 15 12 6 24 18 14 10 13 21 16 17 3 9 19
1804
20 1 28 2 25 8 4 5 11 27 0 23 7 26 22 6 15 12 18 24 14 10 13 21 16 17 3 9 19
1761
10 24 6 22 15 18 14 3 12 9 20 23 26 7 0 27 5 11 8 4 25 2 28 1 19 17 13 16 21
1791
24 6 22 15 26 7 27 11 5 0 23 12 20 4 8 25 2 28 1 19 9 3 17 16 21 13 10 14 18
1719
27 11 5 8 25 2 28 4 1 20 19 9 3 17 13 16 21 10 14 18 24 6 12 15 26 22 7 23 0
1771
25 2 28 4 1 19 9 3 17 16 21 13 10 14 18 24 6 22 15 26 7 23 12 20 0 27 5 11 8
1706
9 19 1 28 2 25 8 11 5 4 20 12 23 0 27 7 26 15 22 6 24 18 14 10 21 16 13 17 3
1684
8 25 2 28 4 1 20 19 9 3 17 16 21 13 10 14 6 24 18 12 15 26 22 7 23 0 27 5 11
1794
16 17 19 9 12 23 0 20 1 28 2 25 4 8 11 5 27 7 26 22 15 3 14 18 24 6 10 13 21
1787
24 18 15 26 22 7 27 5 11 8 25 2 28 4 1 20 0 23 12 9 19 3 14 17 13 16 21 10 6
1739
21 13 10 14 18 3 24 6 22 15 26 7 27 5 11 8 4 25 2 28 1 20 0 23 12 9 19 17 16
1779
4 1 20 19 9 3 17 13 16 21 10 14 18 24 6 12 15 26 22 7 23 0 27 5 11 8 25 2 28
1764
6 24 18 14 10 13 21 16 17 3 19 9 12 23 0 20 1 4 28 2 25 8 5 11 27 7 26 15 22
1729
26 7 27 0 23 12 20 5 11 8 25 2 28 4 1 19 9 3 17 13 16 21 10 14 18 24 6 22 15
1716
25 8 11 5 27 0 23 7 26 22 15 12 6 24 18 14 10 13 21 16 17 3 9 19 20 1 4 28 2
1777
25 2 28 4 1 20 19 9 3 17 13 16 21 10 14 18 24 6 12 15 22 26 7 23 0 27 5 11 8
1762
12 20 4 5 11 8 25 2 28 1 19 9 3 17 13 16 21 10 14 18 24 6 22 15 26 7 27 0 23
1684
7 26 15 22 6 24 18 14 10 13 21 16 17 3 19 9 12 23 0 20 1 28 2 25 4 8 11 5 27
1692
22 7 27 5 11 8 25 2 28 4 1 20 0 23 12 19 9 3 17 13 16 21 10 14 18 24 6 15 26
1744
26 7 27 11 5 8 25 2 28 4 1 20 0 23 12 9 19 3 17 16 21 13 10 14 18 24 6 22 15
1729
1 20 0 27 11 5 4 8 25 2 28 19 9 3 17 13 16 21 10 14 18 24 6 22 15 26 7 23 12
1706
26 7 27 11 8 25 2 28 4 5 0 23 12 20 1 19 9 3 17 16 21 13 10 14 18 24 6 22 15
1736
1 12 23 7 26 15 22 6 24 18 14 10 21 16 13 17 3 9 19 2 28 25 4 8 11 5 27 0 20
1702
8 11 5 27 0 23 7 26 22 6 15 12 24 18 14 10 21 16 13 17 3 9 19 20 1 4 28 2 25
1766
2 25 8 11 5 27 0 23 7 22 26 15 12 6 24 18 14 10 21 16 13 17 3 9 19 20 1 4 28
1764
10 6 24 18 14 3 15 22 26 7 27 5 11 8 4 25 2 28 1 20 0 23 12 9 19 17 13 16 21
1772
17 16 21 13 10 14 18 24 6 22 15 26 7 27 11 5 8 4 25 2 28 1 20 0 23 12 3 9 19
1718
2 25 8 11 5 27 0 20 23 7 26 22 6 15 12 18 24 14 10 21 16 13 17 3 9 19 1 4 28
1793
19 1 4 28 2 25 8 11 5 27 0 7 22 26 15 23 20 9 12 3 18 6 24 14 10 13 21 16 17
1923
19 3 17 13 16 21 10 14 18 24 6 22 15 26 7 27 5 11 8 25 2 28 4 1 20 0 23 12 9
1707
17 16 21 13 10 14 3 18 24 6 22 15 26 7 27 5 11 8 25 2 28 4 1 20 0 23 12 9 19
1736
21 13 10 14 24 18 3 12 9 20 23 15 6 22 26 7 0 27 11 5 4 8 25 2 28 1 19 17 16
1891
7 26 15 22 6 24 18 14 10 21 16 13 17 3 9 19 12 23 0 20 1 4 28 2 25 8 11 5 27
1706
20 4 5 0 27 11 8 25 2 28 12 23 7 26 15 22 6 24 18 14 10 21 16 13 17 3 9 19 1
1746
12 9 19 3 17 13 16 21 10 14 18 24 6 22 15 26 7 27 5 11 8 25 2 28 4 1 20 0 23
1707
14 10 21 16 13 17 3 9 19 1 28 2 25 4 8 11 5 20 12 23 0 27 7 26 15 22 6 24 18
1686
9 19 3 17 16 21 13 10 14 18 24 6 22 15 26 7 27 5 11 8 25 2 28 4 1 20 0 23 12
1722
28 2 25 8 11 5 27 0 23 7 26 22 6 15 12 24 18 14 10 21 16 13 17 3 9 19 20 1 4
1766
0 27 5 11 8 25 2 28 4 1 20 19 9 3 17 16 21 13 10 14 18 24 6 12 15 26 22 7 23
1779
22 26 15 6 24 18 14 10 13 21 16 17 3 9 19 1 28 2 25 8 4 20 12 23 0 5 11 27 7
1757
14 10 21 16 13 17 3 19 9 12 23 0 20 1 28 2 25 4 8 11 5 27 7 26 15 22 6 24 18
1677
26 15 22 6 24 18 14 10 21 16 13 17 3 19 9 12 23 0 20 1 4 28 2 25 8 11 5 27 7
1707
1 28 2 25 8 4 5 11 27 0 23 7 22 26 15 12 6 24 18 14 10 21 16 13 17 3 9 19 20
1742
27 0 23 7 22 26 15 12 6 24 18 14 10 21 16 13 17 3 9 19 20 1 4 28 2 25 8 11 5
1764
21 13 10 6 24 18 14 3 12 9 20 23 15 26 22 7 0 27 11 5 4 8 25 2 28 1 19 17 16
1841
3 17 16 21 13 10 14 18 24 6 22 15 26 7 27 11 5 0 23 12 20 4 8 25 2 28 1 19 9
1719
8 25 2 28 4 1 20 19 9 3 17 16 21 13 10 14 18 24 6 12 15 22 26 7 23 0 27 5 11
1777
12 23 0 20 1 4 28 2 25 8 11 5 27 7 26 15 22 6 24 18 14 10 21 16 13 17 3 19 9
1707
1 12 23 7 26 15 22 6 24 18 14 10 21 16 13 17 3 9 19 28 2 25 8 4 5 11 27 0 20
1706
3 9 19 1 20 4 28 2 25 8 11 5 27 0 12 23 7 26 15 22 6 24 18 14 10 21 16 13 17
1653
9 12 23 0 20 1 28 2 25 4 8 11 5 27 7 26 15 22 6 24 18 14 10 21 16 13 17 3 19
1677
9 12 23 0 20 1 4 28 2 25 8 5 11 27 7 26 15 22 6 24 18 14 10 21 16 13 17 3 19
1714
17 16 21 13 10 24 6 22 23 0 20 1 4 28 2 25 8 11 5 27 7 26 15 18 14 3 12 9 19
1777
4 1 19 9 3 17 16 21 13 10 14 18 24 6 22 15 26 7 23 12 20 0 27 5 11 8 25 2 28
1706
10 6 24 18 14 3 12 9 20 23 15 26 22 7 0 27 5 11 8 4 25 2 28 1 19 17 13 16 21
1818
19 3 17 13 16 21 10 14 18 24 6 22 15 26 7 27 11 5 8 25 2 28 4 1 20 0 23 12 9
1714
6 22 15 26 7 27 5 11 8 25 2 28 4 1 20 0 23 12 9 19 3 17 13 16 21 10 14 18 24
1707
5 8 4 25 2 28 1 20 19 9 3 17 13 16 21 10 14 18 24 6 12 15 26 22 7 23 0 27 11
1741
17 19 1 28 2 25 8 11 27 0 5 4 20 9 12 23 7 26 22 6 15 3 18 24 14 10 13 21 16
1913
28 2 25 8 11 5 27 0 23 7 22 26 15 12 18 24 6 14 10 21 16 13 17 3 9 19 20 1 4
1779
14 10 13 21 16 17 3 19 9 12 23 0 20 1 4 28 2 25 8 11 5 27 7 26 15 22 6 24 18
1722
7 27 5 11 8 25 2 28 4 1 20 0 23 12 9 19 3 17 13 16 21 10 14 18 24 6 22 15 26
1707
20 23 7 22 26 15 12 6 24 18 14 10 21 16 13 17 3 9 19 1 28 2 25 8 4 5 11 27 0
1767
2 28 4 1 20 19 9 3 17 13 16 21 10 14 18 24 6 22 15 12 26 7 23 0 27 5 11 8 25
1710
27 0 20 23 7 22 26 15 12 6 24 18 14 10 21 16 13 17 3 9 19 1 28 2 25 4 8 5 11
1766
24 18 15 6 22 26 7 27 5 11 8 25 2 28 4 1 20 0 23 12 9 19 3 14 17 13 16 21 10
1740
20 23 7 26 22 15 12 6 24 18 14 10 13 21 16 17 3 9 19 1 28 2 25 8 11 27 0 5 4
1812
19 17 13 16 21 10 24 6 22 26 7 27 11 5 8 25 2 28 4 1 20 0 23 15 18 14 3 12 9
1736
10 21 16 13 17 19 1 28 2 25 8 4 5 11 27 0 7 22 26 15 23 20 9 12 3 14 18 24 6
1826
18 14 10 21 16 13 17 3 9 19 1 20 4 28 2 25 8 11 5 27 0 12 23 7 26 15 22 6 24
1653
8 25 2 28 4 1 19 9 3 17 16 21 13 10 14 24 18 12 15 6 22 26 7 23 20 0 27 5 11
1808
8 11 5 27 0 23 7 22 26 15 12 6 24 18 14 10 13 21 16 17 3 9 19 20 1 4 28 2 25
1779
4 1 19 9 3 17 16 21 13 10 14 18 24 6 22 15 26 7 23 12 20 0 27 5 11 8 25 2 28
1706
8 11 5 27 0 23 7 22 26 15 12 18 24 6 14 10 13 21 16 17 3 9 19 20 1 4 28 2 25
1794
0 23 7 22 26 15 12 6 24 18 14 10 21 16 13 17 3 9 19 20 1 4 28 2 25 8 5 11 27
1771
22 7 27 11 5 8 25 2 28 4 1 20 0 23 12 9 19 3 17 13 16 21 10 14 18 24 6 15 26
1752
12 20 1 19 9 3 17 13 16 21 10 14 18 24 6 22 15 26 7 27 11 5 8 25 2 28 4 0 23
1730
20 23 7 22 26 15 12 6 24 18 14 10 21 16 13 17 3 9 19 1 28 2 25 8 11 27 0 5 4
1799
22 26 15 6 24 18 14 10 21 16 13 17 3 9 19 12 23 0 20 1 4 28 2 25 8 5 11 27 7
1751
1 28 2 25 8 4 5 11 27 0 20 12 23 7 26 15 22 6 24 18 14 10 13 21 16 17 3 9 19
1684
2 28 4 1 20 19 9 3 17 13 16 21 10 14 18 24 12 15 6 22 26 7 23 0 27 5 11 8 25
1766
17 19 9 12 23 0 20 1 4 28 2 25 8 5 11 27 7 26 15 22 6 24 18 3 14 10 13 21 16
1743
13 21 16 17 19 1 28 2 25 8 4 5 11 27 0 7 22 26 15 23 20 9 12 3 18 24 6 14 10
1902
22 26 15 6 24 18 14 10 21 16 13 17 3 9 19 12 23 0 20 1 4 28 2 25 8 11 5 27 7
1744
25 2 28 4 1 19 9 3 17 13 16 21 10 14 18 24 6 22 15 26 7 23 12 20 0 27 5 11 8
1691
22 7 27 11 8 25 2 28 4 5 0 23 12 20 1 19 9 3 17 13 16 21 10 14 18 24 6 15 26
1759
5 8 25 2 28 4 1 20 19 9 3 17 13 16 21 10 14 18 24 12 15 6 22 26 7 23 0 27 11
1773
23 12 9 19 3 17 13 16 21 10 14 18 24 6 22 15 26 7 27 5 11 8 25 2 28 4 1 20 0
1707
1 28 2 25 8 4 5 11 27 0 23 7 22 26 15 12 6 24 18 14 10 21 16 13 17 3 9 19 20
1742
12 23 7 26 15 22 6 24 18 14 10 13 21 16 17 3 9 19 1 20 4 28 2 25 8 11 5 27 0
1668
23 0 20 1 4 28 2 25 8 5 11 27 7 26 15 22 6 24 18 14 10 21 16 13 17 3 19 9 12
1714
0 23 7 22 26 15 12 6 24 18 14 10 21 16 13 17 3 9 19 20 1 4 28 2 25 8 11 5 27
1764
22 7 27 11 5 8 25 2 28 4 1 20 0 23 12 9 19 3 17 13 16 21 10 14 18 24 6 15 26
1752
15 22 6 24 18 14 10 21 16 13 17 3 19 9 12 23 0 20 1 28 2 25 4 8 11 5 27 7 26
1677
27 11 5 8 25 2 28 4 1 19 9 3 17 16 21 13 10 14 18 24 6 12 15 26 22 7 23 20 0
1811
1 28 2 25 8 11 27 0 5 4 20 23 7 22 26 15 12 6 24 18 14 10 21 16 13 17 3 9 19
1799
27 5 11 8 4 25 2 28 1 20 19 9 3 17 16 21 13 10 14 18 24 6 12 15 26 22 7 23 0
1749
16 17 19 1 28 2 25 8 11 27 7 26 23 0 5 4 20 9 12 3 14 18 15 22 6 24 10 13 21
1831
0 23 7 26 22 15 12 6 24 18 14 10 21 16 13 17 3 9 19 20 1 4 28 2 25 8 11 5 27
1762
5 8 25 2 28 4 1 19 9 3 17 13 16 21 10 14 18 24 6 22 15 26 7 23 12 20 0 27 11
1698
19 17 13 16 21 10 24 18 14 3 12 9 20 23 15 6 22 26 7 0 27 11 5 4 8 25 2 28 1
1827
23 0 5 11 27 7 26 15 22 6 24 18 14 10 21 16 13 17 3 9 19 1 28 2 25 8 4 20 12
1704
18 14 10 21 16 13 17 3 9 19 1 20 4 28 2 25 8 11 5 27 0 12 23 7 26 15 22 6 24
1653
24 18 14 10 13 21 16 17 3 19 9 12 23 0 20 1 4 28 2 25 8 5 11 27 7 26 15 22 6
1729
1 19 9 3 17 13 16 21 10 14 18 24 6 22 15 26 7 23 12 20 4 5 0 27 11 8 25 2 28
1701
15 26 7 27 11 5 8 4 25 2 28 1 20 0 23 12 9 19 3 17 13 16 21 10 14 18 24 6 22
1684
0 27 11 5 8 4 25 2 28 1 20 19 9 3 17 13 16 21 10 14 6 24 18 12 15 26 22 7 23
1756
18 14 10 21 16 13 17 3 19 9 12 23 0 20 1 28 2 25 4 8 5 11 27 7 26 15 22 6 24
1684
5 11 8 25 2 28 4 1 20 19 9 3 17 13 16 21 10 14 18 24 6 12 15 22 26 7 23 0 27
1762
2 28 4 1 20 19 9 3 17 13 16 21 10 14 18 24 6 12 15 26 22 7 23 0 27 5 11 8 25
1764
5 11 27 0 23 7 26 22 6 15 12 24 18 14 10 21 16 13 17 3 9 19 20 1 4 28 2 25 8
1773
8 11 5 27 0 20 12 23 7 26 15 22 6 24 18 14 10 21 16 13 17 3 9 19 1 4 28 2 25
1691
9 19 3 17 13 16 21 10 14 18 24 6 22 15 26 7 27 5 11 8 25 2 28 4 1 20 0 23 12
1707
19 1 28 2 25 8 11 5 4 20 12 23 0 27 7 26 15 22 6 24 18 14 10 13 21 16 17 3 9
1699
19 1 28 2 25 8 4 20 12 23 0 5 11 27 7 26 15 22 6 24 18 14 10 21 16 13 17 3 9
1704
22 7 27 0 23 12 20 4 5 11 8 25 2 28 1 19 9 3 17 16 21 13 10 14 18 24 6 15 26
1737
25 2 28 4 1 20 19 9 3 17 13 16 21 10 14 18 24 12 15 6 22 26 7 23 0 27 5 11 8
1766
24 6 10 21 16 13 17 14 3 19 9 12 23 0 20 1 4 28 2 25 8 5 11 27 7 22 26 15 18
1746
18 24 6 22 15 26 7 27 11 5 8 25 2 28 4 1 20 0 23 12 9 19 3 17 13 16 21 10 14
1714
23 0 20 1 4 28 2 25 8 5 11 27 7 26 15 22 6 24 18 14 10 21 16 13 17 3 19 9 12
1714
14 10 13 21 16 17 3 9 19 1 20 12 23 0 4 28 2 25 8 5 11 27 7 26 15 22 6 24 18
1745
13 21 16 17 19 9 12 23 0 20 1 28 2 25 4 8 5 11 27 7 26 22 6 15 3 18 24 14 10
1846
18 24 6 22 15 26 7 27 11 5 8 25 2 28 4 1 20 0 23 12 9 19 3 17 13 16 21 10 14
1714
8 25 2 28 4 1 19 9 3 17 13 16 21 10 14 18 24 6 22 15 26 7 23 12 20 0 27 5 11
1691
22 7 27 0 23 12 20 5 11 4 8 25 2 28 1 19 9 3 17 13 16 21 10 14 18 24 6 15 26
1750
19 9 12 23 0 20 1 4 28 2 25 8 11 5 27 7 22 26 15 3 14 18 24 6 10 21 16 13 17
1804
22 7 27 11 5 8 25 2 28 4 1 20 0 23 12 19 9 3 17 16 21 13 10 14 18 24 6 15 26
1766
23 12 9 19 3 17 16 21 13 10 14 18 24 6 22 15 26 7 27 5 11 8 25 2 28 4 1 20 0
1722
20 19 9 3 17 16 21 13 10 14 18 24 12 15 6 22 26 7 23 0 27 11 5 4 8 25 2 28 1
1759
21 13 10 6 24 18 14 3 15 22 26 7 27 11 5 8 25 2 28 4 1 20 0 23 12 9 19 17 16
1824
26 15 22 6 24 18 14 10 21 16 13 17 3 19 9 12 23 0 20 1 4 28 2 25 8 5 11 27 7
1714
2 25 8 11 5 27 0 20 23 7 22 26 15 12 18 6 24 14 10 13 21 16 17 3 9 19 1 4 28
1818
4 28 2 25 8 11 5 27 0 23 7 26 22 6 15 12 24 18 14 10 13 21 16 17 3 9 19 20 1
1781
13 10 14 18 24 6 22 15 26 7 27 11 5 8 25 2 28 4 1 20 0 23 12 3 9 19 17 16 21
1748
12 23 7 26 15 22 6 24 18 14 10 21 16 13 17 3 9 19 1 20 4 28 2 25 8 11 5 27 0
1653
9 19 3 17 13 16 21 10 14 18 24 6 22 15 26 7 27 5 11 8 25 2 28 4 1 20 0 23 12
1707
24 18 14 10 13 21 16 17 3 9 19 1 20 4 28 2 25 8 11 5 27 0 12 23 7 26 15 22 6
1668
10 21 16 13 17 19 1 28 2 25 8 4 5 11 27 0 7 26 23 20 9 12 3 14 18 15 22 6 24
1799
6 22 15 26 7 23 12 0 27 5 11 8 25 2 28 4 20 1 19 9 3 17 13 16 21 10 14 18 24
1653
4 1 20 19 9 3 17 13 16 21 10 14 24 18 12 15 6 22 26 7 23 0 27 5 11 8 25 2 28
1768
20 19 9 3 17 13 16 21 10 14 18 24 6 12 15 22 26 7 23 0 27 5 11 8 25 2 28 4 1
1762
23 12 9 19 3 17 13 16 21 10 14 18 24 6 22 15 26 7 27 11 5 8 4 25 2 28 1 20 0
1684
25 8 11 5 27 0 20 23 7 22 26 15 12 18 6 24 14 10 21 16 13 17 3 9 19 1 4 28 2
1803
11 5 27 0 23 7 26 22 6 15 12 18 24 14 10 21 16 13 17 3 9 19 20 1 4 28 2 25 8
1768
27 11 5 8 25 2 28 4 1 20 19 9 3 17 13 16 21 10 14 18 24 6 12 15 26 22 7 23 0
1771
24 6 22 15 26 7 27 5 11 8 4 25 2 28 1 20 0 23 12 9 19 3 17 13 16 21 10 14 18
1677
17 19 1 28 2 25 4 8 11 5 27 0 7 22 26 15 23 20 9 12 3 18 24 6 14 10 13 21 16
1894
18 24 6 22 15 26 7 27 5 11 8 25 2 28 4 1 20 0 23 12 9 19 3 17 16 21 13 10 14
1722
2 25 8 11 5 27 0 23 7 22 26 15 12 6 24 18 14 10 13 21 16 17 3 9 19 20 1 4 28
1779
24 18 14 10 13 21 16 17 3 19 9 12 23 0 20 1 4 28 2 25 8 5 11 27 7 26 15 22 6
1729
4 1 20 19 9 3 17 16 21 13 10 14 18 24 6 12 15 26 22 7 23 0 27 5 11 8 25 2 28
1779
5 27 0 20 23 7 26 22 15 12 6 24 18 14 10 21 16 13 17 3 9 19 1 4 28 2 25 8 11
1787
22 7 27 0 23 12 20 5 11 4 8 25 2 28 1 19 9 3 17 13 16 21 10 14 18 24 6 15 26
1750
13 10 14 18 24 6 22 15 26 7 27 5 11 8 25 2 28 4 1 20 0 23 12 3 9 19 17 16 21
1741
7 26 15 22 6 24 18 14 10 13 21 16 17 3 9 19 12 23 0 20 1 4 28 2 25 8 11 5 27
1721
25 2 28 4 1 20 19 9 3 17 13 16 21 10 14 24 6 18 12 15 26 22 7 23 0 27 5 11 8
1778
16 21 13 10 14 3 18 24 6 22 15 26 7 27 5 11 8 25 2 28 4 1 20 0 23 12 9 19 17
1736
23 12 20 5 11 4 8 25 2 28 1 19 9 3 17 16 21 13 10 14 18 24 6 22 15 26 7 27 0
1727
24 6 22 15 26 7 27 5 11 8 25 2 28 4 1 20 0 23 12 9 19 3 17 13 16 21 10 14 18
1707
19 17 16 21 13 10 6 24 18 14 3 15 26 22 7 23 12 9 20 4 5 0 27 11 8 25 2 28 1
1863
16 17 19 9 12 23 0 20 1 4 28 2 25 8 5 11 27 7 26 15 22 6 24 18 3 14 10 13 21
1743
26 7 27 11 5 8 4 25 2 28 1 20 0 23 12 9 19 3 17 13 16 21 10 14 18 24 6 22 15
1684
26 7 27 11 5 8 25 2 28 4 1 20 0 23 12 9 19 3 17 13 16 21 10 14 18 24 6 22 15
1714
3 19 9 12 23 0 20 1 4 28 2 25 8 5 11 27 7 26 15 22 6 24 18 14 10 13 21 16 17
1729
14 10 21 16 13 17 3 19 9 12 23 0 20 1 4 28 2 25 8 5 11 27 7 26 15 22 6 24 18
1714
0 23 7 26 22 15 12 6 24 18 14 10 13 21 16 17 3 9 19 20 1 28 2 25 4 8 11 5 27
1747
12 0 27 5 11 8 25 2 28 4 20 1 19 9 3 17 13 16 21 10 14 18 24 6 22 15 26 7 23
1653
17 19 1 28 2 25 4 8 11 5 27 0 7 22 26 15 23 20 9 12 3 14 18 24 6 10 13 21 16
1833
28 2 25 8 11 5 27 0 23 7 22 26 15 12 18 6 24 14 10 21 16 13 17 3 9 19 20 1 4
1778
2 25 8 11 5 27 0 20 12 23 7 26 15 22 6 24 18 14 10 21 16 13 17 3 9 19 1 4 28
1691
4 28 2 25 8 11 5 27 0 20 12 23 7 26 15 22 6 24 18 14 10 13 21 16 17 3 9 19 1
1706
11 5 8 25 2 28 4 1 20 19 9 3 17 13 16 21 10 14 18 24 12 15 6 22 26 7 23 0 27
1773
17 19 1 28 2 25 8 4 5 11 27 0 7 26 22 6 15 23 20 9 12 3 18 24 14 10 13 21 16
1891
1 28 2 25 8 11 27 0 5 4 20 23 7 26 22 15 12 6 24 18 14 10 13 21 16 17 3 9 19
1812
19 17 16 21 13 10 6 24 18 14 3 12 9 20 23 15 26 22 7 0 27 11 5 4 8 25 2 28 1
1841
23 12 20 4 5 11 8 25 2 28 1 19 9 3 17 13 16 21 10 14 18 24 6 22 15 26 7 27 0
1684
17 16 21 13 10 14 6 24 18 3 12 9 20 23 15 26 22 7 0 27 5 11 8 4 25 2 28 1 19
1894
10 21 16 13 17 19 1 28 2 25 8 4 5 11 27 0 7 26 23 20 9 12 3 14 18 15 22 6 24
1799
10 24 6 22 15 18 14 3 12 9 20 23 26 7 0 27 11 5 4 8 25 2 28 1 19 17 13 16 21
1799
14 18 24 6 22 15 26 7 27 5 11 8 25 2 28 4 1 20 0 23 12 9 19 3 17 16 21 13 10
1722
0 27 5 11 8 25 2 28 4 1 20 19 9 3 17 16 21 13 10 14 18 24 6 12 15 26 22 7 23
1779
11 8 25 2 28 4 1 20 19 9 3 17 16 21 13 10 14 24 18 12 15 6 22 26 7 23 0 27 5
1783
8 25 2 28 4 1 20 19 9 3 17 13 16 21 10 14 6 24 18 12 15 26 22 7 23 0 27 5 11
1779
8 11 5 27 0 23 7 22 26 15 12 6 24 18 14 10 21 16 13 17 3 9 19 20 1 4 28 2 25
1764
3 17 13 16 21 10 14 18 24 6 22 15 26 7 27 5 11 8 4 25 2 28 1 20 0 23 12 9 19
1677
19 17 13 16 21 10 24 6 22 26 7 27 11 5 8 25 2 28 4 1 20 0 23 15 18 14 3 12 9
1736
11 27 0 20 23 7 26 22 15 12 6 24 18 14 10 13 21 16 17 3 9 19 1 4 28 2 25 8 5
1809
19 9 12 23 0 20 1 4 28 2 25 8 5 11 27 7 26 15 22 6 24 18 14 10 21 16 13 17 3
1714
7 26 15 22 6 24 18 14 10 21 16 13 17 3 9 19 12 23 0 20 1 4 28 2 25 8 5 11 27
1713
27 5 11 8 4 25 2 28 1 20 19 9 3 17 13 16 21 10 14 24 6 18 12 15 26 22 7 23 0
1748
27 11 5 8 25 2 28 4 1 20 19 9 3 17 13 16 21 10 14 18 24 12 15 6 22 26 7 23 0
1773
25 8 11 5 27 0 23 7 26 22 6 15 12 18 24 14 10 21 16 13 17 3 9 19 20 1 4 28 2
1768
11 5 27 0 23 7 22 26 15 12 6 24 18 14 10 13 21 16 17 3 9 19 20 1 4 28 2 25 8
1779
1 20 19 9 3 17 16 21 13 10 14 18 24 6 12 15 22 26 7 23 0 27 5 11 8 4 25 2 28
1747
27 5 11 8 25 2 28 4 1 19 9 3 17 13 16 21 10 14 18 24 6 22 15 26 7 23 12 20 0
1691
11 5 27 0 20 23 7 26 22 15 12 6 24 18 14 10 13 21 16 17 3 9 19 1 4 28 2 25 8
1802
23 12 20 1 19 9 3 17 13 16 21 10 14 18 24 6 22 15 26 7 27 11 8 25 2 28 4 5 0
1721
23 0 20 1 4 28 2 25 8 5 11 27 7 26 15 22 6 24 18 14 10 21 16 13 17 3 19 9 12
1714
0 20 1 9 12 23 7 26 15 22 6 24 18 14 10 13 21 16 17 3 19 28 2 25 4 8 11 5 27
1738
21 16 17 19 9 12 23 0 20 1 4 28 2 25 8 5 11 27 7 22 26 15 3 14 18 24 6 10 13
1826
1 20 19 9 3 17 13 16 21 10 14 18 24 6 12 15 26 22 7 23 0 27 11 5 4 8 25 2 28
1742
19 9 12 23 0 20 1 4 28 2 25 8 5 11 27 7 26 15 22 6 24 18 14 10 21 16 13 17 3
1714
27 11 5 8 25 2 28 4 1 20 19 9 3 17 16 21 13 10 14 18 24 6 12 15 26 22 7 23 0
1786
6 22 15 26 7 23 12 0 27 5 11 8 25 2 28 4 20 1 19 9 3 17 13 16 21 10 14 18 24
1653
25 2 28 4 1 19 9 3 17 13 16 21 10 14 18 24 6 22 15 26 7 23 12 20 0 27 5 11 8
1691
25 2 28 4 1 20 19 9 3 17 13 16 21 10 14 18 24 12 15 6 22 26 7 23 0 27 5 11 8
1766
18 24 6 22 15 26 7 27 11 5 8 25 2 28 4 1 20 0 23 12 9 19 3 17 13 16 21 10 14
1714
3 19 9 12 23 0 20 1 4 28 2 25 8 5 11 27 7 26 15 22 6 24 18 14 10 21 16 13 17
1714
26 7 27 11 5 8 25 2 28 4 1 20 0 23 12 19 9 3 17 13 16 21 10 14 18 24 6 22 15
1713
26 7 27 0 23 12 20 5 11 4 8 25 2 28 1 19 9 3 17 16 21 13 10 14 18 24 6 22 15
1727
23 0 27 7 26 15 22 6 24 18 14 10 21 16 13 17 3 9 19 1 28 2 25 4 8 11 5 20 12
1686
9 12 23 0 20 1 28 2 25 4 8 11 5 27 7 22 26 15 3 14 18 24 6 10 21 16 13 17 19
1774
15 22 6 24 18 14 10 13 21 16 17 3 19 9 12 23 0 20 1 4 28 2 25 8 5 11 27 7 26
1729
12 23 0 20 1 4 28 2 25 8 5 11 27 7 26 15 22 6 24 18 14 10 21 16 13 17 3 19 9
1714
20 4 5 0 27 11 8 25 2 28 19 9 3 17 13 16 21 10 14 18 24 6 22 15 26 7 23 12 1
1738
0 27 5 11 8 25 2 28 4 1 19 9 3 17 13 16 21 10 14 18 24 6 22 15 26 7 23 12 20
1691
6 22 15 26 7 27 0 23 12 20 5 11 8 25 2 28 4 1 19 9 3 17 13 16 21 10 14 18 24
1716
20 19 9 3 17 13 16 21 10 14 6 24 18 12 15 26 22 7 23 0 27 11 5 4 8 25 2 28 1
1757
2 25 8 11 5 27 0 23 7 26 22 15 12 6 24 18 14 10 21 16 13 17 3 9 19 20 1 4 28
1762
22 7 27 11 8 25 2 28 4 5 0 23 12 20 1 19 9 3 17 13 16 21 10 14 18 24 6 15 26
1759
12 23 0 20 1 4 28 2 25 8 11 5 27 7 26 15 22 6 24 18 14 10 21 16 13 17 3 19 9
1707
23 12 9 19 3 17 16 21 13 10 14 18 24 6 22 15 26 7 27 11 5 8 25 2 28 4 1 20 0
1729
6 24 18 14 10 13 21 16 17 3 9 19 1 20 4 28 2 25 8 11 5 27 0 12 23 7 26 15 22
1668
11 27 0 23 7 22 26 15 12 18 6 24 14 10 13 21 16 17 3 9 19 20 1 4 28 2 25 8 5
1800
11 5 8 25 2 28 4 1 20 19 9 3 17 16 21 13 10 14 18 24 12 15 6 22 26 7 23 0 27
1788
18 24 6 22 15 26 7 23 12 0 27 5 11 8 25 2 28 4 20 1 19 9 3 17 16 21 13 10 14
1668
26 7 27 0 23 12 20 4 5 11 8 25 2 28 1 19 9 3 17 13 16 21 10 14 18 24 6 22 15
1684
5 11 8 4 25 28 2 19 9 3 17 16 21 13 10 14 18 24 6 22 15 26 7 23 12 1 20 0 27
1717
19 1 4 28 2 25 8 11 5 20 12 23 0 27 7 26 15 22 6 24 18 14 10 13 21 16 17 3 9
1731
27 0 23 7 22 26 15 12 6 24 18 14 10 13 21 16 17 3 9 19 20 1 4 28 2 25 8 11 5
1779
23 0 5 4 28 2 25 8 11 27 7 26 15 22 6 24 18 14 10 13 21 16 17 3 9 19 1 20 12
1736
9 3 17 16 21 13 10 14 18 24 6 22 15 26 7 23 12 0 27 5 11 8 25 2 28 4 20 1 19
1668
15 26 7 27 11 5 0 23 12 20 4 8 25 2 28 1 19 9 3 17 16 21 13 10 14 18 24 6 22
1719
6 24 18 14 10 21 16 13 17 3 19 9 12 23 0 20 1 4 28 2 25 8 5 11 27 7 26 15 22
1714
23 12 9 19 3 17 13 16 21 10 14 18 24 6 22 15 26 7 27 11 5 8 25 2 28 4 1 20 0
1714
14 10 21 16 13 17 3 9 19 1 4 28 2 25 8 11 5 20 12 23 0 27 7 26 15 22 6 24 18
1716
0 27 11 5 8 25 2 28 4 1 19 9 3 17 13 16 21 10 14 6 24 18 12 15 26 22 7 23 20
1811
7 27 11 5 8 4 25 2 28 1 20 0 23 12 9 19 3 17 13 16 21 10 14 18 24 6 22 15 26
1684
11 27 0 20 12 23 7 26 15 22 6 24 18 14 10 21 16 13 17 3 9 19 1 4 28 2 25 8 5
1698
8 25 2 28 4 1 20 19 9 3 17 13 16 21 10 14 18 24 6 12 15 26 22 7 23 0 27 5 11
1764
7 26 15 22 6 24 18 14 10 21 16 13 17 3 9 19 1 28 2 25 8 4 11 5 20 12 23 0 27
1712
5 8 25 2 28 4 1 20 19 9 3 17 13 16 21 10 14 18 24 6 12 15 22 26 7 23 0 27 11
1769
0 23 7 22 26 15 12 6 24 18 14 10 13 21 16 17 3 9 19 20 1 4 28 2 25 8 11 5 27
1779
25 8 11 5 27 0 23 7 26 22 6 15 12 24 18 14 10 21 16 13 17 3 9 19 20 1 4 28 2
1766
12 20 5 11 4 8 25 2 28 1 19 9 3 17 13 16 21 10 14 18 24 6 22 15 26 7 27 0 23
1712
15 26 7 27 0 23 12 20 4 5 11 8 25 2 28 1 19 9 3 17 16 21 13 10 14 18 24 6 22
1699
4 28 2 25 8 11 5 27 0 23 7 22 26 15 12 18 24 6 14 10 21 16 13 17 3 9 19 20 1
1779
17 16 21 13 10 14 18 24 6 22 15 26 7 27 11 5 8 25 2 28 4 1 20 0 23 12 3 9 19
1748
16 21 13 10 24 6 22 15 18 14 3 12 9 20 23 26 7 0 27 11 5 4 8 25 2 28 1 19 17
1814
9 19 1 20 4 28 2 25 8 11 5 27 0 12 23 7 26 15 22 6 24 18 14 10 21 16 13 17 3
1653
18 24 6 22 15 26 7 27 5 11 8 4 25 2 28 1 20 0 23 12 9 19 3 17 13 16 21 10 14
1677
6 24 18 14 10 13 21 16 17 3 9 19 1 20 4 28 2 25 8 11 5 27 0 12 23 7 26 15 22
1668
9 19 17 16 21 13 10 14 18 24 6 22 15 26 7 27 5 11 8 25 2 28 4 1 20 0 23 12 3
1741
8 11 5 27 0 20 23 7 22 26 15 12 18 6 24 14 10 13 21 16 17 3 9 19 1 4 28 2 25
1818
5 11 8 25 2 28 4 1 20 19 9 3 17 13 16 21 10 14 18 24 6 12 15 22 26 7 23 0 27
1762
16 17 19 1 28 2 25 8 11 27 0 5 4 20 9 12 3 14 18 23 7 26 15 22 6 24 10 13 21
1849
8 11 5 27 0 23 7 22 26 15 12 6 24 18 14 10 13 21 16 17 3 9 19 20 1 4 28 2 25
1779
22 7 27 5 11 8 4 25 2 28 1 20 0 23 12 19 9 3 17 13 16 21 10 14 18 24 6 15 26
1714
22 26 15 6 24 18 14 10 21 16 13 17 3 9 19 12 23 0 20 1 28 2 25 4 8 11 5 27 7
1714
3 9 19 1 4 28 2 25 8 11 5 20 12 23 0 27 7 26 15 22 6 24 18 14 10 13 21 16 17
1731
24 18 15 26 22 7 27 11 5 8 25 2 28 4 1 20 0 23 12 9 19 3 14 17 13 16 21 10 6
1746
24 18 15 26 22 7 27 0 23 12 20 4 5 11 8 25 2 28 1 19 9 3 14 17 13 16 21 10 6
1716
1 28 2 25 8 4 5 11 27 0 23 7 22 26 15 12 6 24 18 14 10 13 21 16 17 3 9 19 20
1757
3 9 19 1 20 12 23 0 5 4 28 2 25 8 11 27 7 26 15 22 6 24 18 14 10 21 16 13 17
1721
2 28 4 1 19 9 3 17 16 21 13 10 14 18 24 6 12 15 22 26 7 23 20 0 27 5 11 8 25
1802
23 12 9 19 3 17 13 16 21 10 14 18 24 6 22 15 26 7 27 5 11 8 25 2 28 4 1 20 0
1707
2 28 4 1 19 9 3 17 13 16 21 10 14 18 24 6 22 15 26 7 23 12 20 0 27 5 11 8 25
1691
24 18 14 10 21 16 13 17 3 9 19 1 28 2 25 8 4 11 5 20 12 23 0 27 7 26 15 22 6
1712
13 21 16 17 19 9 12 23 0 20 1 4 28 2 25 8 5 11 27 7 26 22 6 15 3 14 18 24 10
1827
20 12 23 7 26 15 22 6 24 18 14 10 13 21 16 17 3 9 19 1 28 2 25 8 11 27 0 5 4
1716
4 28 2 25 8 11 5 27 0 23 7 22 26 15 12 6 24 18 14 10 13 21 16 17 3 9 19 20 1
1779
17 19 9 3 12 23 0 20 1 28 2 25 4 8 11 5 27 7 26 15 22 6 24 18 14 10 13 21 16
1711
12 0 27 5 11 8 25 2 28 4 20 1 19 9 3 17 13 16 21 10 14 18 24 6 22 15 26 7 23
1653
25 2 28 4 1 19 9 3 17 16 21 13 10 14 18 24 6 12 15 26 22 7 23 20 0 27 5 11 8
1804
27 0 23 7 22 26 15 12 6 24 18 14 10 21 16 13 17 3 9 19 20 1 4 28 2 25 8 11 5
1764
8 25 2 28 4 1 19 9 3 17 13 16 21 10 14 24 18 12 15 6 22 26 7 23 20 0 27 5 11
1793
25 2 28 4 1 19 9 3 17 13 16 21 10 14 18 24 6 12 15 26 22 7 23 20 0 27 5 11 8
1789
12 0 27 5 11 8 25 2 28 4 20 1 19 9 3 17 13 16 21 10 14 18 24 6 22 15 26 7 23
1653
8 25 2 28 4 1 19 9 3 17 13 16 21 10 14 18 24 6 12 15 26 22 7 23 20 0 27 5 11
1789
8 4 25 2 28 9 12 23 7 26 15 22 6 24 18 14 10 21 16 13 17 3 19 1 20 0 27 5 11
1728
5 27 0 23 7 22 26 15 12 6 24 18 14 10 21 16 13 17 3 9 19 20 1 4 28 2 25 8 11
1764
25 2 28 4 1 20 19 9 3 17 13 16 21 10 14 18 24 12 15 6 22 26 7 23 0 27 5 11 8
1766
28 4 1 19 9 3 17 16 21 13 10 14 18 24 6 22 15 26 7 23 12 20 0 27 5 11 8 25 2
1706
18 24 6 22 15 26 7 27 11 5 8 25 2 28 4 1 20 0 23 12 9 19 3 17 13 16 21 10 14
1714
25 2 28 4 1 19 9 3 17 16 21 13 10 14 18 24 6 12 15 26 22 7 23 20 0 27 5 11 8
1804
1 28 2 25 4 8 11 5 27 0 23 7 22 26 15 12 6 24 18 14 10 21 16 13 17 3 9 19 20
1734
16 17 19 1 28 2 25 8 11 27 7 22 26 15 23 0 5 4 20 9 12 3 14 18 24 6 10 13 21
1858
24 10 21 16 13 17 14 3 9 19 1 28 2 25 8 11 5 4 20 12 23 0 27 7 26 22 6 15 18
1717
5 27 0 20 12 23 7 26 15 22 6 24 18 14 10 21 16 13 17 3 9 19 1 4 28 2 25 8 11
1691
7 26 15 22 6 24 18 14 10 21 16 13 17 3 19 9 12 23 0 20 1 4 28 2 25 8 5 11 27
1714
11 8 4 25 2 28 1 19 9 3 17 13 16 21 10 14 18 24 6 12 15 26 22 7 23 20 0 27 5
1759
11 5 8 25 2 28 4 1 19 9 3 17 13 16 21 10 14 24 18 12 15 6 22 26 7 23 20 0 27
1800
1 19 9 3 17 13 16 21 10 14 18 24 6 22 15 26 7 23 12 20 0 27 5 11 8 25 2 28 4
1691
4 28 2 25 8 11 5 27 0 23 7 26 22 6 15 12 24 18 14 10 21 16 13 17 3 9 19 20 1
1766
25 2 28 4 1 19 9 3 17 13 16 21 10 14 18 24 6 22 15 26 7 23 12 20 0 27 5 11 8
1691
20 4 5 0 27 11 8 25 2 28 1 19 9 3 17 13 16 21 10 14 18 24 12 15 6 22 26 7 23
1801
0 23 7 22 26 15 12 6 24 18 14 10 21 16 13 17 3 9 19 20 1 4 28 2 25 8 5 11 27
1771
24 6 22 15 26 7 27 11 5 8 25 2 28 4 0 23 12 20 1 19 9 3 17 13 16 21 10 14 18
1730
14 18 24 6 22 15 26 7 27 5 11 8 4 25 2 28 1 20 0 23 12 9 19 3 17 16 21 13 10
1692
17 19 9 12 23 0 20 1 4 28 2 25 8 5 11 27 7 22 26 15 3 14 18 24 6 10 13 21 16
1826
11 5 8 4 25 2 28 9 12 23 7 26 15 22 6 24 18 14 10 21 16 13 17 3 19 1 20 0 27
1735
12 23 0 20 1 4 28 2 25 8 5 11 27 7 26 15 22 6 24 18 14 10 13 21 16 17 3 19 9
1729
8 25 2 28 4 1 20 19 9 3 17 13 16 21 10 14 18 24 6 12 15 22 26 7 23 0 27 5 11
1762
7 26 15 22 6 24 18 14 10 21 16 13 17 3 9 19 12 23 0 20 1 28 2 25 4 8 11 5 27
1676
27 0 20 1 12 23 7 26 15 22 6 24 18 14 10 21 16 13 17 3 9 19 28 2 25 4 8 11 5
1698
13 21 16 17 19 9 12 3 14 18 15 23 0 20 1 4 28 2 25 8 5 11 27 7 26 22 6 24 10
1751
4 1 20 19 9 3 17 13 16 21 10 14 6 24 18 12 15 26 22 7 23 0 27 5 11 8 25 2 28
1779
8 25 2 28 4 1 19 9 3 17 13 16 21 10 14 24 6 18 12 15 26 22 7 23 20 0 27 5 11
1803
20 4 5 0 27 11 8 25 2 28 1 19 9 3 17 13 16 21 10 14 18 24 6 22 15 26 7 23 12
1701
7 27 11 5 8 25 2 28 4 1 20 0 23 12 9 19 3 17 13 16 21 10 14 18 24 6 22 15 26
1714
18 14 10 21 16 13 17 3 9 19 1 20 12 23 0 4 28 2 25 8 5 11 27 7 26 15 22 6 24
1730
11 5 8 25 2 28 4 1 19 9 3 17 13 16 21 10 14 18 24 6 12 15 26 22 7 23 20 0 27
1796
19 9 12 23 0 20 1 4 28 2 25 8 5 11 27 7 26 15 22 6 24 18 14 10 21 16 13 17 3
1714
18 24 6 22 15 26 7 27 11 5 8 4 25 2 28 1 20 0 23 12 9 19 3 17 13 16 21 10 14
1684
21 16 17 19 1 28 2 25 8 4 5 11 27 0 7 22 26 15 23 20 9 12 3 14 18 24 6 10 13
1841
9 19 3 17 16 21 13 10 14 18 24 6 22 15 26 7 27 11 5 8 25 2 28 4 1 20 0 23 12
1729
18 24 6 22 15 26 7 27 5 11 8 4 25 2 28 1 20 0 23 12 9 19 3 17 16 21 13 10 14
1692
14 10 21 16 13 17 3 19 9 12 23 0 20 1 4 28 2 25 8 5 11 27 7 26 15 22 6 24 18
1714
22 7 27 5 11 8 4 25 2 28 1 20 0 23 12 19 9 3 17 16 21 13 10 14 18 24 6 15 26
1729
9 12 23 0 20 1 28 2 25 4 8 5 11 27 7 26 22 15 3 14 18 24 6 10 21 16 13 17 19
1779
20 1 9 3 17 16 21 13 10 14 18 24 6 22 15 26 7 23 12 19 2 28 25 8 4 5 11 27 0
1749
21 13 10 24 6 22 15 18 14 3 12 9 20 4 5 0 23 26 7 27 11 8 25 2 28 1 19 17 16
1831
8 4 25 2 28 1 20 19 9 3 17 13 16 21 10 14 18 24 6 12 15 26 22 7 23 0 27 5 11
1734
2 25 8 11 5 27 0 23 7 26 22 15 12 6 24 18 14 10 21 16 13 17 3 9 19 20 1 4 28
1762
2 28 4 1 20 19 9 3 17 13 16 21 10 14 18 24 6 22 15 12 26 7 23 0 27 5 11 8 25
1710
12 9 19 3 17 13 16 21 10 14 18 24 6 22 15 26 7 27 5 11 8 25 2 28 4 1 20 0 23
1707
1 28 2 25 4 8 11 5 27 0 23 7 22 26 15 12 6 24 18 14 10 21 16 13 17 3 9 19 20
1734
5 11 8 25 2 28 4 1 20 19 9 3 17 16 21 13 10 14 18 24 6 12 15 26 22 7 23 0 27
1779
3 17 13 16 21 10 14 18 24 6 22 15 26 7 27 11 5 8 25 2 28 4 1 20 0 23 12 9 19
1714
10 21 16 13 17 19 9 12 23 0 20 1 4 28 2 25 8 5 11 27 7 26 22 15 3 14 18 24 6
1809
10 21 16 13 17 19 9 12 23 0 20 1 4 28 2 25 8 11 5 27 7 22 26 15 3 14 18 24 6
1804
23 12 19 9 3 17 16 21 13 10 14 18 24 6 22 15 26 7 27 5 11 8 25 2 28 4 1 20 0
1721
8 25 2 28 4 1 20 19 9 3 17 16 21 13 10 14 18 24 12 15 6 22 26 7 23 0 27 5 11
1781
21 16 17 19 1 4 28 2 25 8 11 5 27 0 7 26 23 20 9 12 3 14 18 15 22 6 24 10 13
1836
25 2 28 4 1 19 9 3 17 13 16 21 10 14 24 18 12 15 6 22 26 7 23 20 0 27 5 11 8
1793
2 25 8 11 5 27 0 23 7 22 26 15 12 6 24 18 14 10 21 16 13 17 3 9 19 20 1 4 28
1764
6 24 18 14 10 21 16 13 17 3 19 9 12 23 0 20 1 28 2 25 4 8 5 11 27 7 26 15 22
1684
21 13 10 14 24 6 18 3 15 26 22 7 27 5 11 8 25 2 28 4 1 20 0 23 12 9 19 17 16
1879
15 26 7 27 11 5 8 25 2 28 4 1 20 0 23 12 9 19 3 17 13 16 21 10 14 18 24 6 22
1714
27 0 23 7 26 22 6 15 12 18 24 14 10 21 16 13 17 3 9 19 20 1 28 2 25 4 8 5 11
1745
25 8 11 5 27 0 20 23 7 22 26 15 12 6 24 18 14 10 21 16 13 17 3 9 19 1 4 28 2
1789
24 18 14 10 13 21 16 17 3 19 9 12 23 0 20 1 28 2 25 4 8 5 11 27 7 26 15 22 6
1699
28 2 25 8 11 5 27 0 20 12 23 7 26 15 22 6 24 18 14 10 13 21 16 17 3 9 19 1 4
1706
22 26 15 6 24 18 14 10 13 21 16 17 3 9 19 12 23 0 20 1 4 28 2 25 8 11 5 27 7
1759
14 10 13 21 16 17 3 19 9 12 23 0 20 1 28 2 25 4 8 5 11 27 7 26 15 22 6 24 18
1699
19 9 12 23 0 20 1 28 2 25 4 8 5 11 27 7 26 15 22 6 24 18 14 10 13 21 16 17 3
1699
18 14 10 21 16 13 17 3 19 9 12 23 0 20 1 28 2 25 4 8 11 5 27 7 26 15 22 6 24
1677
7 26 15 22 6 24 18 14 10 21 16 13 17 3 19 9 12 23 0 20 1 28 2 25 4 8 11 5 27
1677
14 18 24 6 22 15 26 7 27 5 11 8 4 25 2 28 1 20 0 23 12 9 19 3 17 13 16 21 10
1677
2 25 8 11 5 27 0 23 7 22 26 15 12 18 24 6 14 10 13 21 16 17 3 9 19 20 1 4 28
1794
25 8 11 5 27 0 23 7 26 22 6 15 12 24 18 14 10 21 16 13 17 3 9 19 20 1 4 28 2
1766
9 3 17 13 16 21 10 14 18 24 6 22 15 26 7 27 11 5 0 23 12 20 4 8 25 2 28 1 19
1704
0 27 11 5 8 25 2 28 4 1 19 9 3 17 13 16 21 10 14 18 24 6 22 15 26 7 23 12 20
1698
24 6 10 21 16 13 17 14 3 19 9 12 23 0 20 1 4 28 2 25 8 5 11 27 7 22 26 15 18
1746
26 7 27 11 5 8 4 25 2 28 1 20 0 23 12 9 19 3 17 16 21 13 10 14 18 24 6 22 15
1699
13 21 16 17 19 9 3 12 23 0 20 1 28 2 25 4 8 11 5 27 7 26 15 22 6 24 18 14 10
1711
17 19 9 12 23 0 20 1 4 28 2 25 8 11 5 27 7 26 22 6 15 3 18 24 14 10 13 21 16
1869
7 27 0 23 12 20 5 11 4 8 25 2 28 1 19 9 3 17 16 21 13 10 14 18 24 6 22 15 26
1727
8 25 2 28 4 1 19 9 3 17 13 16 21 10 14 18 24 6 12 15 22 26 7 23 20 0 27 5 11
1787
9 12 3 14 18 24 6 10 21 16 13 17 19 1 28 2 25 8 4 5 11 27 0 7 26 22 15 23 20
1824
25 8 11 5 27 0 20 12 23 7 26 15 22 6 24 18 14 10 13 21 16 17 3 9 19 1 4 28 2
1706
5 11 8 25 2 28 4 1 20 19 9 3 17 13 16 21 10 14 18 24 12 15 6 22 26 7 23 0 27
1766
27 11 5 8 25 2 28 4 1 19 9 3 17 13 16 21 10 14 18 24 6 12 15 22 26 7 23 20 0
1794
6 22 15 26 7 23 12 0 27 5 11 8 25 2 28 4 20 1 19 9 3 17 16 21 13 10 14 18 24
1668
24 6 10 21 16 13 17 14 3 9 19 1 28 2 25 8 4 20 12 23 0 5 11 27 7 22 26 15 18
1736
17 19 1 28 2 25 8 4 5 11 27 0 7 26 23 20 9 12 3 14 18 15 22 6 24 10 13 21 16
1814
5 11 27 0 23 7 26 22 15 12 6 24 18 14 10 13 21 16 17 3 9 19 20 1 4 28 2 25 8
1784
9 12 23 0 20 1 4 28 2 25 8 5 11 27 7 26 15 22 6 24 18 14 10 21 16 13 17 3 19
1714
17 16 21 13 10 14 18 24 6 22 15 26 7 27 5 11 8 25 2 28 4 1 20 0 23 12 3 9 19
1741
13 10 14 3 18 24 6 22 15 26 7 27 11 5 8 25 2 28 4 1 20 0 23 12 9 19 17 16 21
1743
22 7 27 11 5 8 4 25 2 28 1 20 0 23 12 9 19 3 17 13 16 21 10 14 18 24 6 15 26
1722
1 20 4 5 0 27 11 8 25 28 2 19 9 3 17 13 16 21 10 14 18 24 6 22 15 26 7 23 12
1742
14 10 21 16 13 17 3 9 19 1 28 2 25 4 8 11 5 20 12 23 0 27 7 26 15 22 6 24 18
1686
20 0 27 5 11 8 25 2 28 4 1 19 9 3 17 16 21 13 10 14 6 24 18 12 15 26 22 7 23
1819
28 2 25 8 11 5 27 0 20 12 23 7 26 15 22 6 24 18 14 10 21 16 13 17 3 9 19 1 4
1691
8 25 2 28 4 1 19 9 3 17 13 16 21 10 14 18 24 6 22 15 26 7 23 12 20 0 27 5 11
1691
2 28 4 1 19 9 3 17 13 16 21 10 14 18 24 6 22 15 26 7 23 12 20 0 27 5 11 8 25
1691
26 15 22 6 24 18 14 10 21 16 13 17 3 9 19 12 23 0 20 1 28 2 25 4 8 5 11 27 7
1683
14 18 24 6 22 15 26 7 27 11 8 25 2 28 4 5 0 23 12 20 1 19 9 3 17 13 16 21 10
1721
25 2 28 4 1 20 19 9 3 17 16 21 13 10 14 18 24 6 12 15 26 22 7 23 0 27 5 11 8
1779
6 24 18 14 10 21 16 13 17 3 9 19 1 20 4 28 2 25 8 11 5 27 0 12 23 7 26 15 22
1653
1 20 19 9 3 17 13 16 21 10 14 18 24 12 15 6 22 26 7 23 0 27 5 11 8 4 25 2 28
1736
10 21 16 13 17 19 1 28 2 25 8 11 27 7 22 26 15 23 0 5 4 20 9 12 3 14 18 24 6
1843
8 25 2 28 4 1 19 9 3 17 16 21 13 10 14 24 18 12 15 6 22 26 7 23 20 0 27 5 11
1808
10 21 16 13 17 19 9 12 23 0 20 1 4 28 2 25 8 5 11 27 7 26 22 15 3 14 18 24 6
1809
27 5 11 8 25 2 28 4 1 19 9 3 17 13 16 21 10 14 24 6 18 12 15 26 22 7 23 20 0
1803
3 17 16 21 13 10 14 18 24 6 22 15 26 7 27 5 11 8 25 2 28 4 1 20 0 23 12 9 19
1722
26 15 22 6 24 18 14 10 13 21 16 17 3 19 9 12 23 0 20 1 4 28 2 25 8 5 11 27 7
1729
14 18 24 6 22 15 26 7 23 12 0 27 5 11 8 25 2 28 4 20 1 19 9 3 17 13 16 21 10
1653
10 24 6 22 23 0 20 1 4 28 2 25 8 5 11 27 7 26 15 18 14 3 12 9 19 17 13 16 21
1769
18 24 6 22 15 26 7 23 12 0 27 5 11 8 25 2 28 4 20 1 19 9 3 17 13 16 21 10 14
1653
3 19 9 12 23 0 20 1 4 28 2 25 8 11 5 27 7 26 15 22 6 24 18 14 10 21 16 13 17
1707
16 21 13 10 14 18 24 6 22 15 26 7 27 5 11 8 4 25 2 28 1 20 0 23 12 3 9 19 17
1711
23 0 20 1 4 28 2 25 8 5 11 27 7 26 15 22 6 24 18 14 10 13 21 16 17 3 19 9 12
1729
4 28 2 25 8 11 5 27 0 23 7 22 26 15 12 6 24 18 14 10 21 16 13 17 3 9 19 20 1
1764
9 12 23 0 20 1 4 28 2 25 8 11 5 27 7 26 15 22 6 24 18 14 10 21 16 13 17 3 19
1707
26 7 27 0 23 12 20 5 11 8 4 25 2 28 1 19 9 3 17 13 16 21 10 14 18 24 6 22 15
1686
28 4 1 20 19 9 3 17 13 16 21 10 14 18 24 6 12 15 26 22 7 23 0 27 5 11 8 25 2
1764
14 10 21 16 13 17 3 9 19 1 20 4 28 2 25 8 11 5 27 0 12 23 7 26 15 22 6 24 18
1653
17 19 1 28 2 25 8 11 27 0 5 4 20 9 12 3 14 18 15 23 7 26 22 6 24 10 13 21 16
1788
18 24 6 22 15 26 7 23 12 0 27 5 11 8 25 2 28 4 20 1 19 9 3 17 13 16 21 10 14
1653
12 9 19 3 17 13 16 21 10 14 18 24 6 22 15 26 7 27 5 11 8 4 25 2 28 1 20 0 23
1677
22 26 15 6 24 18 14 10 21 16 13 17 3 9 19 12 23 0 20 1 4 28 2 25 8 11 5 27 7
1744
14 18 24 6 22 15 26 7 27 11 8 25 2 28 4 5 0 23 12 20 1 19 9 3 17 13 16 21 10
1721
22 26 15 6 24 18 14 10 21 16 13 17 3 19 9 12 23 0 20 1 4 28 2 25 8 5 11 27 7
1752
1 20 19 9 3 17 13 16 21 10 14 18 24 6 12 15 22 26 7 23 0 27 11 5 4 8 25 2 28
1740
18 24 6 22 15 26 7 27 0 23 12 20 5 11 8 4 25 2 28 1 19 9 3 17 13 16 21 10 14
1686
16 21 13 10 6 24 18 14 3 12 9 20 23 15 22 26 7 0 27 11 5 4 8 25 2 28 1 19 17
1839
7 26 15 22 6 24 18 14 10 21 16 13 17 3 9 19 12 23 0 20 1 4 28 2 25 8 5 11 27
1713
24 18 15 26 22 7 27 5 11 8 25 2 28 4 1 20 0 23 12 9 19 3 14 17 13 16 21 10 6
1739
6 22 15 26 7 27 5 11 8 25 2 28 4 1 20 0 23 12 9 19 3 17 16 21 13 10 14 18 24
1722
25 8 11 5 27 0 23 7 26 22 15 12 6 24 18 14 10 21 16 13 17 3 9 19 20 1 4 28 2
1762
16 21 13 10 14 18 24 6 22 15 26 7 27 5 11 8 25 2 28 4 1 20 0 23 12 3 9 19 17
1741
