2 28 8 11 5 27 0 23 7 22 26 15 12 18 6 24 14 10 21 16 13 17 3 9 19 20 1 4 25
2234
5 27 0 23 7 22 26 15 24 6 18 12 3 14 10 13 21 16 17 9 19 20 1 2 28 25 4 8 11
2179
18 10 14 13 21 16 17 3 9 19 1 20 4 25 2 28 8 11 5 27 0 12 23 7 26 22 15 24 6
2196
9 19 17 13 16 21 10 14 18 6 24 15 22 26 7 27 5 11 8 25 2 28 4 0 20 1 23 12 3
2370
16 21 13 14 10 18 6 24 15 22 26 7 27 11 5 0 23 12 20 4 8 25 28 2 1 19 9 3 17
2243
19 9 3 17 16 21 13 14 10 18 6 24 15 26 22 7 27 5 11 8 28 2 25 4 0 23 12 20 1
2282
6 24 15 26 22 7 27 5 11 8 28 2 25 4 0 23 12 20 1 19 9 3 17 16 13 21 10 14 18
2259
8 4 11 5 27 0 7 22 26 23 15 24 6 18 12 17 16 21 13 10 14 3 9 19 20 1 2 28 25
2218
15 22 26 7 27 5 11 8 4 25 28 2 1 20 0 23 12 9 19 3 17 16 21 13 10 14 18 6 24
2151
20 12 23 0 11 8 28 2 25 4 5 27 7 22 26 15 24 6 18 10 14 13 21 16 17 3 9 19 1
2297
9 19 1 20 12 23 0 4 28 2 25 8 11 5 27 7 26 22 15 24 6 18 14 10 21 16 13 17 3
2260
20 4 25 2 28 8 11 5 27 0 12 23 7 22 26 15 24 6 18 14 10 13 21 16 17 3 9 19 1
2196
14 10 13 21 16 17 3 9 19 1 20 12 23 0 4 28 2 25 8 11 5 27 7 22 26 15 24 6 18
2281
14 18 6 24 15 22 26 7 27 5 11 8 4 25 28 2 1 20 0 23 12 9 19 3 17 16 21 13 10
2151
9 12 23 0 20 1 2 28 25 4 8 11 5 27 7 26 22 15 24 6 18 14 10 21 13 16 17 3 19
2130
6 24 15 22 26 7 27 5 11 0 23 12 20 4 8 25 28 2 1 19 9 3 17 13 16 21 10 14 18
2223
3 17 16 21 13 10 14 18 6 24 15 22 26 7 27 5 11 0 23 12 20 4 8 25 28 2 1 19 9
2242
18 14 10 21 16 13 17 3 9 19 1 20 12 23 0 5 4 25 2 28 8 11 27 7 22 26 15 24 6
2275
18 14 10 21 13 16 17 3 9 19 1 20 12 23 0 4 28 2 25 8 11 5 27 7 22 26 15 24 6
2260
9 3 17 16 21 13 14 10 18 6 24 15 26 22 7 23 12 0 27 5 11 8 28 2 25 4 20 1 19
2198
3 17 16 21 13 14 10 18 6 24 15 26 22 7 27 5 11 8 4 25 28 2 1 20 0 23 12 9 19
2155
4 5 11 27 0 20 12 23 7 22 26 15 24 6 18 14 10 21 16 13 17 3 9 19 1 2 28 25 8
2159
12 20 1 19 9 3 17 16 13 21 10 14 18 6 24 15 22 26 7 27 11 5 8 28 2 25 4 0 23
2292
27 5 11 8 4 25 28 2 1 19 9 3 17 16 21 13 14 10 18 6 24 15 22 26 7 23 12 20 0
2139
19 9 3 12 23 0 20 1 2 28 25 4 8 11 5 27 7 26 22 15 24 6 18 14 10 13 21 16 17
2191
6 24 15 22 26 7 27 5 0 11 8 4 25 28 2 1 20 23 12 9 19 3 17 16 21 13 14 10 18
2283
16 21 13 10 14 18 6 24 15 22 26 7 27 5 11 8 4 25 28 2 1 20 0 23 12 3 9 19 17
2191
22 7 27 11 5 8 25 2 28 4 0 23 12 20 1 19 9 3 17 16 21 13 14 10 18 6 24 15 26
2318
8 11 5 27 0 20 23 7 26 22 15 12 3 17 16 21 13 14 10 24 6 18 9 19 1 4 25 2 28
2301
21 13 10 14 18 6 24 15 22 26 7 27 5 11 8 4 25 28 2 1 20 0 23 12 3 9 19 17 16
2191
3 9 19 1 20 12 23 0 11 8 28 2 25 4 5 27 7 22 26 15 24 6 18 10 14 13 21 16 17
2297
27 7 26 22 15 24 6 18 10 14 13 21 16 17 3 19 9 12 23 0 20 1 2 28 25 4 8 11 5
2153
28 2 1 20 4 19 9 3 17 16 21 13 10 14 18 6 24 15 12 23 26 22 7 0 27 5 11 8 25
2226
26 7 27 5 11 8 4 25 28 2 1 20 0 23 12 9 19 3 17 16 21 13 10 14 18 6 24 15 22
2151
0 27 5 11 8 4 25 28 2 1 19 9 3 17 16 21 13 10 14 18 6 24 15 22 26 7 23 12 20
2137
1 20 4 25 2 28 8 11 5 27 0 12 23 7 26 22 15 24 6 18 14 10 21 13 16 17 3 9 19
2173
5 27 0 20 12 23 7 26 22 15 24 6 18 10 14 13 21 16 17 3 9 19 1 4 25 2 28 8 11
2221
11 8 28 2 25 4 1 20 0 23 12 19 9 3 17 16 21 13 10 14 18 6 24 15 26 22 7 27 5
2235
12 9 19 3 17 16 21 13 10 14 18 6 24 15 26 22 7 27 5 11 8 4 25 28 2 1 20 0 23
2153
14 18 6 24 15 22 26 7 27 5 11 8 4 25 28 2 1 20 0 23 12 9 19 3 17 16 13 21 10
2130
25 2 28 8 11 5 27 7 26 22 15 24 6 18 14 10 13 21 16 17 3 9 19 12 23 0 20 1 4
2233
23 12 20 1 19 9 3 17 16 21 13 14 10 18 6 24 15 26 22 7 27 5 11 8 28 2 25 4 0
2282
5 27 0 20 12 23 7 22 26 15 24 6 18 14 10 21 16 13 17 3 9 19 1 4 25 2 28 8 11
2202
0 23 12 9 19 3 17 16 13 21 10 14 18 6 24 15 22 26 7 27 5 11 8 4 25 28 2 1 20
2130
23 0 4 25 2 28 8 11 5 27 7 22 26 15 24 6 18 10 14 13 21 16 17 3 9 19 1 20 12
2282
25 28 2 1 20 4 0 23 12 19 9 3 17 16 21 13 10 14 18 6 24 15 26 22 7 27 5 11 8
2246
2 25 8 11 27 7 22 26 15 24 6 18 10 14 17 16 21 13 3 9 19 12 23 0 5 4 20 1 28
2278
17 3 9 19 1 20 12 23 0 4 28 2 25 8 11 5 27 7 22 26 15 24 6 18 14 10 13 21 16
2281
17 19 9 12 23 0 20 1 2 28 25 4 8 11 5 27 7 22 26 15 24 6 10 3 18 14 13 21 16
2246
1 2 28 25 8 11 27 7 26 22 15 24 6 18 14 10 21 13 16 17 3 9 19 12 23 0 5 4 20
2237
11 8 4 25 28 2 1 19 9 3 17 16 21 13 14 10 18 6 24 15 22 26 7 23 12 20 0 27 5
2139
14 10 18 6 24 15 26 22 7 27 5 11 8 4 25 28 2 1 20 0 23 12 9 19 3 17 16 21 13
2155
10 21 13 16 17 14 3 9 19 1 20 12 23 0 4 25 2 28 8 11 5 27 7 22 26 15 18 24 6
2223
4 0 23 12 9 19 3 17 16 21 13 14 10 18 6 24 15 22 26 7 27 5 11 8 25 28 2 1 20
2246
26 15 24 6 18 10 14 13 21 16 17 3 19 9 12 23 0 20 1 2 28 25 4 8 11 5 27 7 22
2155
8 4 25 28 2 1 19 9 3 17 16 21 13 14 10 18 6 24 15 26 22 7 23 12 20 0 27 5 11
2141
28 25 8 11 5 4 20 27 0 12 23 7 26 22 15 24 6 18 10 14 13 21 16 17 3 9 19 1 2
2227
1 19 9 3 17 13 16 21 10 14 18 6 24 15 26 22 7 23 12 0 27 5 11 8 28 2 25 4 20
2177
17 13 16 21 10 14 18 6 24 15 26 22 7 27 0 5 11 8 25 2 28 4 20 1 23 12 9 19 3
2273
15 24 6 18 14 10 21 13 16 17 3 19 9 12 23 0 20 1 2 28 25 4 8 11 5 27 7 26 22
2130
28 2 25 4 1 20 0 23 12 9 19 3 17 16 21 13 14 10 18 6 24 15 26 22 7 27 5 11 8
2237
22 26 15 24 6 18 14 10 13 21 16 17 3 9 19 1 20 4 2 28 25 8 11 5 27 0 12 23 7
2194
1 2 28 25 8 4 11 5 27 7 26 22 15 24 6 18 14 10 13 21 16 17 3 9 19 12 23 0 20
2189
16 17 3 9 19 1 20 12 23 0 4 25 2 28 8 11 5 27 7 26 22 15 24 6 18 14 10 13 21
2278
0 7 22 26 23 15 24 6 18 12 3 17 16 21 13 10 14 9 19 20 1 2 28 25 4 8 11 5 27
2180
28 25 8 11 5 27 0 4 20 12 23 7 22 26 15 24 6 18 10 14 13 21 16 17 3 9 19 1 2
2234
23 12 9 19 3 17 16 13 21 10 14 18 6 24 15 26 22 7 27 5 11 8 4 25 28 2 1 20 0
2132
8 11 5 27 0 20 12 23 7 22 26 15 24 6 18 14 10 21 13 16 17 3 9 19 1 2 28 25 4
2118
24 15 26 22 7 27 11 5 8 28 2 25 4 0 23 12 20 1 19 9 3 17 13 16 21 10 14 18 6
2296
25 28 2 1 19 9 3 17 16 21 13 14 10 18 6 24 15 22 26 7 23 12 20 4 0 27 5 11 8
2232
28 2 25 4 1 20 0 23 12 9 19 3 17 16 21 13 14 10 18 6 24 15 22 26 7 27 5 11 8
2235
17 19 9 3 12 23 0 20 1 2 28 25 4 8 11 5 27 7 22 26 15 24 6 18 14 10 13 21 16
2193
19 1 20 4 25 2 28 8 11 5 27 0 12 23 7 26 22 15 24 6 18 14 10 21 13 16 17 3 9
2173
15 24 6 18 14 10 21 13 16 17 3 9 19 1 20 12 23 0 5 11 8 28 2 25 4 27 7 26 22
2274
10 6 24 18 15 26 22 7 27 5 11 8 28 2 25 4 0 23 12 20 1 19 9 3 14 17 16 13 21
2223
20 1 19 9 3 17 16 21 13 14 10 18 6 24 15 26 22 7 27 5 11 8 25 28 2 4 0 23 12
2280
19 1 20 12 23 0 4 2 28 25 8 11 5 27 7 22 26 15 24 6 18 14 10 13 21 16 17 3 9
2278
22 7 27 11 5 8 28 2 25 4 0 23 12 20 1 19 9 3 17 16 21 13 14 10 18 6 24 15 26
2317
0 23 12 19 9 3 17 16 21 13 10 14 18 6 24 15 26 22 7 27 5 11 8 4 25 28 2 1 20
2153
21 13 14 10 18 6 24 15 22 26 7 27 5 11 8 4 25 28 2 1 20 0 23 3 12 9 19 17 16
2269
11 5 4 20 27 0 12 23 7 26 22 15 24 6 18 14 10 21 13 16 17 3 9 19 1 2 28 25 8
2204
28 2 25 4 1 19 9 3 17 16 21 13 14 10 18 6 24 15 26 22 7 23 12 20 0 27 5 11 8
2223
5 27 7 26 22 15 24 6 18 14 10 21 16 13 17 3 19 9 12 23 0 20 1 2 28 25 4 8 11
2132
17 16 21 13 10 14 18 6 24 15 26 22 7 23 12 0 27 5 11 8 25 28 2 4 20 1 19 9 3
2194
3 9 19 1 20 12 23 0 11 8 25 28 2 4 5 27 7 26 22 15 24 6 18 14 10 13 21 16 17
2291
14 10 21 13 16 17 3 9 19 1 20 12 23 0 4 25 2 28 8 11 5 27 7 22 26 15 24 6 18
2259
14 13 21 16 17 3 19 9 12 23 0 20 1 2 28 25 4 8 11 5 27 7 26 22 15 24 6 18 10
2153
25 4 1 20 0 23 12 9 19 3 17 16 21 13 14 10 18 6 24 15 22 26 7 27 5 11 8 28 2
2235
24 15 26 22 7 27 5 4 25 2 28 8 11 0 23 12 20 1 19 9 3 17 16 21 13 14 10 18 6
2297
22 26 15 24 6 18 14 10 13 21 16 17 3 19 9 12 23 0 20 1 2 28 25 4 8 11 5 27 7
2153
20 0 23 12 19 9 3 17 16 21 13 14 10 18 6 24 15 22 26 7 27 5 11 4 8 25 28 2 1
2191
5 11 8 28 2 25 4 1 20 0 23 12 19 9 3 17 16 13 21 10 14 18 6 24 15 26 22 7 27
2214
12 23 0 4 28 2 25 8 11 5 27 7 26 22 15 24 6 18 14 10 21 13 16 17 3 9 19 1 20
2258
28 2 1 20 4 0 23 12 9 19 3 17 16 21 13 10 14 18 6 24 15 26 22 7 27 5 11 8 25
2246
24 15 22 26 7 27 5 11 8 4 25 28 2 1 20 0 23 12 9 19 3 17 13 16 21 10 14 18 6
2132
7 27 5 11 8 4 25 28 2 1 20 0 23 12 9 19 3 17 16 21 13 14 10 18 6 24 15 22 26
2153
3 9 19 1 2 28 25 8 4 20 12 23 0 5 11 27 7 26 22 15 24 6 18 14 10 13 21 16 17
2241
18 10 14 13 21 16 17 3 9 19 1 20 4 25 2 28 8 11 5 27 0 12 23 7 22 26 15 24 6
2198
24 6 18 10 14 13 21 16 17 3 19 9 12 23 0 20 1 2 28 25 4 8 11 5 27 7 26 22 15
2153
7 27 5 11 8 4 25 28 2 1 20 0 23 12 9 19 3 17 16 21 13 14 10 18 6 24 15 26 22
2155
2 28 25 8 4 5 11 27 0 20 23 7 26 22 15 12 3 17 16 13 21 10 14 24 6 18 9 19 1
2282
10 21 16 13 17 14 3 19 9 12 23 0 20 1 2 28 25 4 8 11 5 27 7 22 26 15 18 6 24
2098
13 16 21 10 14 18 6 24 15 22 26 7 27 5 11 0 1 2 28 25 8 4 20 23 12 3 9 19 17
2333
17 16 21 13 10 14 18 6 24 15 26 22 7 27 5 11 8 4 25 28 2 1 20 0 23 3 12 9 19
2269
5 11 8 25 28 2 1 20 4 19 9 3 17 13 16 21 10 14 12 18 6 24 15 23 26 22 7 0 27
2262
15 26 22 7 27 5 11 8 25 2 28 4 0 23 12 20 1 19 9 3 17 16 21 13 14 10 18 6 24
2283
15 26 22 7 27 5 11 8 4 25 28 2 1 20 0 23 12 9 19 3 17 16 21 13 10 14 18 6 24
2153
16 21 13 10 14 18 6 24 15 22 26 7 27 5 11 8 4 25 28 2 1 20 0 23 12 3 9 19 17
2191
16 17 19 9 12 3 23 0 20 1 2 28 25 4 8 11 5 27 7 22 26 15 24 6 18 14 10 13 21
2269
9 12 23 0 20 1 2 28 25 4 8 11 5 27 7 26 22 15 24 6 18 10 14 13 21 16 17 3 19
2153
16 21 13 10 14 18 6 24 15 26 22 7 27 5 11 8 28 2 25 4 0 23 12 20 1 19 9 3 17
2280
13 21 16 17 3 19 9 12 23 0 20 1 2 28 25 4 8 11 5 27 7 26 22 15 24 6 18 14 10
2151
7 26 22 15 24 6 18 14 10 13 21 16 17 3 9 19 1 20 12 23 0 5 4 2 28 25 8 11 27
2290
16 17 19 9 3 12 23 0 20 1 2 28 25 4 8 11 5 27 7 22 26 15 24 6 18 14 10 13 21
2193
22 7 27 4 28 2 25 8 11 5 0 23 12 20 1 19 9 3 17 16 21 13 14 10 18 6 24 15 26
2300
4 1 19 9 3 17 16 21 13 10 14 18 6 24 15 26 22 7 23 12 20 0 27 5 11 8 28 2 25
2221
8 11 5 27 0 20 12 23 7 26 22 15 24 6 18 3 17 16 21 13 10 14 9 19 1 2 28 25 4
2187
19 9 12 23 0 20 1 2 28 25 4 8 11 5 27 7 22 26 15 24 6 18 14 10 21 13 16 17 3
2132
25 2 28 8 11 5 27 0 7 22 26 23 15 24 6 18 12 3 14 10 13 21 16 17 9 19 20 1 4
2261
28 8 11 5 27 0 20 23 7 22 26 15 12 3 17 16 21 13 10 14 6 24 18 9 19 1 4 25 2
2348
3 17 16 21 13 10 14 18 6 24 15 22 26 7 27 5 11 8 25 2 28 4 0 23 12 20 1 19 9
2279
27 0 7 22 26 23 15 12 18 6 24 14 10 21 13 16 17 3 9 19 20 1 2 28 25 4 8 11 5
2150
14 10 18 6 24 15 22 26 7 27 5 11 8 4 25 28 2 1 20 0 23 12 9 19 3 17 16 21 13
2153
9 3 17 16 21 13 10 14 18 6 24 15 22 26 7 27 11 5 0 23 12 20 4 8 25 28 2 1 19
2241
2 28 8 11 5 27 0 7 22 26 23 15 12 18 6 24 10 14 13 21 16 17 3 9 19 20 1 4 25
2208
12 20 1 19 9 3 17 16 13 21 10 14 18 6 24 15 22 26 7 27 11 8 25 2 28 4 5 0 23
2272
24 15 22 26 7 27 4 25 2 28 8 11 5 0 23 12 20 1 19 9 3 17 16 21 13 14 10 18 6
2297
1 2 28 25 8 11 5 27 0 7 22 26 23 15 12 18 6 24 10 14 13 21 16 17 3 9 19 4 20
2227
17 16 21 13 14 10 18 6 24 15 22 26 7 27 5 11 8 4 25 28 2 1 20 0 23 12 3 9 19
2193
14 10 21 16 13 17 3 19 9 12 23 0 20 1 2 28 25 4 8 11 5 27 7 22 26 15 24 6 18
2134
3 17 16 13 21 10 14 18 6 24 15 26 22 7 27 5 11 8 4 25 28 2 1 20 0 23 12 9 19
2132
7 27 5 11 8 4 25 28 2 1 20 0 23 12 9 19 3 17 16 21 13 14 10 18 6 24 15 22 26
2153
22 26 15 24 6 18 14 10 21 16 13 17 3 9 19 1 20 12 23 0 4 25 2 28 8 11 5 27 7
2261
9 19 17 16 21 13 14 10 18 6 24 15 22 26 7 27 5 11 8 4 25 28 2 1 20 0 23 12 3
2193
27 0 20 12 23 7 26 22 15 24 6 18 10 14 13 21 16 17 3 9 19 1 2 28 25 4 8 11 5
2139
18 14 10 21 13 16 17 3 9 19 1 2 28 25 8 4 20 12 23 0 11 5 27 7 22 26 15 24 6
2223
21 13 10 14 18 6 24 15 22 26 7 27 5 4 25 2 28 8 11 0 23 12 20 1 19 9 3 17 16
2293
16 21 13 10 14 18 3 6 24 15 26 22 7 27 0 5 11 8 4 25 28 2 1 20 23 12 9 19 17
2302
18 6 24 15 22 26 7 27 11 8 25 2 28 4 5 0 23 12 20 1 19 9 3 17 16 21 13 10 14
2293
24 15 26 22 7 27 5 11 8 4 25 28 2 1 20 0 23 12 9 19 3 17 13 16 21 10 14 18 6
2134
14 10 13 21 16 17 3 9 19 1 20 4 25 2 28 8 11 5 27 0 12 23 7 22 26 15 24 6 18
2196
7 26 22 15 24 6 18 10 14 13 21 16 17 3 19 9 12 23 0 20 1 2 28 25 4 8 11 5 27
2153
13 21 16 17 3 9 19 1 20 4 28 2 25 8 11 5 27 0 12 23 7 22 26 15 24 6 18 14 10
2197
12 20 1 19 9 3 17 16 21 13 10 14 18 6 24 15 26 22 7 27 5 11 8 25 28 2 4 0 23
2278
23 12 20 4 8 25 28 2 1 19 9 3 17 16 21 13 10 14 18 6 24 15 26 22 7 27 11 5 0
2243
23 0 20 1 2 28 25 4 8 11 5 27 7 26 22 15 24 6 18 14 10 21 16 13 17 3 19 9 12
2132
15 22 26 7 27 5 11 8 4 25 28 2 1 20 0 23 12 9 19 3 17 16 21 13 10 14 18 6 24
2151
11 8 28 2 25 4 1 19 9 14 10 21 16 13 17 3 18 6 24 15 22 26 7 23 12 20 0 27 5
2250
28 2 1 19 9 14 10 13 21 16 17 3 18 6 24 15 22 26 7 23 12 20 0 27 11 5 4 8 25
2226
23 0 4 25 2 28 8 11 5 27 7 22 26 15 24 6 18 14 10 21 13 16 17 3 9 19 1 20 12
2259
4 8 25 28 2 1 20 19 9 18 24 6 14 10 21 16 13 17 3 12 15 23 26 22 7 0 27 5 11
2246
9 19 1 20 4 28 2 25 8 11 5 27 0 12 23 7 22 26 15 24 6 18 14 10 13 21 16 17 3
2197
8 28 2 25 4 1 19 9 17 16 21 13 10 14 3 18 6 24 15 22 26 7 23 12 20 0 27 5 11
2268
5 27 0 20 12 23 7 22 26 15 24 6 18 14 10 21 13 16 17 3 9 19 1 4 25 2 28 8 11
2200
28 8 11 5 27 0 20 23 7 22 26 15 12 3 17 16 21 13 14 10 6 24 18 9 19 1 4 25 2
2303
21 13 14 10 6 24 15 26 22 7 27 11 5 0 4 8 25 28 2 1 20 23 18 3 12 9 19 17 16
2431
23 0 4 28 2 25 8 11 5 27 7 26 22 15 24 6 18 14 10 13 21 16 17 3 9 19 1 20 12
2279
26 22 15 24 6 18 14 10 21 16 13 17 3 9 19 1 20 4 25 2 28 8 11 5 27 0 12 23 7
2175
6 18 10 14 13 21 16 17 3 9 19 1 20 12 23 0 5 4 2 28 25 8 11 27 7 22 26 15 24
2294
28 8 11 5 27 7 26 22 15 24 6 18 14 10 21 13 16 17 3 9 19 12 23 0 20 1 4 25 2
2212
15 24 6 18 14 10 21 13 16 17 3 19 9 12 23 0 20 1 2 28 25 4 8 11 5 27 7 26 22
2130
17 19 9 12 3 14 18 23 0 20 1 2 28 25 4 8 11 5 27 7 22 26 15 24 6 10 21 13 16
2240
16 21 13 10 14 18 6 24 15 22 26 7 27 5 11 8 28 2 25 4 0 23 12 20 1 19 9 3 17
2278
15 22 26 7 27 5 11 8 4 25 28 2 1 20 0 23 12 9 19 3 17 16 21 13 14 10 18 6 24
2153
12 23 0 4 25 2 28 8 11 5 27 7 26 22 15 24 6 18 14 10 21 13 16 17 3 9 19 1 20
2257
13 14 10 18 6 24 15 26 22 7 23 12 0 27 5 11 8 25 2 28 4 20 1 19 9 3 17 16 21
2199
2 1 19 9 14 10 21 16 13 17 3 18 6 24 15 22 26 7 23 12 20 4 5 27 0 11 8 25 28
2276
13 14 10 18 6 24 15 26 22 7 27 5 11 8 4 25 28 2 1 20 0 23 12 9 19 3 17 16 21
2155
25 2 28 8 11 5 27 7 22 26 15 24 6 18 10 14 13 21 16 17 3 19 9 12 23 0 20 1 4
2237
6 24 15 26 22 7 27 4 2 28 25 8 11 5 0 23 12 20 1 19 9 3 17 16 21 13 14 10 18
2297
12 23 0 20 1 2 28 25 4 8 11 5 27 7 26 22 15 24 6 18 14 10 21 13 16 17 3 19 9
2130
10 21 16 13 17 14 3 9 19 1 20 4 25 2 28 8 11 5 27 0 12 23 7 22 26 15 18 6 24
2141
5 11 8 4 25 28 2 1 20 0 23 12 19 9 3 17 16 13 21 10 14 18 6 24 15 22 26 7 27
2130
14 18 6 24 15 26 22 7 27 5 11 8 4 25 28 2 1 20 0 23 12 9 19 3 17 13 16 21 10
2134
6 18 10 14 13 21 16 17 3 9 19 1 20 4 25 2 28 8 11 5 27 0 12 23 7 22 26 15 24
2198
20 12 23 7 26 22 15 24 6 18 3 14 10 13 21 16 17 9 19 1 2 28 25 8 4 11 5 27 0
2224
1 2 28 25 8 11 5 4 20 12 23 0 27 7 26 22 15 24 6 18 10 14 13 21 16 17 3 9 19
2200
0 20 1 2 28 25 4 8 11 5 27 7 22 26 15 24 6 18 14 10 13 21 16 17 3 9 19 12 23
2153
23 12 20 4 8 25 28 2 1 19 9 3 17 16 13 21 10 14 18 6 24 15 26 22 7 27 11 5 0
2222
27 0 7 22 26 23 15 12 18 24 6 10 14 13 21 16 17 3 9 19 20 1 2 28 25 4 8 11 5
2126
17 16 21 13 10 14 18 6 24 15 26 22 7 23 12 0 27 5 11 8 28 2 25 4 20 1 19 9 3
2196
18 10 14 13 21 16 17 3 19 9 12 23 0 20 1 2 28 25 4 8 11 5 27 7 26 22 15 24 6
2153
0 20 12 23 7 22 26 15 24 6 18 14 10 21 16 13 17 3 9 19 1 2 28 25 4 8 11 5 27
2120
3 9 19 17 16 21 13 10 14 18 6 24 15 26 22 7 27 5 11 8 4 25 28 2 1 20 0 23 12
2193
12 23 0 20 1 2 28 25 4 8 11 5 27 7 22 26 15 24 6 18 10 14 13 21 16 17 3 19 9
2155
20 1 19 9 3 17 16 21 13 14 10 18 6 24 15 22 26 7 23 12 0 27 5 11 8 25 28 2 4
2194
14 18 6 24 15 26 22 7 27 5 11 8 4 25 28 2 1 20 0 23 12 9 19 3 17 13 16 21 10
2134
2 1 20 4 5 0 23 12 9 19 3 17 16 13 21 10 14 18 6 24 15 26 22 7 27 11 8 25 28
2239
25 4 1 20 0 23 12 19 9 3 17 16 21 13 10 14 18 6 24 15 22 26 7 27 5 11 8 28 2
2233
3 14 18 23 0 20 1 2 28 25 4 8 11 5 27 7 22 26 15 24 6 10 21 13 16 17 19 9 12
2240
9 3 17 13 16 21 10 14 18 6 24 15 22 26 7 27 5 11 8 28 2 25 4 0 23 12 20 1 19
2259
18 6 24 15 22 26 7 27 5 11 8 4 25 28 2 1 20 0 23 12 9 19 3 17 16 13 21 10 14
2130
24 6 18 10 14 13 21 16 17 3 9 19 1 20 12 23 0 4 25 2 28 8 11 5 27 7 26 22 15
2280
10 21 16 13 17 14 3 9 19 1 20 12 23 0 4 25 2 28 8 11 5 27 7 22 26 15 18 6 24
2225
8 28 2 25 4 1 20 0 23 12 9 19 3 17 16 13 21 10 14 18 6 24 15 26 22 7 27 5 11
2214
20 1 2 28 25 8 11 5 27 7 22 26 15 24 6 18 14 10 13 21 16 17 3 9 19 12 23 0 4
2246
4 25 2 28 8 11 5 27 7 22 26 15 24 6 18 14 10 21 16 13 17 3 9 19 12 23 0 20 1
2216
9 19 3 17 16 13 21 10 14 18 6 24 15 26 22 7 27 5 11 8 4 25 28 2 1 20 0 23 12
2132
19 1 20 4 2 28 25 8 11 5 27 0 12 23 7 22 26 15 24 6 18 10 14 13 21 16 17 3 9
2196
0 20 23 7 22 26 15 12 3 17 13 16 21 10 14 24 6 18 9 19 1 2 28 25 4 8 11 5 27
2247
1 19 9 3 17 16 21 13 10 14 18 6 24 15 22 26 7 27 5 4 28 2 25 8 11 0 23 12 20
2294
11 5 27 0 20 12 23 7 26 22 15 24 6 18 14 10 21 16 13 17 3 9 19 1 2 28 25 4 8
2118
3 17 16 21 13 14 10 18 6 24 15 22 26 7 27 5 11 8 4 25 28 2 1 20 0 23 12 9 19
2153
5 11 8 25 28 2 1 19 9 3 17 13 16 21 10 14 18 6 24 15 22 26 7 23 12 20 4 0 27
2211
8 11 5 4 20 27 0 12 23 7 22 26 15 24 6 18 10 14 13 21 16 17 3 9 19 1 2 28 25
2229
14 13 21 16 17 3 19 9 12 23 0 20 1 2 28 25 4 8 11 5 27 7 26 22 15 24 6 18 10
2153
10 21 16 13 17 14 3 9 19 1 20 4 28 2 25 8 11 5 27 0 12 23 7 22 26 15 18 6 24
2142
5 0 23 12 9 19 3 17 16 13 21 10 14 18 6 24 15 26 22 7 27 11 8 25 28 2 1 20 4
2239
20 12 23 0 4 25 2 28 8 11 5 27 7 26 22 15 24 6 18 10 14 13 21 16 17 3 9 19 1
2280
11 8 25 28 2 1 19 9 3 17 13 16 21 10 14 18 6 24 15 22 26 7 23 12 0 27 20 4 5
2206
24 15 26 22 7 27 5 11 8 28 2 25 4 0 23 12 20 1 19 9 3 17 16 21 13 10 14 18 6
2280
7 27 5 11 8 4 25 28 2 1 20 0 23 12 9 19 3 17 16 21 13 10 14 18 6 24 15 22 26
2151
22 7 27 4 2 28 25 8 11 5 0 23 12 20 1 19 9 3 17 16 21 13 10 14 18 6 24 15 26
2295
10 6 24 18 15 26 22 7 27 11 5 0 23 12 20 4 8 25 28 2 1 19 9 3 14 17 16 13 21
2186
25 8 4 5 11 27 0 20 12 23 7 26 22 15 24 6 18 14 10 13 21 16 17 3 9 19 1 2 28
2176
5 27 0 11 8 25 28 2 1 19 9 18 6 24 14 10 13 21 16 17 3 12 15 26 22 7 23 20 4
2374
15 24 6 18 14 10 21 13 16 17 3 9 19 1 20 4 28 2 25 8 11 5 27 0 12 23 7 22 26
2176
19 1 20 4 2 28 25 8 11 5 27 0 12 23 7 22 26 15 24 6 18 14 10 13 21 16 17 3 9
2194
22 7 27 5 11 8 4 25 28 2 1 20 0 23 12 9 19 3 17 16 21 13 10 14 18 6 24 15 26
2153
26 22 7 27 5 11 8 4 25 28 2 1 20 0 23 12 9 19 3 17 16 21 13 14 10 18 6 24 15
2155
7 22 26 15 24 6 18 10 14 13 21 16 17 3 19 9 12 23 0 20 1 2 28 25 4 8 11 5 27
2155
9 3 17 16 21 13 10 14 18 6 24 15 22 26 7 23 12 0 27 5 11 8 25 2 28 4 20 1 19
2195
12 23 0 20 1 2 28 25 4 8 11 5 27 7 26 22 15 24 6 18 10 14 13 21 16 17 3 19 9
2153
5 4 20 27 0 12 23 7 26 22 15 24 6 18 14 10 21 16 13 17 3 9 19 1 2 28 25 8 11
2206
1 20 12 23 0 5 4 28 2 25 8 11 27 7 26 22 15 24 6 18 14 10 13 21 16 17 3 9 19
2293
12 23 0 4 25 2 28 8 11 5 27 7 22 26 15 24 6 18 10 14 13 21 16 17 3 9 19 1 20
2282
22 7 27 5 11 8 4 25 28 2 1 20 0 23 12 9 19 3 17 16 21 13 10 14 18 6 24 15 26
2153
14 10 18 6 24 15 26 22 7 27 5 4 28 2 25 8 11 0 23 12 20 1 19 9 3 17 16 21 13
2298
6 18 14 10 13 21 16 17 3 19 9 12 23 1 20 0 4 25 2 28 8 11 5 27 7 22 26 15 24
2350
25 8 4 5 11 27 0 20 12 23 7 22 26 15 24 6 18 14 10 21 13 16 17 3 9 19 1 2 28
2157
0 27 5 11 8 4 25 28 2 1 19 9 14 10 21 13 16 17 3 18 6 24 15 26 22 7 23 12 20
2168
4 8 25 28 2 1 19 9 24 6 18 14 10 13 21 16 17 3 12 15 22 26 7 23 20 0 27 11 5
2303
19 3 17 16 21 13 14 10 18 6 24 15 26 22 7 27 5 11 8 4 25 28 2 1 20 0 23 12 9
2155
6 24 15 26 22 7 27 0 5 11 8 28 2 25 4 20 1 23 12 9 19 3 17 16 21 13 14 10 18
2293
15 24 6 18 14 10 13 21 16 17 3 19 9 12 23 0 20 1 2 28 25 4 8 11 5 27 7 26 22
2151
6 24 15 22 26 7 27 5 11 8 4 25 28 2 1 20 0 23 12 9 19 3 17 16 13 21 10 14 18
2130
7 26 22 15 24 6 18 14 10 13 21 16 17 3 9 19 1 20 12 23 0 5 4 28 2 25 8 11 27
2293
26 7 27 5 11 8 4 25 28 2 1 20 0 23 12 9 19 3 17 16 21 13 10 14 18 6 24 15 22
2151
8 11 5 27 0 20 12 23 7 22 26 15 24 6 18 3 14 10 21 13 16 17 9 19 1 4 25 2 28
2249
15 22 26 7 27 5 4 25 2 28 8 11 0 23 12 20 1 19 9 3 17 16 21 13 10 14 18 6 24
2293
6 18 10 14 13 21 16 17 3 19 9 12 23 1 20 0 5 4 28 2 25 8 11 27 7 26 22 15 24
2365
4 8 11 5 27 0 7 22 26 23 15 12 24 6 18 14 10 13 21 16 17 3 9 19 20 1 2 28 25
2171
16 17 3 9 19 1 20 12 23 0 5 11 8 25 2 28 4 27 7 22 26 15 24 6 18 14 10 13 21
2298
15 22 26 7 27 5 11 8 4 25 28 2 1 20 0 23 12 9 19 3 17 13 16 21 10 14 18 6 24
2132
10 21 13 16 17 14 3 9 19 1 2 28 25 8 4 20 12 23 0 5 11 27 7 22 26 15 24 6 18
2190
10 21 16 13 17 14 3 9 19 1 2 28 25 8 4 20 12 23 0 11 5 27 7 26 22 15 18 24 6
2187
2 28 25 8 11 5 4 20 27 0 23 7 26 22 15 12 3 17 16 13 21 10 14 24 6 18 9 19 1
2273
25 8 11 5 27 7 22 26 15 24 6 18 10 14 13 21 16 17 3 19 9 12 23 0 4 20 1 2 28
2248
20 1 19 9 3 17 16 21 13 14 10 18 6 24 15 22 26 7 27 5 11 8 25 28 2 4 0 23 12
2278
10 24 6 18 15 22 26 7 23 12 0 27 5 11 8 25 2 28 4 20 1 19 9 3 14 17 16 13 21
2138
12 9 19 3 17 13 16 21 10 14 18 6 24 15 22 26 7 27 5 11 8 4 25 28 2 1 20 0 23
2132
13 21 16 17 3 19 9 12 23 0 20 1 2 28 25 4 8 11 5 27 7 26 22 15 24 6 18 14 10
2151
20 1 19 9 3 17 16 21 13 10 14 18 6 24 15 26 22 7 23 12 0 27 5 11 8 28 2 25 4
2196
16 17 3 19 9 12 23 0 20 1 2 28 25 4 8 11 5 27 7 26 22 15 24 6 18 10 14 13 21
2153
21 13 10 14 18 6 24 15 26 22 7 27 5 4 28 2 25 8 11 0 23 12 20 1 19 9 3 17 16
2296
23 12 9 19 3 17 16 21 13 14 10 18 6 24 15 26 22 7 27 5 11 8 4 25 28 2 1 20 0
2155
12 23 0 20 1 2 28 25 4 8 11 5 27 7 26 22 15 24 6 18 14 10 21 16 13 17 3 19 9
2132
6 24 15 26 22 7 27 5 11 8 4 25 28 2 1 20 0 23 12 9 19 3 17 13 16 21 10 14 18
2134
10 6 24 18 15 26 22 7 27 5 11 8 4 25 28 2 1 20 0 23 12 9 19 3 14 17 13 16 21
2098
2 28 25 8 11 5 4 20 0 27 7 22 26 23 15 12 3 17 13 16 21 10 14 6 24 18 9 19 1
2250
28 2 25 4 1 20 0 23 12 19 9 3 17 16 13 21 10 14 18 6 24 15 26 22 7 27 5 11 8
2214
25 4 1 20 0 23 12 19 9 3 17 16 21 13 14 10 18 6 24 15 26 22 7 27 5 11 8 28 2
2237
22 26 15 24 6 18 10 14 13 21 16 17 3 9 19 1 20 12 23 0 4 2 28 25 8 11 5 27 7
2280
0 23 12 9 19 3 17 16 21 13 10 14 18 6 24 15 26 22 7 27 5 11 8 4 25 28 2 1 20
2153
22 26 15 24 6 18 10 14 13 21 16 17 3 19 9 12 23 0 20 1 2 28 25 4 8 11 5 27 7
2155
4 25 2 28 8 11 5 27 7 22 26 15 24 6 18 14 10 13 21 16 17 3 9 19 12 23 0 20 1
2235
17 3 19 9 12 23 0 20 1 2 28 25 4 8 11 5 27 7 22 26 15 24 6 18 10 14 13 21 16
2155
27 0 7 22 26 23 15 12 18 24 6 10 14 13 21 16 17 3 9 19 20 1 2 28 25 4 8 11 5
2126
18 14 10 21 13 16 17 3 19 9 12 23 0 20 1 2 28 25 4 8 11 5 27 7 26 22 15 24 6
2130
0 20 1 2 28 25 4 8 11 5 27 7 26 22 15 24 6 18 14 10 13 21 16 17 3 9 19 12 23
2151
4 25 2 28 8 11 5 27 7 22 26 15 24 6 18 14 10 13 21 16 17 3 9 19 12 23 0 20 1
2235
19 9 12 23 0 20 1 2 28 25 4 8 11 5 27 7 22 26 15 24 6 18 14 10 13 21 16 17 3
2153
20 1 19 9 3 17 16 21 13 10 14 18 6 24 15 22 26 7 27 5 11 8 28 2 25 4 0 23 12
2278
20 12 23 0 27 7 26 22 15 24 6 18 14 10 21 13 16 17 3 9 19 1 2 28 25 8 11 5 4
2177
24 6 18 10 14 13 21 16 17 3 9 19 1 20 12 23 0 4 25 2 28 8 11 5 27 7 22 26 15
2282
25 4 1 20 0 23 12 19 9 3 17 16 21 13 14 10 18 6 24 15 26 22 7 27 5 11 8 28 2
2237
17 3 9 19 1 20 12 23 0 4 28 2 25 8 11 5 27 7 26 22 15 24 6 18 14 10 13 21 16
2279
27 5 11 8 4 25 28 2 1 19 9 3 17 16 21 13 14 10 18 6 24 15 22 26 7 23 12 20 0
2139
9 19 1 20 4 2 28 25 8 11 5 27 0 12 23 7 26 22 15 24 6 18 14 10 21 16 13 17 3
2173
26 22 15 24 6 18 14 10 13 21 16 17 3 9 19 1 20 12 23 0 4 25 2 28 8 5 11 27 7
2313
17 16 21 13 10 14 18 6 24 15 22 26 7 27 5 4 25 2 28 8 11 0 23 12 20 1 19 9 3
2293
13 21 16 17 19 9 3 12 23 0 20 1 2 28 25 4 8 11 5 27 7 22 26 15 24 6 18 14 10
2193
20 12 23 7 26 22 15 24 6 18 3 14 10 21 16 13 17 9 19 1 2 28 25 8 4 11 5 27 0
2205
25 28 2 1 19 9 18 6 24 14 10 13 21 16 17 3 12 15 22 26 7 23 27 0 20 4 5 11 8
2288
8 4 25 28 2 1 20 0 23 12 9 19 3 17 16 21 13 14 10 18 6 24 15 26 22 7 27 5 11
2155
21 16 17 19 9 12 3 18 23 20 1 0 4 28 2 25 8 5 11 27 7 22 26 15 24 6 10 14 13
2510
9 12 23 0 20 1 2 28 25 4 8 11 5 27 7 26 22 15 24 6 18 14 10 21 16 13 17 3 19
2132
20 12 23 7 22 26 15 24 6 18 10 14 13 21 16 17 3 9 19 1 2 28 25 8 4 11 5 27 0
2179
0 20 12 23 7 26 22 15 24 6 18 14 10 21 13 16 17 3 9 19 1 2 28 25 4 8 11 5 27
2116
8 4 25 28 2 1 20 0 23 12 19 9 3 17 16 13 21 10 14 18 6 24 15 22 26 7 27 5 11
2130
5 11 8 28 2 25 4 1 19 9 3 17 16 21 13 14 10 18 6 24 15 22 26 7 23 12 20 0 27
2221
18 6 24 15 22 26 7 27 5 11 8 4 25 28 2 1 20 0 23 12 9 19 3 17 13 16 21 10 14
2132
13 21 16 17 3 19 9 12 23 0 20 1 2 28 25 4 8 11 5 27 7 22 26 15 24 6 18 10 14
2155
13 14 10 18 6 24 15 26 22 7 23 12 0 27 5 11 8 25 28 2 4 20 1 19 9 3 17 16 21
2196
21 16 17 3 19 9 12 23 0 20 1 2 28 25 4 8 11 5 27 7 26 22 15 24 6 18 10 14 13
2153
10 21 13 16 17 14 3 9 19 1 20 12 23 0 4 25 2 28 8 5 11 27 7 22 26 15 24 6 18
2262
16 17 3 19 9 12 23 0 20 1 2 28 25 4 8 11 5 27 7 22 26 15 24 6 18 10 14 13 21
2155
7 27 5 11 0 23 12 20 4 8 25 28 2 1 19 9 3 17 16 21 13 14 10 18 6 24 15 26 22
2246
16 17 3 19 9 12 23 0 20 1 2 28 25 4 8 11 5 27 7 22 26 15 24 6 18 14 10 13 21
2153
6 24 15 26 22 7 27 5 11 8 4 25 28 2 1 20 0 23 12 9 19 3 17 16 21 13 10 14 18
2153
6 18 14 10 21 13 16 17 3 19 9 12 23 1 20 4 25 2 28 8 11 5 0 27 7 26 22 15 24
2268
11 8 4 25 28 2 1 20 0 23 12 9 19 3 17 16 21 13 10 14 18 6 24 15 22 26 7 27 5
2151
2 1 19 9 3 17 13 16 21 10 14 18 6 24 15 26 22 7 23 12 20 0 27 5 11 4 8 25 28
2158
15 24 6 18 14 10 21 16 13 17 3 19 9 12 23 0 20 1 2 28 25 4 8 11 5 27 7 26 22
2132
6 24 15 26 22 7 23 12 0 27 5 11 8 28 2 25 4 20 1 19 9 3 17 16 21 13 10 14 18
2196
19 1 20 4 25 2 28 8 11 5 27 0 12 23 7 26 22 15 24 6 18 14 10 13 21 16 17 3 9
2194
21 16 17 3 19 9 12 23 0 20 1 2 28 25 4 8 11 5 27 7 22 26 15 24 6 18 10 14 13
2155
12 23 0 20 1 2 28 25 4 8 11 5 27 7 22 26 15 24 6 18 14 10 13 21 16 17 3 19 9
2153
8 11 5 27 0 20 23 7 26 22 15 12 3 17 16 13 21 10 14 6 24 18 9 19 1 2 28 25 4
2243
3 19 9 12 23 0 20 1 2 28 25 4 8 11 5 27 7 26 22 15 24 6 18 14 10 13 21 16 17
2151
28 2 1 20 19 9 3 17 16 21 13 10 14 18 24 6 12 15 23 26 22 7 0 27 5 11 4 8 25
2209
11 8 4 25 28 2 1 20 0 23 12 9 19 3 17 16 21 13 10 14 18 6 24 15 22 26 7 27 5
2151
10 6 24 18 15 26 22 7 27 5 11 8 4 25 28 2 1 20 0 23 12 9 19 3 14 17 13 16 21
2098
14 10 21 13 16 17 3 9 19 1 20 12 23 0 4 2 28 25 8 11 5 27 7 22 26 15 24 6 18
2257
12 23 0 5 4 2 28 25 8 11 27 7 22 26 15 24 6 18 14 10 13 21 16 17 3 9 19 1 20
2292
7 22 26 15 24 6 18 10 14 13 21 16 17 3 9 19 1 20 12 23 0 4 25 2 28 8 11 5 27
2282
1 20 0 23 12 19 9 3 17 16 13 21 10 14 18 6 24 15 26 22 7 27 5 11 4 8 25 28 2
2170
17 19 9 3 12 23 0 20 1 2 28 25 4 8 11 5 27 7 22 26 15 24 6 18 10 14 13 21 16
2195
6 24 15 22 26 7 27 5 11 8 4 25 28 2 1 20 0 23 12 9 19 3 17 16 21 13 10 14 18
2151
16 21 13 14 18 3 10 6 24 15 22 26 7 27 5 11 8 4 25 28 2 1 20 0 23 12 9 19 17
2244
1 19 9 3 17 16 21 13 10 14 18 6 24 15 22 26 7 27 5 11 0 23 12 20 4 8 25 28 2
2242
3 17 16 21 13 14 10 18 6 24 15 22 26 7 27 11 8 25 28 2 4 5 0 23 12 20 1 19 9
2292
8 4 25 28 2 1 20 19 9 17 16 21 13 10 14 3 12 18 6 24 15 23 26 22 7 0 27 5 11
2179
10 21 16 13 17 14 3 19 9 12 23 1 2 28 25 8 4 20 0 5 11 27 7 26 22 15 24 6 18
2260
12 23 0 20 1 2 28 25 4 8 11 5 27 7 22 26 15 24 6 18 10 14 13 21 16 17 3 19 9
2155
4 8 11 5 27 0 20 12 23 7 22 26 15 24 6 18 10 14 13 21 16 17 3 9 19 1 2 28 25
2141
1 2 28 25 8 4 20 12 23 0 5 11 27 7 22 26 15 24 6 18 14 10 21 16 13 17 3 9 19
2224
27 0 20 12 23 7 26 22 15 24 6 18 14 10 13 21 16 17 3 9 19 1 2 28 25 4 8 11 5
2137
17 3 9 19 1 2 28 25 8 4 20 12 23 0 5 11 27 7 22 26 15 24 6 18 10 14 13 21 16
2245
23 12 9 19 3 17 16 21 13 10 14 18 6 24 15 26 22 7 27 5 11 8 4 25 28 2 1 20 0
2153
6 18 14 10 13 21 16 17 3 9 19 1 20 12 23 0 4 28 2 25 8 11 5 27 7 22 26 15 24
2281
4 1 19 9 17 16 21 13 10 14 3 18 6 24 15 26 22 7 23 12 20 0 27 5 11 8 28 2 25
2270
1 20 4 25 2 28 8 11 5 27 0 12 23 7 26 22 15 24 6 18 14 10 21 16 13 17 3 9 19
2175
23 12 9 19 3 17 16 21 13 14 10 18 6 24 15 22 26 7 27 5 11 8 4 25 28 2 1 20 0
2153
4 11 5 27 7 26 22 15 24 6 18 14 10 13 21 16 17 3 9 19 12 23 0 20 1 2 28 25 8
2189
8 11 5 27 7 22 26 15 24 6 18 10 14 13 21 16 17 3 19 9 12 23 0 4 20 1 2 28 25
2248
4 1 19 9 3 17 16 21 13 14 10 18 6 24 15 22 26 7 23 12 20 0 27 5 11 8 28 2 25
2221
9 12 23 0 20 1 2 28 25 4 8 11 5 27 7 26 22 15 24 6 18 14 10 13 21 16 17 3 19
2151
16 17 3 9 19 1 20 12 23 0 4 2 28 25 8 11 5 27 7 26 22 15 24 6 18 10 14 13 21
2278
18 6 24 15 22 26 7 27 5 11 8 4 25 28 2 1 20 0 23 12 9 19 3 17 16 13 21 10 14
2130
25 8 4 11 5 27 0 20 12 23 7 26 22 15 24 6 18 14 10 13 21 16 17 3 9 19 1 2 28
2175
11 8 4 25 28 2 1 20 0 23 12 19 9 3 17 13 16 21 10 14 18 6 24 15 22 26 7 27 5
2132
10 24 6 18 15 22 26 7 23 12 0 27 5 11 8 25 28 2 4 20 1 19 9 3 14 17 16 13 21
2135
17 16 21 13 10 14 18 6 24 15 26 22 7 27 5 11 8 4 25 28 2 1 20 0 23 12 3 9 19
2193
17 3 12 23 26 22 7 27 0 5 11 8 25 28 2 4 20 1 19 9 14 18 15 24 6 10 21 16 13
2244
22 26 15 24 6 18 14 10 21 13 16 17 3 19 9 12 23 0 20 1 2 28 25 4 8 11 5 27 7
2132
11 5 27 7 26 22 15 24 6 18 14 10 21 13 16 17 3 19 9 12 23 0 4 20 1 2 28 25 8
2223
12 20 1 19 9 3 17 16 21 13 10 14 18 6 24 15 22 26 7 27 5 11 8 28 2 25 4 0 23
2278
14 13 21 16 17 3 9 19 1 20 4 28 2 25 8 11 5 27 0 12 23 7 22 26 15 24 6 18 10
2199
11 5 27 0 20 23 7 26 22 6 24 15 12 3 17 16 21 13 10 14 18 9 19 1 2 28 25 4 8
2183
19 9 3 12 23 0 20 1 2 28 25 4 8 11 5 27 7 22 26 15 24 6 18 14 10 13 21 16 17
2193
5 11 8 28 2 25 4 1 20 19 9 3 17 16 21 13 14 10 6 24 18 12 15 23 26 22 7 0 27
2208
26 7 27 5 11 8 4 25 28 2 1 20 0 23 12 9 19 3 17 16 13 21 10 14 18 6 24 15 22
2130
18 6 24 15 26 22 7 27 5 11 8 4 25 28 2 1 20 0 23 12 9 19 3 17 16 21 13 10 14
2153
18 14 10 21 16 13 17 3 9 19 1 2 28 25 8 4 20 12 23 0 11 5 27 7 22 26 15 24 6
2225
24 15 26 22 7 27 5 11 8 4 25 28 2 1 20 0 23 12 9 19 3 17 16 21 13 10 14 18 6
2153
16 17 3 19 9 12 23 0 20 1 2 28 25 4 8 11 5 27 7 22 26 15 24 6 18 14 10 13 21
2153
27 7 26 22 15 24 6 18 14 10 13 21 16 17 3 19 9 12 23 0 20 1 2 28 25 4 8 11 5
2151
27 7 26 22 15 24 6 18 10 14 13 21 16 17 3 19 9 12 23 0 20 1 2 28 25 4 8 11 5
2153
18 14 10 21 13 16 17 3 9 19 1 20 4 25 2 28 8 11 5 27 0 12 23 7 22 26 15 24 6
2175
17 16 21 13 14 10 24 6 22 26 7 27 0 5 11 8 4 25 28 2 1 20 23 15 18 3 12 9 19
2193
25 4 1 20 0 23 12 19 9 3 17 16 21 13 10 14 18 6 24 15 22 26 7 27 5 11 8 28 2
2233
9 12 23 0 20 1 2 28 25 4 8 11 5 27 7 22 26 15 24 6 18 14 10 21 13 16 17 3 19
2132
24 15 22 26 7 27 11 8 25 28 2 4 5 0 23 12 20 1 19 9 3 17 16 13 21 10 14 18 6
2269
22 7 27 5 11 8 28 2 25 4 0 23 12 20 1 19 9 3 17 16 21 13 10 14 18 6 24 15 26
2280
1 19 9 3 17 16 13 21 10 14 18 6 24 15 22 26 7 27 4 2 28 25 8 11 5 0 23 12 20
2272
1 19 9 3 17 16 21 13 14 10 18 6 24 15 26 22 7 23 12 0 27 5 11 8 25 2 28 4 20
2199
5 4 20 12 23 7 26 22 15 24 6 18 14 10 13 21 16 17 3 9 19 1 2 28 25 8 11 27 0
2244
15 26 22 7 27 5 11 8 4 25 28 2 1 20 0 23 12 9 19 3 17 16 21 13 14 10 18 6 24
2155
3 17 16 21 13 14 10 18 6 24 15 26 22 7 27 5 11 8 4 25 28 2 1 20 0 23 12 9 19
2155
28 25 8 11 5 27 0 4 20 12 23 7 26 22 15 24 6 18 10 14 13 21 16 17 3 9 19 1 2
2232
4 1 19 9 3 17 16 21 13 10 14 18 6 24 15 22 26 7 23 12 20 0 27 5 11 8 28 2 25
2219
10 21 13 16 17 14 3 9 19 1 20 12 23 0 4 25 2 28 8 11 5 27 7 26 22 15 24 6 18
2225
15 24 6 18 10 14 13 21 16 17 3 9 19 1 20 12 23 0 5 11 8 25 28 2 4 27 7 22 26
2297
1 19 9 3 17 16 13 21 10 14 18 6 24 15 22 26 7 27 5 11 8 25 2 28 4 0 23 12 20
2258
15 26 22 7 27 11 5 8 25 2 28 4 0 23 12 20 1 19 9 3 17 16 13 21 10 14 18 6 24
2295
21 13 14 10 18 6 24 15 22 26 7 23 12 0 27 5 11 8 28 2 25 4 20 1 19 9 3 17 16
2196
18 6 24 15 22 26 7 27 5 11 8 28 2 25 4 0 23 12 20 1 19 9 3 17 16 21 13 14 10
2280
9 3 12 23 0 20 1 2 28 25 4 8 11 5 27 7 22 26 15 24 6 18 14 10 13 21 16 17 19
2193
26 7 23 12 0 27 5 11 8 28 2 25 4 20 1 19 9 3 17 16 21 13 14 10 18 6 24 15 22
2196
7 22 26 15 24 6 18 14 10 21 16 13 17 3 19 9 12 23 0 20 1 2 28 25 4 8 11 5 27
2134
16 21 13 10 14 18 6 24 15 26 22 7 27 5 11 8 25 28 2 4 0 23 12 20 1 19 9 3 17
2278
28 2 25 4 1 19 9 3 17 16 13 21 10 14 18 6 24 15 26 22 7 23 12 20 0 27 5 11 8
2200
21 16 17 3 9 19 1 20 12 23 0 4 2 28 25 8 11 5 27 7 22 26 15 24 6 18 10 14 13
2280
26 15 24 6 18 10 14 13 21 16 17 3 9 19 1 20 12 23 0 11 8 28 2 25 4 5 27 7 22
2297
16 17 3 9 19 1 20 12 23 0 5 11 8 25 2 28 4 27 7 26 22 15 24 6 18 14 10 13 21
2296
8 4 11 5 27 0 23 7 26 22 15 24 6 18 12 3 14 10 13 21 16 17 9 19 20 1 2 28 25
2215
16 21 13 10 14 18 6 24 15 26 22 7 27 5 11 0 23 12 20 4 8 25 28 2 1 19 9 3 17
2244
28 2 1 19 9 3 17 16 21 13 10 14 18 6 24 15 22 26 7 27 0 23 12 20 4 5 11 8 25
2198
26 15 24 6 18 14 10 21 13 16 17 3 9 19 1 20 12 23 0 4 25 2 28 8 11 5 27 7 22
2259
27 0 20 12 23 7 22 26 15 24 6 18 10 14 13 21 16 17 3 9 19 1 2 28 25 4 8 11 5
2141
19 3 17 16 21 13 14 10 18 6 24 15 22 26 7 27 5 11 8 4 25 28 2 1 20 0 23 12 9
2153
26 22 7 27 5 11 8 4 25 28 2 1 20 0 23 12 9 19 3 17 16 21 13 10 14 18 6 24 15
2153
20 4 25 2 28 8 11 5 27 0 12 23 7 26 22 15 24 6 18 10 14 13 21 16 17 3 9 19 1
2196
17 16 21 13 14 10 18 6 24 15 22 26 7 27 5 11 8 4 25 28 2 1 20 0 23 12 9 19 3
2153
1 19 9 3 17 16 21 13 10 14 18 6 24 15 26 22 7 27 5 11 8 25 28 2 4 0 23 12 20
2278
3 19 9 12 23 0 20 1 2 28 25 4 8 11 5 27 7 26 22 15 24 6 18 10 14 13 21 16 17
2153
11 5 27 7 22 26 15 24 6 18 14 10 21 13 16 17 3 9 19 12 23 0 20 1 2 28 25 4 8
2132
28 2 1 19 9 3 17 16 21 13 14 10 18 6 24 15 26 22 7 23 12 20 4 0 27 5 11 8 25
2234
20 1 2 28 25 8 11 0 23 12 9 19 3 17 16 21 13 14 10 18 6 24 15 22 26 7 27 5 4
2261
1 2 28 25 8 11 5 27 0 7 22 26 23 15 12 24 6 18 14 10 13 21 16 17 3 9 19 4 20
2272
25 8 4 5 11 27 0 7 22 26 23 15 12 24 6 18 14 10 21 13 16 17 3 9 19 20 1 2 28
2189
2 28 25 8 11 5 4 20 27 0 12 23 7 26 22 15 24 6 18 14 17 13 16 21 10 3 9 19 1
2214
9 3 12 23 0 20 1 2 28 25 4 8 11 5 27 7 22 26 15 24 6 18 10 14 13 21 16 17 19
2195
27 0 7 22 26 23 15 24 6 18 12 3 17 16 21 13 10 14 9 19 20 1 2 28 25 4 8 11 5
2180
19 3 17 16 21 13 14 10 18 6 24 15 26 22 7 27 5 11 8 4 25 28 2 1 20 0 23 12 9
2155
0 20 1 2 28 25 4 8 11 5 27 7 22 26 15 24 6 18 14 10 13 21 16 17 3 19 9 12 23
2153
12 23 0 20 1 2 28 25 4 8 11 5 27 7 22 26 15 24 6 18 10 14 13 21 16 17 3 19 9
2155
11 5 27 0 20 12 23 7 22 26 15 24 6 18 10 14 13 21 16 17 3 9 19 1 2 28 25 4 8
2141
23 12 20 1 19 9 3 17 13 16 21 10 14 18 6 24 15 22 26 7 27 5 11 8 28 2 25 4 0
2259
23 0 4 2 28 25 8 11 5 27 7 22 26 15 24 6 18 14 10 13 21 16 17 3 9 19 1 20 12
2278
20 1 19 9 3 17 16 21 13 10 14 18 6 24 15 22 26 7 23 12 0 27 5 11 8 25 2 28 4
2195
4 8 11 5 27 7 22 26 15 24 6 18 14 10 21 13 16 17 3 9 19 12 23 0 20 1 2 28 25
2132
22 7 27 5 11 8 4 25 28 2 1 20 0 23 12 9 19 3 17 16 21 13 10 14 18 6 24 15 26
2153
24 15 26 22 7 27 5 11 8 4 25 28 2 1 20 0 23 12 9 19 3 17 16 13 21 10 14 18 6
2132
12 9 19 3 17 16 21 13 14 10 18 6 24 15 26 22 7 27 5 11 8 4 25 28 2 1 20 0 23
2155
3 17 13 16 21 10 14 18 6 24 15 22 26 7 23 12 0 27 5 11 8 28 2 25 4 20 1 19 9
2175
15 26 22 7 27 5 11 8 4 25 28 2 1 20 0 23 12 9 19 3 17 16 21 13 10 14 18 6 24
2153
27 5 11 8 4 25 28 2 1 20 0 23 12 19 9 3 17 16 21 13 14 10 18 6 24 15 26 22 7
2155
13 14 10 18 6 24 15 26 22 7 27 5 4 28 2 25 8 11 0 23 12 20 1 19 9 3 17 16 21
2298
16 21 13 10 14 18 3 6 24 15 22 26 7 27 0 5 11 8 28 2 25 4 20 1 23 12 9 19 17
2401
11 5 27 0 23 7 22 26 15 12 18 6 24 14 10 13 21 16 17 3 9 19 20 1 2 28 25 4 8
2171
24 15 26 22 7 27 5 11 8 4 25 28 2 1 20 0 23 12 9 19 3 17 16 21 13 10 14 18 6
2153
2 25 4 1 20 19 9 14 10 21 13 16 17 3 12 18 6 24 15 23 26 22 7 0 27 5 11 8 28
2241
26 7 27 5 11 8 4 25 28 2 1 20 0 23 12 9 19 3 17 16 21 13 10 14 18 6 24 15 22
2151
12 20 1 19 9 3 17 16 21 13 10 14 18 6 24 15 26 22 7 27 5 4 2 28 25 8 11 0 23
2293
2 25 4 1 20 19 9 12 3 17 16 21 13 10 14 18 6 24 15 23 26 22 7 0 27 5 11 8 28
2214
6 18 14 10 13 21 16 17 3 9 19 1 2 28 25 8 4 20 12 23 0 5 11 27 7 26 22 15 24
2241
12 20 1 19 9 3 17 16 21 13 14 10 18 6 24 15 22 26 7 27 11 5 8 28 2 25 4 0 23
2315
3 19 9 12 23 0 20 1 2 28 25 4 8 11 5 27 7 22 26 15 24 6 18 14 10 13 21 16 17
2153
10 24 6 18 15 22 26 7 27 5 11 8 4 25 28 2 1 20 0 23 12 9 19 3 14 17 13 16 21
2096
20 1 19 9 3 17 16 21 13 10 14 18 6 24 15 26 22 7 23 12 0 27 5 11 8 25 2 28 4
2197
28 25 8 4 5 11 27 0 7 22 26 23 15 12 18 24 6 3 17 16 21 13 10 14 9 19 20 1 2
2260
15 26 22 7 23 12 0 27 5 11 8 28 2 25 4 20 1 19 9 3 17 16 21 13 14 10 18 6 24
2198
0 27 5 11 8 4 25 28 2 1 19 9 3 17 16 21 13 14 10 18 6 24 15 22 26 7 23 12 20
2139
15 22 26 7 27 5 11 8 4 25 28 2 1 20 0 23 12 9 19 3 17 16 13 21 10 14 18 6 24
2130
3 9 19 1 20 12 23 0 5 11 8 28 2 25 4 27 7 22 26 15 24 6 18 14 10 13 21 16 17
2297
19 3 17 16 21 13 10 14 18 6 24 15 22 26 7 27 5 11 8 4 25 28 2 1 20 0 23 12 9
2151
3 9 19 1 20 12 23 0 4 25 2 28 8 11 5 27 7 22 26 15 24 6 18 10 14 13 21 16 17
2282
4 25 2 28 8 11 5 27 0 20 12 23 7 26 22 15 24 6 18 14 10 21 13 16 17 3 9 19 1
2198
16 21 13 10 14 18 6 24 15 26 22 7 27 5 4 2 28 25 8 11 0 23 12 20 1 19 9 3 17
2293
2 28 1 19 9 3 17 16 21 13 10 14 18 6 24 15 26 22 7 23 12 20 0 27 11 5 4 8 25
2186
9 19 17 16 21 13 10 14 18 6 24 15 26 22 7 27 5 11 8 4 25 28 2 1 20 0 23 3 12
2269
5 27 7 26 22 15 24 6 18 14 10 21 16 13 17 3 9 19 12 23 0 20 1 2 28 25 4 8 11
2132
20 12 23 0 5 11 8 28 2 25 4 27 7 26 22 15 24 6 18 14 10 13 21 16 17 3 9 19 1
2295
17 3 9 19 1 20 4 25 2 28 8 11 5 27 0 12 23 7 22 26 15 24 6 18 10 14 13 21 16
2198
10 21 13 16 17 14 3 19 9 12 23 0 20 1 2 28 25 4 8 11 5 27 7 22 26 15 18 6 24
2096
28 2 25 4 1 20 0 23 12 19 9 3 17 13 16 21 10 14 18 6 24 15 26 22 7 27 5 11 8
2216
21 13 14 10 18 6 24 15 26 22 7 27 5 11 8 4 25 28 2 1 20 0 23 12 9 19 3 17 16
2155
15 24 6 18 14 10 21 16 13 17 3 9 19 1 2 28 25 8 4 20 12 23 0 5 11 27 7 26 22
2222
1 2 28 25 8 4 11 5 27 0 7 22 26 23 15 12 18 24 6 10 14 13 21 16 17 3 9 19 20
2164
14 10 13 21 16 17 3 9 19 1 20 12 23 0 4 2 28 25 8 11 5 27 7 26 22 15 24 6 18
2276
11 5 27 0 7 22 26 23 15 12 18 6 24 10 14 13 21 16 17 3 9 19 20 1 2 28 25 4 8
2126
2 28 1 19 9 17 16 21 13 10 14 3 18 6 24 15 22 26 7 27 0 23 12 20 4 5 11 8 25
2255
12 23 0 20 1 2 28 25 4 8 11 5 27 7 22 26 15 24 6 18 10 14 13 21 16 17 3 19 9
2155
6 18 10 14 13 21 16 17 3 19 9 12 23 0 20 1 2 28 25 4 8 11 5 27 7 22 26 15 24
2155
25 4 1 20 0 23 12 19 9 3 17 16 21 13 10 14 18 6 24 15 22 26 7 27 5 11 8 28 2
2233
27 0 7 23 26 22 15 12 18 6 24 3 17 16 13 21 10 14 9 19 20 1 2 28 25 4 8 11 5
2205
24 15 26 22 7 27 5 11 8 28 2 25 4 0 23 12 20 1 19 9 3 17 16 21 13 10 14 18 6
2280
25 4 1 19 9 17 13 16 21 10 14 3 18 6 24 15 22 26 7 23 12 20 0 27 5 11 8 28 2
2249
13 10 14 18 6 24 15 26 22 7 27 5 11 8 4 25 28 2 1 20 0 23 12 3 9 19 17 16 21
2193
7 27 5 11 8 4 25 28 2 1 20 0 23 12 9 19 3 17 16 21 13 10 14 18 6 24 15 22 26
2151
18 14 10 21 13 16 17 3 19 9 12 23 0 20 1 2 28 25 4 8 11 5 27 7 22 26 15 24 6
2132
12 9 19 3 17 16 21 13 10 14 18 6 24 15 26 22 7 27 5 11 8 4 25 28 2 1 20 0 23
2153
0 23 12 19 9 3 17 16 21 13 14 10 18 6 24 15 26 22 7 27 5 11 8 4 25 28 2 1 20
2155
0 27 5 11 8 4 25 28 2 1 20 19 9 18 6 24 10 14 13 21 16 17 3 12 15 23 26 22 7
2182
3 17 16 21 13 10 14 18 6 24 15 22 26 7 27 11 8 25 28 2 4 5 0 23 12 20 1 19 9
2290
11 8 25 28 2 1 20 4 5 0 23 12 9 19 3 17 16 21 13 10 14 18 6 24 15 22 26 7 27
2258
6 24 15 22 26 7 27 5 11 8 28 2 25 4 0 23 12 20 1 19 9 3 17 16 13 21 10 14 18
2257
24 15 26 22 7 27 5 11 8 4 25 28 2 1 20 0 23 12 9 19 3 17 16 21 13 10 14 18 6
2153
19 3 17 13 16 21 10 14 18 6 24 15 26 22 7 27 5 11 8 4 25 28 2 1 20 0 23 12 9
2134
26 22 7 27 5 11 8 28 2 25 4 0 23 12 20 1 19 9 3 17 16 21 13 14 10 18 6 24 15
2282
19 3 17 13 16 21 10 14 18 6 24 15 26 22 7 27 5 11 8 4 25 28 2 1 20 0 23 12 9
2134
26 7 27 11 5 8 28 2 25 4 0 23 12 20 1 19 9 3 17 16 21 13 10 14 18 6 24 15 22
2313
26 15 24 6 18 10 14 13 21 16 17 3 9 19 1 20 4 25 2 28 8 11 5 27 0 12 23 7 22
2198
26 22 15 24 6 18 10 14 13 21 16 17 3 9 19 1 20 12 23 0 11 8 28 2 25 4 5 27 7
2295
28 25 8 4 5 11 27 0 7 23 26 22 15 24 6 18 12 14 10 13 21 16 17 3 9 19 20 1 2
2224
11 5 27 0 20 12 23 7 26 22 15 24 6 18 14 10 21 16 13 17 3 9 19 1 2 28 25 4 8
2118
7 27 5 11 8 4 25 28 2 1 20 0 23 12 9 19 3 17 16 21 13 10 14 18 6 24 15 22 26
2151
7 22 26 15 24 6 18 14 10 13 21 16 17 3 19 9 12 23 0 20 1 2 28 25 4 8 11 5 27
2153
25 28 2 1 20 4 5 27 7 26 22 15 24 6 18 14 10 21 13 16 17 3 9 19 12 23 0 11 8
2238
28 25 8 11 5 27 7 22 26 15 24 6 18 10 14 13 21 16 17 3 19 9 12 23 0 4 20 1 2
2248
21 16 17 3 9 19 1 20 12 23 0 4 28 2 25 8 11 5 27 7 26 22 15 24 6 18 14 10 13
2279
15 22 26 7 27 5 4 2 28 25 8 11 0 23 12 20 1 19 9 3 17 16 21 13 10 14 18 6 24
2291
11 8 28 2 25 4 1 19 9 3 17 16 13 21 10 14 18 6 24 15 26 22 7 23 12 20 0 27 5
2200
5 27 7 26 22 15 24 6 18 14 10 13 21 16 17 3 19 9 12 23 0 20 1 2 28 25 4 8 11
2151
22 26 15 24 6 18 14 10 13 21 16 17 3 19 9 12 23 0 20 1 2 28 25 4 8 11 5 27 7
2153
15 24 6 18 14 10 13 21 16 17 3 19 9 12 23 0 20 1 2 28 25 4 8 11 5 27 7 22 26
2153
0 20 1 2 28 25 4 8 11 5 27 7 22 26 15 24 6 18 14 10 13 21 16 17 3 9 19 12 23
2153
7 22 26 15 24 6 18 14 10 13 21 16 17 3 9 19 1 20 4 25 2 28 8 11 5 27 0 12 23
2196
25 8 11 5 27 0 7 22 26 23 15 12 6 24 18 14 10 21 16 13 17 3 9 19 4 20 1 2 28
2253
26 15 24 6 18 14 10 21 16 13 17 3 19 9 12 23 0 20 1 2 28 25 4 8 11 5 27 7 22
2134
19 3 17 13 16 21 10 14 18 6 24 15 26 22 7 27 5 11 8 4 25 28 2 1 20 0 23 12 9
2134
6 24 15 22 26 7 27 11 5 8 25 28 2 4 0 23 12 20 1 19 9 3 17 16 21 13 10 14 18
2311
7 26 22 15 24 6 18 14 10 21 16 13 17 3 19 9 12 23 0 20 1 2 28 25 4 8 11 5 27
2132
10 21 16 13 17 14 3 9 19 1 20 4 25 2 28 8 11 5 27 0 12 23 7 26 22 15 18 24 6
2139
14 10 13 21 16 17 3 19 9 12 23 0 20 1 2 28 25 4 8 11 5 27 7 22 26 15 24 6 18
2153
9 19 3 17 16 21 13 14 10 18 6 24 15 26 22 7 27 5 11 8 4 25 28 2 1 20 0 23 12
2155
4 1 20 0 23 12 19 9 3 17 16 13 21 10 14 18 6 24 15 26 22 7 27 5 11 8 28 2 25
2214
13 21 16 17 19 9 3 12 23 0 20 1 2 28 25 4 8 11 5 27 7 22 26 15 24 6 18 10 14
2195
20 4 25 2 28 8 11 5 27 0 12 23 7 22 26 15 24 6 18 10 14 13 21 16 17 3 9 19 1
2198
21 16 17 3 19 9 12 23 0 20 1 2 28 25 4 8 11 5 27 7 26 22 15 24 6 18 14 10 13
2151
14 13 21 16 17 3 9 19 1 20 12 23 0 4 2 28 25 8 11 5 27 7 22 26 15 24 6 18 10
2280
21 16 17 19 9 12 3 23 0 20 1 2 28 25 4 8 11 5 27 7 22 26 15 24 6 18 14 10 13
2269
18 6 24 15 26 22 7 27 5 11 8 4 25 28 2 1 20 0 23 12 9 19 3 17 16 21 13 10 14
2153
14 18 6 24 15 26 22 7 27 5 11 8 4 25 28 2 1 20 0 23 12 9 19 3 17 16 21 13 10
2153
26 7 27 5 11 8 25 2 28 4 0 23 12 20 1 19 9 3 17 16 13 21 10 14 18 6 24 15 22
2258
13 21 16 17 3 9 19 1 20 4 2 28 25 8 11 5 27 0 12 23 7 26 22 15 24 6 18 10 14
2194
28 2 1 20 0 23 12 9 19 3 17 16 13 21 10 14 18 6 24 15 26 22 7 27 11 5 4 8 25
2171
18 6 24 15 26 22 7 27 5 11 8 4 25 28 2 1 20 0 23 12 9 19 3 17 16 13 21 10 14
2132
18 14 10 13 21 16 17 3 19 9 12 23 0 20 1 2 28 25 4 8 11 5 27 7 26 22 15 24 6
2151
0 7 22 26 23 15 12 6 24 18 14 10 21 16 13 17 3 9 19 20 1 2 28 25 4 8 11 5 27
2152
6 18 10 14 13 21 16 17 3 19 9 12 23 0 20 1 2 28 25 4 8 11 5 27 7 22 26 15 24
2155
20 1 19 9 3 17 16 21 13 14 10 18 6 24 15 26 22 7 27 11 8 25 2 28 4 5 0 23 12
2297
25 28 2 1 20 0 23 12 9 19 3 17 16 21 13 14 10 18 6 24 15 26 22 7 27 5 11 4 8
2193
24 15 22 26 7 27 5 11 8 4 25 28 2 1 20 0 23 12 9 19 3 17 16 21 13 14 10 18 6
2153
15 24 6 18 10 14 13 21 16 17 3 9 19 1 20 4 25 2 28 8 11 5 27 0 12 23 7 26 22
2196
4 1 19 9 3 17 16 21 13 10 14 18 6 24 15 22 26 7 23 12 20 0 27 5 11 8 28 2 25
2219
6 24 15 26 22 7 27 0 5 11 8 4 25 28 2 1 20 23 12 9 19 3 17 16 21 13 14 10 18
2192
10 6 24 18 15 26 22 7 27 5 11 8 28 2 25 4 0 1 20 23 12 9 19 3 14 17 16 13 21
2293
28 8 11 5 27 7 22 26 15 24 6 18 14 10 13 21 16 17 3 19 9 12 23 0 20 1 4 25 2
2235
21 16 17 19 9 3 12 23 0 20 1 2 28 25 4 8 11 5 27 7 22 26 15 24 6 18 10 14 13
2195
18 6 24 15 22 26 7 27 5 11 8 4 25 28 2 1 20 0 23 12 9 19 3 17 16 21 13 10 14
2151
0 27 5 11 8 4 25 28 2 1 19 9 3 17 16 13 21 10 14 18 6 24 15 22 26 7 23 12 20
2116
8 25 28 2 1 19 9 3 17 16 21 13 14 10 18 6 24 15 22 26 7 27 0 23 12 20 4 5 11
2200
10 21 16 13 17 14 3 9 19 1 20 12 23 0 11 8 28 2 25 4 5 27 7 26 22 15 18 6 24
2238
6 18 14 10 21 13 16 17 3 9 19 1 20 12 23 0 4 25 2 28 8 11 5 27 7 26 22 15 24
2257
10 24 6 18 15 26 22 7 27 5 4 2 28 25 8 11 0 23 12 20 1 19 9 3 14 17 13 16 21
2238
22 7 23 12 0 27 5 11 8 28 2 25 4 20 1 19 9 3 17 16 21 13 14 10 18 6 24 15 26
2198
22 7 27 5 11 8 4 25 28 2 1 20 0 23 12 9 19 3 17 16 21 13 10 14 18 6 24 15 26
2153
21 16 17 19 9 12 23 0 20 1 2 28 25 4 8 11 5 27 7 26 22 15 24 6 10 3 18 14 13
2244
23 0 20 1 2 28 25 4 8 11 5 27 7 26 22 15 24 6 18 14 10 13 21 16 17 3 19 9 12
2151
8 11 5 27 0 7 22 26 23 15 12 18 6 24 10 14 13 21 16 17 3 9 19 20 1 4 25 2 28
2208
24 6 18 14 10 13 21 16 17 3 9 19 1 20 12 23 0 11 8 28 2 25 4 5 27 7 26 22 15
2293
12 9 19 3 17 16 21 13 14 10 18 6 24 15 22 26 7 27 5 11 8 4 25 28 2 1 20 0 23
2153
27 5 11 8 4 25 28 2 1 20 0 23 12 19 9 3 17 16 21 13 14 10 18 6 24 15 26 22 7
2155
22 7 23 12 0 27 5 11 8 28 2 25 4 20 1 19 9 3 17 16 21 13 14 10 18 6 24 15 26
2198
24 15 22 26 7 27 5 11 8 28 2 25 4 0 23 12 20 1 19 9 3 17 16 21 13 10 14 18 6
2278
8 11 5 27 7 22 26 15 24 6 18 14 10 13 21 16 17 3 19 9 12 23 0 20 1 2 28 25 4
2153
18 6 24 15 22 26 7 27 5 11 8 4 25 28 2 1 20 0 23 12 9 19 3 17 16 21 13 10 14
2151
27 7 26 22 15 24 6 18 10 14 13 21 16 17 3 9 19 12 23 0 20 1 2 28 25 4 8 11 5
2153
6 18 10 14 13 21 16 17 3 9 19 1 2 28 25 8 4 20 12 23 0 11 5 27 7 26 22 15 24
2244
1 19 9 3 17 13 16 21 10 14 18 6 24 15 22 26 7 23 12 0 27 5 11 8 28 2 25 4 20
2175
3 17 16 21 13 10 14 18 6 24 15 26 22 7 27 5 11 8 4 25 28 2 1 20 0 23 12 9 19
2153
6 18 14 10 13 21 16 17 3 19 9 12 23 1 20 4 25 2 28 8 11 5 0 27 7 26 22 15 24
2289
28 25 8 4 5 11 27 7 26 22 15 24 6 18 10 14 13 21 16 17 3 19 9 12 23 0 20 1 2
2192
23 0 4 2 28 25 8 11 5 27 7 26 22 15 24 6 18 14 10 13 21 16 17 3 9 19 1 20 12
2276
14 10 18 6 24 15 26 22 7 27 5 11 8 4 25 28 2 1 20 0 23 12 9 19 3 17 16 21 13
2155
28 2 1 20 4 5 0 23 12 9 19 3 17 16 21 13 10 14 18 6 24 15 22 26 7 27 11 8 25
2258
2 28 8 11 5 27 0 7 22 26 23 15 12 18 24 6 3 17 16 21 13 10 14 9 19 20 1 4 25
2303
2 28 25 8 11 27 0 5 4 20 12 23 7 26 22 15 24 6 18 14 17 16 21 13 10 3 9 19 1
2252
24 6 18 14 10 21 16 13 17 3 19 9 12 23 0 20 1 2 28 25 4 8 11 5 27 7 22 26 15
2134
19 9 12 23 0 20 1 2 28 25 4 8 11 5 27 7 26 22 15 24 6 18 10 14 13 21 16 17 3
2153
12 23 0 20 1 2 28 25 4 8 11 5 27 7 22 26 15 24 6 18 10 14 13 21 16 17 3 19 9
2155
21 16 17 3 19 9 12 23 0 20 1 2 28 25 4 8 11 5 27 7 22 26 15 24 6 18 10 14 13
2155
7 22 26 15 24 6 18 14 10 13 21 16 17 3 19 9 12 23 0 20 1 2 28 25 4 8 11 5 27
2153
2 25 8 11 27 0 5 4 20 12 23 7 26 22 15 24 6 18 14 10 21 16 13 17 3 9 19 1 28
2233
14 10 13 21 16 17 3 19 9 12 23 0 20 1 2 28 25 4 8 11 5 27 7 22 26 15 24 6 18
2153
9 3 17 16 21 13 14 10 18 6 24 15 26 22 7 27 5 11 0 23 12 20 4 8 25 28 2 1 19
2246
8 4 25 28 2 1 20 0 23 12 9 19 3 17 16 21 13 14 10 18 6 24 15 22 26 7 27 5 11
2153
3 19 9 12 23 0 20 1 2 28 25 4 8 11 5 27 7 22 26 15 24 6 18 14 10 13 21 16 17
2153
6 24 15 22 26 7 27 11 5 0 23 12 20 4 8 25 28 2 1 19 9 3 17 16 21 13 10 14 18
2241
4 1 20 19 9 3 17 16 13 21 10 14 18 6 24 12 15 23 26 22 7 0 27 5 11 8 28 2 25
2232
3 19 9 12 23 0 20 1 2 28 25 4 8 11 5 27 7 22 26 15 24 6 18 10 14 13 21 16 17
2155
22 26 15 24 6 18 14 10 13 21 16 17 3 9 19 1 20 12 23 0 4 25 2 28 8 11 5 27 7
2280
7 26 22 15 24 6 18 14 10 21 16 13 17 3 19 9 12 23 0 20 1 2 28 25 4 8 11 5 27
2132
19 3 17 16 21 13 10 14 18 6 24 15 22 26 7 27 5 11 8 4 25 28 2 1 20 0 23 12 9
2151
5 11 8 4 25 28 2 1 20 19 9 3 17 13 16 21 10 14 18 6 24 15 12 23 26 22 7 0 27
2106
19 17 16 13 21 10 6 24 15 26 22 7 27 5 11 8 4 25 28 2 1 20 0 23 18 14 3 12 9
2240
12 23 0 20 1 2 28 25 4 8 11 5 27 7 22 26 15 24 6 18 14 10 21 13 16 17 3 19 9
2132
24 15 26 22 7 27 5 11 8 28 2 25 4 0 23 12 20 1 19 9 3 17 16 21 13 14 10 18 6
2282
5 11 8 4 25 28 2 1 20 19 9 3 17 16 13 21 10 14 18 6 24 15 12 23 26 22 7 0 27
2104
25 2 28 8 11 5 27 0 20 23 7 26 22 15 12 3 17 16 13 21 10 14 6 24 18 9 19 1 4
2325
16 17 19 9 12 23 0 20 1 2 28 25 4 8 11 5 27 7 26 22 15 24 6 10 3 18 14 13 21
2244
1 20 4 2 28 25 8 11 5 27 0 12 23 7 26 22 15 24 6 18 14 10 21 16 13 17 3 9 19
2173
1 19 9 3 17 16 21 13 14 10 18 6 24 15 26 22 7 23 12 0 27 5 11 8 28 2 25 4 20
2198
21 13 14 10 18 6 24 15 22 26 7 27 4 25 2 28 8 11 5 0 23 12 20 1 19 9 3 17 16
2297
21 16 17 3 19 9 12 23 0 20 1 2 28 25 4 8 11 5 27 7 22 26 15 24 6 18 14 10 13
2153
10 24 6 18 15 22 26 7 27 5 11 8 28 2 25 4 0 23 12 20 1 19 9 3 14 17 16 13 21
2221
27 0 7 22 26 23 15 24 6 18 12 14 10 13 21 16 17 3 9 19 20 1 2 28 25 4 8 11 5
2180
10 18 6 24 15 22 26 7 27 5 11 0 23 12 20 4 8 25 28 2 1 19 9 3 14 17 16 13 21
2189
15 24 6 18 10 14 13 21 16 17 3 19 9 12 23 0 20 1 2 28 25 4 8 11 5 27 7 22 26
2155
18 6 24 15 26 22 7 27 5 11 8 4 25 28 2 1 20 0 23 12 9 19 3 17 16 21 13 14 10
2155
1 19 9 3 17 16 21 13 14 10 18 6 24 15 22 26 7 27 11 5 8 28 2 25 4 0 23 12 20
2315
9 12 23 0 20 1 2 28 25 4 8 11 5 27 7 22 26 15 24 6 18 14 10 13 21 16 17 3 19
2153
9 12 23 0 20 1 2 28 25 4 8 11 5 27 7 26 22 15 24 6 18 14 10 13 21 16 17 3 19
2151
20 4 5 11 8 25 28 2 1 19 9 3 17 16 21 13 14 10 18 6 24 15 26 22 7 23 12 0 27
2229
19 9 12 23 0 20 1 2 28 25 4 8 11 5 27 7 26 22 15 24 6 18 14 10 21 13 16 17 3
2130
26 7 23 12 0 27 5 11 8 28 2 25 4 20 1 19 9 3 17 16 21 13 10 14 18 6 24 15 22
2194
21 16 17 19 9 3 12 23 0 20 1 2 28 25 4 8 11 5 27 7 26 22 15 24 6 18 10 14 13
2193
25 8 4 5 11 27 0 20 12 23 7 26 22 15 24 6 18 3 14 10 21 16 13 17 9 19 1 2 28
2206
28 25 8 11 5 4 20 0 27 7 22 26 23 15 12 3 17 16 21 13 10 14 24 6 18 9 19 1 2
2269
13 21 16 17 19 9 3 12 23 0 20 1 2 28 25 4 8 11 5 27 7 26 22 15 24 6 18 10 14
2193
3 19 9 12 23 0 20 1 2 28 25 4 8 11 5 27 7 26 22 15 24 6 18 10 14 13 21 16 17
2153
10 21 13 16 17 14 3 9 19 1 2 28 25 8 4 20 12 23 0 11 5 27 7 22 26 15 18 6 24
2187
6 18 10 14 13 21 16 17 3 19 9 12 23 0 20 1 2 28 25 4 8 11 5 27 7 22 26 15 24
2155
3 9 19 1 20 12 23 0 4 25 2 28 8 11 5 27 7 22 26 15 24 6 18 14 10 21 13 16 17
2259
8 25 28 2 1 20 4 19 9 3 17 16 13 21 10 14 24 6 18 12 15 26 22 7 23 0 27 5 11
2251
9 12 23 0 20 1 2 28 25 4 8 11 5 27 7 22 26 15 24 6 18 10 14 13 21 16 17 3 19
2155
0 20 1 2 28 25 4 8 11 5 27 7 26 22 15 24 6 18 10 14 13 21 16 17 3 9 19 12 23
2153
15 24 6 18 14 10 13 21 16 17 3 19 9 12 23 0 20 1 2 28 25 4 8 11 5 27 7 22 26
2153
3 9 19 1 20 4 28 2 25 8 11 5 27 0 12 23 7 26 22 15 24 6 18 10 14 13 21 16 17
2197
21 13 10 14 18 6 24 15 22 26 7 27 5 11 8 4 25 28 2 1 20 0 23 3 12 9 19 17 16
2267
19 9 12 23 0 20 1 2 28 25 4 8 11 5 27 7 26 22 15 24 6 18 14 10 21 13 16 17 3
2130
27 5 11 8 4 25 28 2 1 20 19 9 3 17 16 21 13 14 10 24 6 18 12 15 22 26 23 7 0
2131
15 24 6 18 10 14 13 21 16 17 3 19 9 12 23 0 20 1 2 28 25 4 8 11 5 27 7 26 22
2153
7 26 22 15 24 6 18 10 14 13 21 16 17 3 9 19 1 20 12 23 0 5 11 8 25 2 28 4 27
2298
24 6 18 10 14 13 21 16 17 3 19 9 12 23 0 20 1 2 28 25 4 8 11 5 27 7 22 26 15
2155
11 5 27 0 7 22 26 23 15 24 6 18 12 3 14 10 13 21 16 17 9 19 20 1 2 28 25 4 8
2179
2 1 20 4 0 23 12 9 19 3 13 21 16 17 14 10 18 6 24 15 26 22 7 27 5 11 8 25 28
2256
22 26 15 24 6 18 10 14 13 21 16 17 3 9 19 1 20 12 23 0 4 28 2 25 8 11 5 27 7
2283
1 19 9 3 17 16 13 21 10 14 18 6 24 15 22 26 7 23 12 0 27 20 4 5 11 8 25 28 2
2204
2 1 20 4 0 23 12 19 9 3 17 16 21 13 14 10 18 6 24 15 22 26 7 27 5 11 8 25 28
2246
11 5 27 7 26 22 15 24 6 18 10 14 13 21 16 17 3 9 19 12 23 0 4 20 1 2 28 25 8
2246
5 11 8 4 25 28 2 1 20 0 23 12 9 19 3 17 16 13 21 10 14 18 6 24 15 26 22 7 27
2132
4 8 11 5 27 0 20 12 23 7 22 26 15 24 6 18 10 14 13 21 16 17 3 9 19 1 2 28 25
2141
2 28 1 19 9 17 13 16 21 10 14 3 18 6 24 15 26 22 7 23 12 20 0 27 11 5 4 8 25
2216
18 14 10 21 13 16 17 3 9 19 1 20 12 23 0 4 25 2 28 8 11 5 27 7 26 22 15 24 6
2257
18 6 24 15 22 26 7 27 5 11 8 28 2 25 4 0 23 12 20 1 19 9 3 17 16 21 13 14 10
2280
14 10 13 21 16 17 3 9 19 1 20 12 23 0 5 4 2 28 25 8 11 27 7 26 22 15 24 6 18
2290
27 5 11 8 4 25 28 2 1 20 19 9 3 17 16 13 21 10 14 24 6 18 12 15 23 26 22 7 0
2150
13 14 10 18 6 24 15 26 22 7 27 5 11 8 4 25 28 2 1 20 0 23 12 9 19 3 17 16 21
2155
17 16 21 13 10 14 18 6 24 15 26 22 7 27 5 11 8 4 25 28 2 1 20 0 23 12 9 19 3
2153
8 25 28 2 1 20 4 5 0 23 12 19 9 3 17 16 21 13 10 14 18 6 24 15 22 26 7 27 11
2258
24 6 18 10 14 13 21 16 17 3 19 9 12 23 0 20 1 2 28 25 4 8 11 5 27 7 26 22 15
2153
1 2 28 25 8 4 11 5 27 0 20 12 23 7 22 26 15 24 6 18 14 10 21 16 13 17 3 9 19
2158
19 9 12 23 0 20 1 2 28 25 4 8 11 5 27 7 26 22 15 24 6 18 10 14 13 21 16 17 3
2153
24 6 18 10 14 13 21 16 17 3 9 19 1 20 4 25 2 28 8 11 5 27 0 12 23 7 26 22 15
2196
15 24 6 18 10 14 13 21 16 17 3 19 9 12 23 0 20 1 2 28 25 4 8 11 5 27 7 26 22
2153
7 27 5 11 8 4 25 28 2 1 20 0 23 12 9 19 3 17 16 21 13 14 10 18 6 24 15 22 26
2153
28 2 1 19 9 24 6 18 14 10 13 21 16 17 3 12 15 23 26 22 7 27 0 20 4 5 11 8 25
2269
4 20 12 23 0 27 7 22 26 15 24 6 18 3 17 16 21 13 10 14 9 19 1 2 28 25 8 11 5
2250
20 4 5 11 8 25 28 2 1 19 9 18 24 6 10 14 13 21 16 17 3 12 15 26 22 7 23 0 27
2251
26 22 7 27 4 28 2 25 8 11 5 0 23 12 20 1 19 9 3 17 13 16 21 10 14 18 6 24 15
2279
20 1 19 9 3 17 16 21 13 14 10 18 6 24 15 26 22 7 23 12 0 27 5 11 8 25 28 2 4
2196
6 18 14 10 21 13 16 17 3 9 19 1 20 12 23 0 4 25 2 28 8 11 5 27 7 22 26 15 24
2259
19 9 12 23 0 20 1 2 28 25 4 8 11 5 27 7 22 26 15 24 6 18 10 14 13 21 16 17 3
2155
14 10 13 21 16 17 3 9 19 1 20 12 23 0 5 11 8 25 28 2 4 27 7 26 22 15 24 6 18
2293
28 2 1 20 19 9 14 10 13 21 16 17 3 12 18 6 24 15 23 26 22 7 0 27 11 5 4 8 25
2219
28 2 25 4 1 20 0 23 12 19 9 3 17 16 13 21 10 14 18 6 24 15 26 22 7 27 5 11 8
2214
14 18 6 24 15 26 22 7 27 5 11 8 28 2 25 4 0 23 12 20 1 19 9 3 17 13 16 21 10
2261
14 10 13 21 16 17 3 9 19 1 20 12 23 0 4 2 28 25 8 5 11 27 7 26 22 15 24 6 18
2311
9 19 1 20 12 23 0 4 28 2 25 8 11 5 27 7 26 22 15 24 6 18 14 10 13 21 16 17 3
2279
20 1 2 28 25 8 4 5 11 27 0 7 22 26 23 12 15 24 6 18 10 14 13 21 16 17 3 9 19
2166
2 28 25 8 11 5 27 7 26 22 15 24 6 18 10 14 17 16 21 13 3 9 19 12 23 0 4 20 1
2254
13 21 16 17 3 9 19 1 20 12 23 0 11 8 25 28 2 4 5 27 7 26 22 15 24 6 18 10 14
2293
6 18 14 10 13 21 16 17 3 9 19 1 20 12 23 0 11 8 28 2 25 4 5 27 7 22 26 15 24
2295
23 0 20 1 2 28 25 4 8 11 5 27 7 22 26 15 24 6 18 10 14 13 21 16 17 3 19 9 12
2155
14 13 21 16 17 3 9 19 1 20 12 23 0 11 8 28 2 25 4 5 27 7 26 22 15 24 6 18 10
2295
17 19 9 12 3 14 18 15 26 7 27 5 11 8 4 25 28 2 1 20 0 23 22 6 24 10 21 13 16
2153
22 7 27 5 11 8 25 28 2 4 0 23 12 20 1 19 9 3 17 16 21 13 14 10 18 6 24 15 26
2280
21 16 17 3 19 9 12 23 0 20 1 2 28 25 4 8 11 5 27 7 22 26 15 24 6 18 14 10 13
2153
9 19 3 17 13 16 21 10 14 18 6 24 15 26 22 7 27 5 11 8 4 25 28 2 1 20 0 23 12
2134
22 26 15 24 6 18 14 10 21 16 13 17 3 9 19 1 20 12 23 0 4 2 28 25 8 11 5 27 7
2259
17 16 21 13 10 14 18 6 24 15 26 22 7 27 5 11 8 4 25 28 2 1 20 0 23 12 3 9 19
2193
12 0 27 5 11 8 28 2 25 4 20 1 19 9 3 17 16 21 13 14 10 18 6 24 15 22 26 7 23
2196
19 3 17 13 16 21 10 14 18 6 24 15 26 22 7 27 5 11 8 4 25 28 2 1 20 0 23 12 9
2134
16 17 3 19 9 12 23 0 20 1 2 28 25 4 8 11 5 27 7 22 26 15 24 6 18 14 10 13 21
2153
5 11 8 25 28 2 1 20 4 0 23 12 19 9 3 17 16 21 13 10 14 18 6 24 15 26 22 7 27
2246
21 13 14 10 18 6 24 15 26 22 7 27 5 11 8 4 25 28 2 1 20 0 23 12 3 9 19 17 16
2195
11 8 4 25 28 2 1 20 19 9 3 14 10 21 13 16 17 12 18 6 24 15 22 26 7 23 0 27 5
2157
6 24 15 26 22 7 23 12 0 27 5 11 8 25 2 28 4 20 1 19 9 3 17 13 16 21 10 14 18
2178
27 0 20 12 23 7 22 26 15 24 6 18 3 14 10 13 21 16 17 9 19 1 2 28 25 4 8 11 5
2188
12 9 19 3 17 16 21 13 14 10 18 6 24 15 22 26 7 27 5 11 8 4 25 28 2 1 20 0 23
2153
3 17 16 13 21 10 14 18 6 24 15 22 26 7 27 5 11 8 28 2 25 4 0 23 12 20 1 19 9
2257
28 2 25 4 1 20 19 9 3 17 16 21 13 10 14 18 6 24 12 15 22 26 23 7 0 27 5 11 8
2258
18 6 24 15 22 26 7 27 5 11 8 4 25 28 2 1 20 0 23 12 9 19 3 17 16 21 13 14 10
2153
13 10 14 18 3 6 24 15 22 26 7 27 5 11 8 4 25 28 2 1 20 0 23 12 9 19 17 16 21
2263
10 21 13 16 17 14 3 19 9 12 23 0 20 1 2 28 25 4 8 11 5 27 7 22 26 15 24 6 18
2100
1 2 28 25 8 11 27 7 26 22 15 24 6 18 10 14 13 21 16 17 3 19 9 12 23 0 5 4 20
2260
9 3 12 23 0 20 1 2 28 25 4 8 11 5 27 7 26 22 15 24 6 18 10 14 13 21 16 17 19
2193
3 17 16 13 21 10 14 18 6 24 15 22 26 7 27 5 11 8 4 25 28 2 1 20 0 23 12 9 19
2130
13 14 10 18 6 24 15 22 26 7 27 5 11 8 4 25 28 2 1 20 0 23 12 3 9 19 17 16 21
2193
11 5 27 0 20 23 7 26 22 15 12 3 17 16 13 21 10 14 18 24 6 9 19 1 4 25 2 28 8
2325
18 6 24 15 26 22 7 27 5 11 8 28 2 25 4 0 23 12 20 1 19 9 3 17 16 13 21 10 14
2259
19 9 12 23 0 20 1 2 28 25 4 8 11 5 27 7 22 26 15 24 6 18 14 10 21 16 13 17 3
2134
20 1 19 9 3 17 16 21 13 10 14 18 6 24 15 22 26 7 27 5 4 28 2 25 8 11 0 23 12
2294
5 11 8 4 25 28 2 1 20 0 23 12 19 9 3 17 13 16 21 10 14 18 6 24 15 26 22 7 27
2134
10 24 6 18 15 22 26 7 27 0 5 11 8 4 25 28 2 1 20 23 12 9 19 3 14 17 16 13 21
2131
7 22 26 15 24 6 18 14 10 21 16 13 17 3 19 9 12 23 0 20 1 2 28 25 4 8 11 5 27
2134
23 12 9 19 3 17 16 13 21 10 14 18 6 24 15 22 26 7 27 5 11 8 4 25 28 2 1 20 0
2130
14 10 13 21 16 17 3 9 19 1 20 12 23 0 4 25 2 28 8 11 5 27 7 22 26 15 24 6 18
2280
25 28 2 1 20 0 23 12 19 9 3 17 16 21 13 14 10 18 6 24 15 26 22 7 27 11 5 4 8
2194
17 16 21 13 10 14 18 6 24 15 22 26 7 27 5 11 8 4 25 28 2 1 20 0 23 12 9 19 3
2151
18 6 24 15 22 26 7 27 4 28 2 25 8 11 5 0 23 12 20 1 19 9 3 17 16 21 13 14 10
2298
11 8 4 25 28 2 1 20 19 9 3 17 16 21 13 10 14 12 18 6 24 15 22 26 7 23 0 27 5
2178
25 4 1 19 9 3 17 16 21 13 10 14 18 6 24 15 26 22 7 23 12 20 0 27 5 11 8 28 2
2221
12 0 27 5 11 8 25 2 28 4 20 1 19 9 3 17 16 21 13 10 14 18 6 24 15 26 22 7 23
2197
23 12 20 1 19 9 3 17 16 13 21 10 14 18 6 24 15 22 26 7 27 5 11 8 25 2 28 4 0
2258
28 25 8 4 11 5 27 7 22 26 15 24 6 18 14 10 21 16 13 17 3 9 19 12 23 0 20 1 2
2172
2 25 4 1 20 19 9 14 10 13 21 16 17 3 12 18 6 24 15 23 26 22 7 0 27 5 11 8 28
2262
25 28 2 1 19 9 3 17 16 21 13 14 10 18 6 24 15 26 22 7 23 12 20 0 27 5 11 4 8
2179
23 12 20 1 19 9 3 17 16 13 21 10 14 18 6 24 15 26 22 7 27 4 25 2 28 8 11 5 0
2276
6 18 10 14 13 21 16 17 3 19 9 12 23 1 20 4 25 2 28 8 11 5 0 27 7 26 22 15 24
2291
26 22 7 27 5 11 8 28 2 25 4 0 23 12 20 1 19 9 3 17 13 16 21 10 14 18 6 24 15
2261
16 21 13 10 14 18 6 24 15 26 22 7 27 11 5 0 23 12 20 4 8 25 28 2 1 19 9 3 17
2243
8 25 28 2 1 20 19 9 3 14 10 13 21 16 17 12 18 6 24 15 22 26 23 7 0 27 11 5 4
2224
0 23 12 9 19 3 17 16 21 13 14 10 18 6 24 15 26 22 7 27 5 11 8 4 25 28 2 1 20
2155
12 23 0 20 1 2 28 25 4 8 11 5 27 7 22 26 15 24 6 18 14 10 13 21 16 17 3 19 9
2153
20 4 0 23 12 19 9 3 17 16 21 13 10 14 18 6 24 15 26 22 7 27 5 11 8 25 28 2 1
2246
1 19 9 3 17 16 13 21 10 14 18 6 24 15 22 26 7 23 12 0 27 20 4 5 11 8 25 28 2
2204
18 14 10 21 16 13 17 3 19 9 12 23 0 20 1 2 28 25 4 8 11 5 27 7 22 26 15 24 6
2134
27 0 20 12 23 7 26 22 15 24 6 18 10 14 13 21 16 17 3 9 19 1 2 28 25 4 8 11 5
2139
12 23 0 20 1 2 28 25 4 8 11 5 27 7 22 26 15 24 6 18 14 10 13 21 16 17 3 19 9
2153
12 23 0 20 1 2 28 25 4 8 11 5 27 7 22 26 15 24 6 18 10 14 13 21 16 17 3 19 9
2155
0 27 5 11 8 4 25 28 2 1 20 19 9 17 16 21 13 10 14 3 12 18 6 24 15 23 26 22 7
2179
26 7 27 5 11 8 4 25 28 2 1 20 0 23 12 9 19 3 17 16 21 13 14 10 18 6 24 15 22
2153
10 24 6 18 15 22 26 7 27 11 5 0 23 12 20 4 8 25 28 2 1 19 9 3 14 17 13 16 21
2186
13 21 16 17 19 9 12 3 18 15 26 7 27 5 11 8 28 2 25 4 0 1 20 23 22 6 24 10 14
2387
23 0 20 1 2 28 25 4 8 11 5 27 7 26 22 15 24 6 18 10 14 13 21 16 17 3 19 9 12
2153
6 18 14 10 21 16 13 17 3 9 19 1 20 12 23 0 5 11 8 28 2 25 4 27 7 26 22 15 24
2276
19 9 12 3 18 15 23 0 20 1 2 28 25 4 8 11 5 27 7 26 22 6 24 10 14 13 21 16 17
2156
21 13 14 10 18 6 24 15 26 22 7 27 5 11 8 25 28 2 4 0 23 12 20 1 19 9 3 17 16
2280
15 24 6 18 14 10 21 16 13 17 3 9 19 1 20 12 23 0 4 25 2 28 8 11 5 27 7 26 22
2259
23 0 20 1 2 28 25 4 8 11 5 27 7 22 26 15 24 6 18 10 14 13 21 16 17 3 19 9 12
2155
3 10 6 24 15 26 22 7 27 5 11 8 4 25 28 2 1 20 0 23 12 9 19 17 16 21 13 14 18
2246
4 20 12 23 7 26 22 15 24 6 18 3 17 13 16 21 10 14 9 19 1 2 28 25 8 11 27 0 5
2275
25 4 1 19 9 18 14 10 21 16 13 17 3 12 15 24 6 22 26 7 23 20 0 27 5 11 8 28 2
2246
6 18 10 14 13 21 16 17 3 19 9 12 23 0 20 1 2 28 25 4 8 11 5 27 7 26 22 15 24
2153
13 10 14 18 6 24 15 26 22 7 27 5 11 8 28 2 25 4 0 23 12 20 1 19 9 3 17 16 21
2280
26 22 7 27 5 11 8 25 2 28 4 0 23 12 20 1 19 9 3 17 16 21 13 14 10 18 6 24 15
2283
8 11 5 27 7 26 22 15 24 6 18 14 10 13 21 16 17 3 9 19 12 23 0 20 1 2 28 25 4
2151
22 7 27 5 4 2 28 25 8 11 0 23 12 20 1 19 9 3 17 16 13 21 10 14 18 6 24 15 26
2272
5 11 8 4 25 28 2 1 20 0 23 12 9 19 3 17 16 21 13 10 14 18 6 24 15 22 26 7 27
2151
16 21 13 14 10 18 6 24 15 26 22 7 27 5 11 8 4 25 28 2 1 20 0 23 3 12 9 19 17
2271
22 26 15 24 6 18 14 10 13 21 16 17 3 9 19 1 20 12 23 0 5 11 8 25 28 2 4 27 7
2295
24 6 18 14 10 21 16 13 17 3 9 19 1 20 12 23 0 4 2 28 25 8 11 5 27 7 26 22 15
2257
7 26 22 15 24 6 18 14 10 13 21 16 17 3 19 9 12 23 0 20 1 2 28 25 4 8 11 5 27
2151
20 0 23 12 19 9 3 17 13 16 21 10 14 18 6 24 15 26 22 7 27 11 5 4 8 25 28 2 1
2173
24 6 18 14 10 21 16 13 17 3 19 9 12 23 0 20 1 2 28 25 4 8 11 5 27 7 22 26 15
2134
11 5 27 0 20 23 7 26 22 15 12 3 17 16 21 13 14 10 6 24 18 9 19 1 2 28 25 4 8
2219
10 18 6 24 15 22 26 7 27 5 11 8 28 2 25 4 0 1 20 23 12 9 19 3 14 17 16 13 21
2295
6 18 10 14 13 21 16 17 3 19 9 12 23 1 20 0 4 2 28 25 8 11 5 27 7 26 22 15 24
2348
4 8 11 5 27 0 7 22 26 23 15 12 6 24 18 14 10 13 21 16 17 3 9 19 20 1 2 28 25
2171
17 3 19 9 12 23 0 20 1 2 28 25 4 8 11 5 27 7 22 26 15 24 6 18 10 14 13 21 16
2155
24 15 22 26 7 23 12 0 27 5 11 8 28 2 25 4 20 1 19 9 3 17 13 16 21 10 14 18 6
2175
17 16 21 13 14 10 18 6 24 15 26 22 7 27 11 5 0 23 12 20 4 8 25 28 2 1 19 9 3
2245
10 6 24 18 15 26 22 7 27 11 5 0 23 12 20 4 8 25 28 2 1 19 9 3 14 17 13 16 21
2188
9 19 3 17 16 21 13 14 10 18 6 24 15 22 26 7 27 5 11 8 4 25 28 2 1 20 0 23 12
2153
17 16 21 13 14 10 18 6 24 15 22 26 7 23 12 0 27 5 11 8 28 2 25 4 20 1 19 9 3
2196
25 8 11 5 4 20 27 0 12 23 7 26 22 15 24 6 18 14 10 21 16 13 17 3 9 19 1 2 28
2206
16 17 3 9 19 1 20 12 23 0 4 28 2 25 8 11 5 27 7 26 22 15 24 6 18 10 14 13 21
2281
27 5 11 8 4 25 28 2 1 19 9 17 16 13 21 10 14 3 18 6 24 15 22 26 7 23 12 20 0
2165
5 11 8 4 25 28 2 1 20 19 9 18 14 10 21 13 16 17 3 12 15 24 6 22 26 7 23 0 27
2123
11 8 4 25 28 2 1 19 9 17 16 21 13 10 14 3 18 6 24 15 26 22 7 23 12 20 0 27 5
2188
2 1 20 0 23 12 9 19 3 10 13 21 16 17 14 18 6 24 15 26 22 7 27 5 11 4 8 25 28
2199
24 6 18 14 10 13 21 16 17 3 19 9 12 23 0 20 1 2 28 25 4 8 11 5 27 7 22 26 15
2153
16 21 13 14 10 18 6 24 15 22 26 7 27 5 11 8 4 25 28 2 1 20 0 23 12 3 9 19 17
2193
23 0 4 28 2 25 8 11 5 27 7 26 22 15 24 6 18 14 10 13 21 16 17 3 9 19 1 20 12
2279
28 2 1 20 19 9 14 10 13 21 16 17 3 6 24 18 12 15 23 26 22 7 0 27 11 5 4 8 25
2260
11 8 4 25 28 2 1 20 19 9 3 17 16 21 13 10 14 12 18 6 24 15 22 26 7 23 0 27 5
2178
15 24 6 18 10 14 13 21 16 17 3 9 19 1 20 12 23 0 4 28 2 25 8 11 5 27 7 22 26
2283
10 21 13 16 17 14 3 9 19 1 20 12 23 0 11 8 25 28 2 4 5 27 7 22 26 15 24 6 18
2240
22 7 27 5 11 8 4 25 28 2 1 20 0 23 12 9 19 3 17 16 21 13 14 10 18 6 24 15 26
2155
23 7 26 22 15 24 6 18 10 14 13 21 16 17 3 9 19 1 20 4 25 2 28 8 11 5 27 0 12
2196
15 26 22 7 27 5 11 8 4 25 28 2 1 20 0 23 12 9 19 3 17 16 21 13 10 14 18 6 24
2153
4 25 2 28 8 11 5 27 0 20 12 23 7 22 26 15 24 6 18 14 10 13 21 16 17 3 9 19 1
2221
25 2 28 8 11 5 27 0 20 12 23 7 26 22 15 24 6 18 10 14 13 21 16 17 3 9 19 1 4
2221
2 28 25 8 11 5 4 20 27 0 12 23 7 26 22 15 24 6 18 14 17 16 21 13 10 3 9 19 1
2233
5 0 23 12 19 9 3 17 16 21 13 14 10 18 6 24 15 26 22 7 27 11 8 25 28 2 1 20 4
2262
23 0 5 11 27 7 22 26 15 24 6 18 10 14 13 21 16 17 3 9 19 1 2 28 25 8 4 20 12
2245
2 1 20 0 23 12 9 19 3 17 16 13 21 10 14 18 6 24 15 22 26 7 27 5 11 4 8 25 28
2168
7 26 22 15 24 6 18 14 10 13 21 16 17 3 19 9 12 23 0 20 1 2 28 25 4 8 11 5 27
2151
22 26 15 24 6 18 10 14 13 21 16 17 3 19 9 12 23 0 20 1 2 28 25 4 8 11 5 27 7
2155
26 15 24 6 18 10 14 13 21 16 17 3 9 19 1 20 12 23 0 4 25 2 28 8 11 5 27 7 22
2282
4 1 20 0 23 12 19 9 3 17 16 21 13 14 10 18 6 24 15 22 26 7 27 5 11 8 28 2 25
2235
18 14 10 13 21 16 17 3 9 19 1 20 12 23 0 4 25 2 28 8 11 5 27 7 22 26 15 24 6
2280
13 21 16 17 3 19 9 12 23 0 20 1 2 28 25 4 8 11 5 27 7 26 22 15 24 6 18 14 10
2151
1 19 9 6 24 18 14 10 13 21 16 17 3 12 15 22 26 7 23 20 0 27 11 5 4 8 25 28 2
2303
13 21 16 17 19 9 3 12 23 0 20 1 2 28 25 4 8 11 5 27 7 26 22 15 24 6 18 14 10
2191
26 15 24 6 18 10 14 13 21 16 17 3 19 9 12 23 0 20 1 2 28 25 4 8 11 5 27 7 22
2155
24 15 26 22 7 23 12 0 27 5 11 8 25 2 28 4 20 1 19 9 3 17 16 21 13 14 10 18 6
2199
27 7 22 26 15 24 6 18 14 10 13 21 16 17 3 19 9 12 23 0 20 1 2 28 25 4 8 11 5
2153
12 9 19 3 17 16 21 13 14 10 18 6 24 15 22 26 7 27 5 11 8 4 25 28 2 1 20 0 23
2153
7 22 26 15 24 6 18 14 10 13 21 16 17 3 19 9 12 23 0 20 1 2 28 25 4 8 11 5 27
2153
17 16 13 21 10 6 24 15 18 14 9 19 1 20 4 2 28 25 8 11 5 27 0 23 7 22 26 12 3
2254
4 8 11 5 27 7 22 26 15 24 6 18 14 10 13 21 16 17 3 9 19 12 23 0 20 1 2 28 25
2153
19 1 20 12 23 0 4 25 2 28 8 11 5 27 7 22 26 15 24 6 18 14 10 21 13 16 17 3 9
2259
6 24 15 26 22 7 27 0 5 11 8 25 2 28 4 20 1 23 12 9 19 3 17 16 21 13 10 14 18
2292
18 6 24 15 22 26 7 27 5 11 8 4 25 28 2 1 20 0 23 12 9 19 3 17 13 16 21 10 14
2132
19 9 3 17 16 21 13 14 10 18 6 24 15 22 26 7 27 5 11 8 25 2 28 4 0 23 12 20 1
2281
1 2 28 25 8 11 5 4 20 27 0 12 23 7 22 26 15 24 6 18 14 10 21 13 16 17 3 9 19
2206
11 8 4 25 28 2 1 20 0 23 12 19 9 3 17 16 21 13 10 14 18 6 24 15 26 22 7 27 5
2153
16 21 13 14 10 18 6 24 15 26 22 7 23 12 0 27 5 11 8 25 28 2 4 20 1 19 9 3 17
2196
17 19 9 12 3 14 18 23 20 1 2 28 25 8 4 0 11 5 27 7 22 26 15 24 6 10 21 16 13
2397
9 19 3 17 16 21 13 10 14 18 6 24 15 22 26 7 27 5 11 8 4 25 28 2 1 20 0 23 12
2151
1 2 28 25 8 4 11 5 27 0 7 22 26 23 15 24 6 18 12 3 14 10 13 21 16 17 9 19 20
2217
12 23 0 20 1 2 28 25 4 8 11 5 27 7 22 26 15 24 6 18 14 10 21 16 13 17 3 19 9
2134
13 16 17 3 12 15 22 26 23 7 27 5 11 8 28 2 25 4 0 20 1 19 9 14 18 6 24 10 21
2282
12 23 7 22 26 15 24 6 18 10 14 13 21 16 17 3 9 19 1 20 4 28 2 25 8 11 5 27 0
2199
13 14 10 18 6 24 15 26 22 7 27 5 11 8 4 25 28 2 1 20 0 23 12 3 9 19 17 16 21
2195
28 8 11 5 27 0 7 22 26 23 15 12 3 17 16 21 13 10 14 18 24 6 9 19 20 1 4 25 2
2309
19 9 12 23 0 20 1 2 28 25 4 8 11 5 27 7 22 26 15 24 6 18 10 14 13 21 16 17 3
2155
25 2 28 8 11 5 27 0 23 7 22 26 15 24 6 18 12 3 14 10 21 16 13 17 9 19 20 1 4
2242
12 9 19 3 17 16 21 13 10 14 18 6 24 15 22 26 7 27 5 11 8 4 25 28 2 1 20 0 23
2151
1 20 4 28 2 25 8 11 5 27 0 12 23 7 26 22 15 24 6 18 10 14 13 21 16 17 3 9 19
2197
2 25 8 11 0 27 5 4 20 12 23 7 26 22 15 24 6 18 10 14 13 21 16 17 3 9 19 1 28
2255
14 18 6 24 15 22 26 7 27 5 11 8 4 25 28 2 1 20 0 23 12 9 19 3 17 16 13 21 10
2130
5 27 0 7 22 26 23 15 12 18 24 6 10 14 13 21 16 17 3 9 19 20 1 2 28 25 4 8 11
2126
7 22 26 15 24 6 18 14 10 21 13 16 17 3 9 19 1 20 4 25 2 28 8 11 5 27 0 12 23
2175
14 10 21 16 13 17 3 19 9 12 23 0 20 1 2 28 25 4 8 11 5 27 7 22 26 15 24 6 18
2134
7 27 5 11 8 4 25 28 2 1 20 0 23 12 9 19 3 17 16 21 13 14 10 18 6 24 15 22 26
2153
28 8 11 5 27 7 22 26 15 24 6 18 14 10 13 21 16 17 3 9 19 12 23 0 20 1 4 25 2
2235
5 27 0 20 12 23 7 26 22 15 24 6 18 14 10 21 16 13 17 3 9 19 1 2 28 25 4 8 11
2118
14 10 21 16 13 17 3 19 9 12 23 0 20 1 2 28 25 4 8 11 5 27 7 26 22 15 24 6 18
2132
18 6 24 15 22 26 7 27 5 11 8 4 25 28 2 1 20 0 23 12 9 19 3 17 13 16 21 10 14
2132
3 19 9 12 23 0 20 1 2 28 25 4 8 11 5 27 7 26 22 15 24 6 18 14 10 21 13 16 17
2130
16 21 13 14 10 18 6 24 15 22 26 7 27 5 11 8 4 25 28 2 1 20 0 23 12 9 19 3 17
2153
14 18 6 24 15 22 26 7 23 12 0 27 5 11 8 25 2 28 4 20 1 19 9 3 17 13 16 21 10
2176
12 23 7 22 26 15 24 6 18 10 14 13 21 16 17 3 9 19 1 20 4 25 2 28 8 11 5 27 0
2198
15 26 22 7 27 5 11 0 23 12 20 4 8 25 28 2 1 19 9 3 17 16 21 13 10 14 18 6 24
2244
0 27 5 11 8 4 25 28 2 1 19 9 3 17 16 13 21 10 14 18 6 24 15 26 22 7 23 12 20
2118
1 19 9 3 17 13 16 21 10 14 18 6 24 15 26 22 7 27 5 11 8 25 2 28 4 0 23 12 20
2262
17 16 21 13 10 14 18 6 24 15 22 26 7 27 5 11 8 4 25 28 2 1 20 0 23 12 3 9 19
2191
8 4 25 28 2 1 20 0 23 12 9 19 3 17 16 13 21 10 14 18 6 24 15 26 22 7 27 5 11
2132
19 1 20 12 23 0 4 28 2 25 8 11 5 27 7 26 22 15 24 6 18 14 10 13 21 16 17 3 9
2279
22 26 15 24 6 18 14 10 13 21 16 17 3 9 19 1 2 28 25 8 4 20 12 23 0 5 11 27 7
2243
15 24 6 18 14 10 13 21 16 17 3 19 9 12 23 0 20 1 2 28 25 4 8 11 5 27 7 26 22
2151
17 3 9 19 1 20 12 23 0 4 25 2 28 8 11 5 27 7 22 26 15 24 6 18 10 14 13 21 16
2282
12 9 19 3 17 13 16 21 10 14 18 6 24 15 26 22 7 27 5 11 8 4 25 28 2 1 20 0 23
2134
18 6 24 15 22 26 7 27 5 11 8 4 25 28 2 1 20 0 23 12 9 19 3 17 16 21 13 14 10
2153
5 27 0 20 12 23 7 22 26 15 24 6 18 10 14 13 21 16 17 3 9 19 1 2 28 25 4 8 11
2141
12 23 0 4 25 2 28 8 11 5 27 7 26 22 15 24 6 18 14 10 21 13 16 17 3 9 19 1 20
2257
16 21 13 14 10 18 6 24 15 26 22 7 27 5 11 8 4 25 28 2 1 20 0 23 12 9 19 3 17
2155
24 6 18 10 14 13 21 16 17 3 19 9 12 23 0 20 1 2 28 25 4 8 11 5 27 7 26 22 15
2153
0 23 7 26 22 15 12 18 6 24 14 10 21 16 13 17 3 9 19 20 1 2 28 25 4 8 11 5 27
2150
1 20 12 23 0 4 2 28 25 8 5 11 27 7 22 26 15 24 6 18 14 10 21 13 16 17 3 9 19
2292
16 17 3 9 19 1 20 4 28 2 25 8 11 5 27 0 12 23 7 22 26 15 24 6 18 14 10 13 21
2197
20 19 9 14 10 13 21 16 17 3 12 18 6 24 15 23 26 22 7 0 27 11 5 4 8 25 28 2 1
2219
8 4 25 28 2 1 20 0 23 12 9 19 3 17 16 21 13 14 10 18 6 24 15 26 22 7 27 5 11
2155
13 21 16 17 3 9 19 1 20 12 23 0 5 11 8 25 28 2 4 27 7 26 22 15 24 6 18 14 10
2293
10 21 13 16 17 14 3 9 19 1 20 4 25 2 28 8 11 5 27 0 12 23 7 22 26 15 18 24 6
2139
27 5 11 8 4 25 28 2 1 19 9 14 10 13 21 16 17 3 18 6 24 15 22 26 7 23 12 20 0
2187
8 25 28 2 1 20 4 0 23 12 9 19 3 17 16 21 13 14 10 18 6 24 15 26 22 7 27 5 11
2248
27 5 11 8 4 25 28 2 1 19 9 3 17 16 21 13 14 10 18 6 24 15 22 26 7 23 12 20 0
2139
22 7 27 5 11 8 4 25 28 2 1 20 0 23 12 9 19 3 17 16 13 21 10 14 18 6 24 15 26
2132
27 5 11 8 4 25 28 2 1 20 0 23 12 9 19 3 17 16 21 13 14 10 18 6 24 15 26 22 7
2155
20 4 5 0 23 12 9 19 3 17 16 21 13 14 10 18 6 24 15 26 22 7 27 11 8 25 28 2 1
2262
13 21 16 17 3 19 9 12 23 0 20 1 2 28 25 4 8 11 5 27 7 22 26 15 24 6 18 10 14
2155
14 18 6 24 15 26 22 7 27 5 11 8 4 25 28 2 1 20 0 23 12 9 19 3 17 16 13 21 10
2132
3 19 9 12 23 0 20 1 2 28 25 4 8 11 5 27 7 26 22 15 24 6 18 14 10 21 13 16 17
2130
3 23 20 1 0 4 25 2 28 8 11 5 27 7 22 26 15 24 6 18 14 10 13 21 16 17 19 9 12
2466
21 13 14 10 6 24 15 26 22 7 27 0 5 11 8 4 25 28 2 1 20 23 18 3 12 9 19 17 16
2314
19 17 13 16 21 10 24 6 22 23 0 20 1 2 28 25 4 8 11 5 27 7 26 15 18 14 3 12 9
2155
20 1 2 28 25 8 4 5 11 27 7 22 26 15 24 6 18 14 10 13 21 16 17 3 19 9 12 23 0
2192
18 14 10 13 21 16 17 3 9 19 1 20 12 23 0 4 2 28 25 8 11 5 27 7 26 22 15 24 6
2276
10 21 16 13 17 14 3 9 19 1 2 28 25 8 4 20 12 23 0 5 11 27 7 22 26 15 18 24 6
2188
21 13 14 10 18 6 24 15 26 22 7 27 5 11 8 4 25 28 2 1 20 0 23 12 9 19 3 17 16
2155
25 8 4 5 11 27 0 20 23 7 26 22 15 12 3 17 16 21 13 14 10 6 24 18 9 19 1 2 28
2258
3 17 16 21 13 10 14 18 6 24 15 26 22 7 27 5 11 8 28 2 25 4 0 23 12 20 1 19 9
2280
11 8 28 2 25 4 1 19 9 3 17 16 21 13 14 10 18 6 24 15 22 26 7 23 12 20 0 27 5
2221
19 9 3 12 23 0 20 1 2 28 25 4 8 11 5 27 7 26 22 15 24 6 18 14 10 13 21 16 17
2191
28 2 25 4 1 19 9 3 17 16 13 21 10 14 18 6 24 15 26 22 7 23 12 20 0 27 5 11 8
2200
5 4 20 1 2 28 25 8 11 27 7 22 26 15 24 6 18 10 14 13 21 16 17 3 9 19 12 23 0
2262
15 24 6 18 14 10 13 21 16 17 3 19 9 12 23 0 20 1 2 28 25 4 8 11 5 27 7 26 22
2151
4 8 11 5 27 0 7 22 26 23 15 12 18 24 6 10 14 13 21 16 17 3 9 19 20 1 2 28 25
2126
25 4 1 20 19 9 3 17 16 21 13 10 14 6 24 18 12 15 22 26 23 7 0 27 5 11 8 28 2
2258
2 25 8 11 5 4 20 12 23 0 27 7 26 22 15 24 6 18 10 14 13 21 16 17 3 9 19 1 28
2208
8 11 5 27 0 7 22 26 23 15 12 3 17 16 21 13 14 10 6 24 18 9 19 20 1 4 25 2 28
2264
28 2 25 4 1 20 0 23 12 19 9 3 17 16 21 13 14 10 18 6 24 15 22 26 7 27 5 11 8
2235
1 19 9 3 17 16 21 13 10 14 18 6 24 15 22 26 7 27 11 8 28 2 25 4 5 0 23 12 20
2292
25 2 28 8 11 5 27 7 22 26 15 24 6 18 10 14 13 21 16 17 3 19 9 12 23 0 20 1 4
2237
24 15 22 26 7 27 5 4 28 2 25 8 11 0 23 12 20 1 19 9 3 17 16 21 13 14 10 18 6
2296
19 9 3 12 23 0 20 1 2 28 25 4 8 11 5 27 7 26 22 15 24 6 18 14 10 13 21 16 17
2191
4 19 9 3 17 16 21 13 14 10 18 6 24 15 12 23 26 22 7 0 27 5 11 8 25 28 2 1 20
2228
21 16 17 19 9 12 23 0 20 1 2 28 25 4 8 11 5 27 7 22 26 15 24 6 3 18 14 10 13
2265
21 13 14 10 18 6 24 15 26 22 7 27 11 5 0 23 12 20 4 8 25 28 2 1 19 9 3 17 16
2245
12 20 1 19 9 3 17 16 21 13 10 14 18 6 24 15 22 26 7 27 5 11 8 28 2 25 4 0 23
2278
25 28 2 1 19 9 3 17 16 21 13 14 10 18 6 24 15 26 22 7 27 0 23 12 20 4 5 11 8
2202
1 2 28 25 8 11 5 4 20 27 0 12 23 7 22 26 15 24 6 18 3 17 16 13 21 10 14 9 19
2256
23 0 4 28 2 25 8 11 5 27 7 22 26 15 24 6 18 14 10 13 21 16 17 3 9 19 1 20 12
2281
22 26 15 24 6 18 14 10 13 21 16 17 3 19 9 12 23 0 20 1 2 28 25 4 8 11 5 27 7
2153
27 5 11 8 4 25 28 2 1 20 19 9 17 16 13 21 10 14 3 12 18 6 24 15 22 26 23 7 0
2163
19 17 16 21 13 14 10 24 6 22 26 7 27 0 5 11 8 4 25 28 2 1 20 23 15 18 3 12 9
2193
3 17 16 21 13 14 10 18 6 24 15 26 22 7 27 5 11 8 4 25 28 2 1 20 0 23 12 9 19
2155
17 16 21 13 10 14 18 6 24 15 26 22 7 27 5 11 8 4 25 28 2 1 20 0 23 12 9 19 3
2153
11 8 4 25 28 2 1 20 19 9 3 17 16 21 13 10 14 6 24 18 12 15 23 26 22 7 0 27 5
2171
27 5 11 8 4 25 28 2 1 20 19 9 14 10 21 16 13 17 3 12 18 6 24 15 22 26 7 23 0
2159
3 17 16 21 13 10 14 18 6 24 15 22 26 7 27 5 11 8 28 2 25 4 0 23 12 20 1 19 9
2278
4 25 2 28 8 11 5 27 0 20 12 23 7 26 22 15 24 6 18 10 14 13 21 16 17 3 9 19 1
2221
26 15 24 6 18 14 10 21 13 16 17 3 19 9 12 23 0 20 1 2 28 25 4 8 11 5 27 7 22
2132
8 25 28 2 1 20 19 9 3 17 16 21 13 14 10 6 24 18 12 15 26 22 7 23 0 27 11 5 4
2165
12 23 7 26 22 15 24 6 18 14 10 21 16 13 17 3 9 19 1 20 4 25 2 28 8 11 5 27 0
2175
28 8 11 5 27 0 7 22 26 23 15 12 24 6 18 14 10 21 16 13 17 3 9 19 20 1 4 25 2
2234
20 4 5 0 23 12 9 19 3 17 16 13 21 10 14 18 6 24 15 26 22 7 27 11 8 25 28 2 1
2239
6 18 14 10 13 21 16 17 3 9 19 1 2 28 25 8 4 20 12 23 0 5 11 27 7 26 22 15 24
2241
28 25 8 4 5 11 27 0 23 7 26 22 15 24 6 18 12 3 17 13 16 21 10 14 9 19 20 1 2
2198
13 14 10 18 6 24 15 22 26 7 27 5 11 8 4 25 28 2 1 20 0 23 12 9 19 3 17 16 21
2153
13 14 10 18 6 24 15 26 22 7 27 4 28 2 25 8 11 5 0 23 12 20 1 19 9 3 17 16 21
2300
4 8 11 5 27 0 7 22 26 23 15 12 18 24 6 10 14 13 21 16 17 3 9 19 20 1 2 28 25
2126
8 11 5 27 7 22 26 15 24 6 18 10 14 13 21 16 17 3 9 19 12 23 0 20 1 4 25 2 28
2237
16 21 13 14 10 18 6 24 15 26 22 7 27 5 11 8 4 25 28 2 1 20 0 23 12 3 9 19 17
2195
21 16 17 3 19 9 12 23 0 20 1 2 28 25 4 8 11 5 27 7 22 26 15 24 6 18 14 10 13
2153
3 19 9 12 23 0 20 1 2 28 25 4 8 11 5 27 7 22 26 15 24 6 18 10 14 13 21 16 17
2155
26 15 24 6 18 14 10 21 13 16 17 3 9 19 1 20 12 23 0 4 25 2 28 8 5 11 27 7 22
2294
8 28 2 25 4 1 19 9 17 16 21 13 10 14 3 18 6 24 15 22 26 7 23 12 20 0 27 5 11
2268
12 23 0 5 4 28 2 25 8 11 27 7 22 26 15 24 6 18 10 14 13 21 16 17 3 9 19 1 20
2297
17 3 19 9 12 23 0 20 1 2 28 25 4 8 11 5 27 7 26 22 15 24 6 18 14 10 13 21 16
2151
9 19 3 17 16 21 13 10 14 18 6 24 15 26 22 7 27 5 11 8 4 25 28 2 1 20 0 23 12
2153
17 3 9 19 1 2 28 25 8 4 20 12 23 0 5 11 27 7 22 26 15 24 6 18 14 10 13 21 16
2243
13 10 14 18 6 24 15 26 22 7 27 11 5 8 28 2 25 4 0 23 12 20 1 19 9 3 17 16 21
2315
7 26 22 15 24 6 18 10 14 13 21 16 17 3 19 9 12 23 0 20 1 2 28 25 4 8 11 5 27
2153
9 19 3 17 16 21 13 10 14 18 6 24 15 22 26 7 27 5 11 8 4 25 28 2 1 20 0 23 12
2151
20 19 9 3 14 10 13 21 16 17 12 18 6 24 15 23 26 22 7 0 27 11 5 4 8 25 28 2 1
2219
11 5 27 0 7 22 26 23 15 12 18 6 24 14 10 13 21 16 17 3 9 19 20 1 2 28 25 4 8
2171
1 19 9 3 17 13 16 21 10 14 18 6 24 15 26 22 7 27 4 25 2 28 8 11 5 0 23 12 20
2278
14 18 6 24 15 22 26 7 27 5 11 8 4 25 28 2 1 20 0 23 12 9 19 3 17 13 16 21 10
2132
18 6 24 15 22 26 7 27 5 11 8 28 2 25 4 0 23 12 20 1 19 9 3 17 16 21 13 10 14
2278
17 3 19 9 12 23 0 20 1 2 28 25 4 8 11 5 27 7 22 26 15 24 6 18 10 14 13 21 16
2155
5 11 8 25 28 2 1 19 9 14 10 13 21 16 17 3 18 6 24 15 26 22 7 23 12 0 27 20 4
2277
28 2 25 4 1 20 19 9 14 10 13 21 16 17 3 12 18 6 24 15 23 26 22 7 0 27 5 11 8
2262
6 24 15 26 22 7 27 11 5 0 23 12 20 4 8 25 28 2 1 19 9 3 17 16 21 13 10 14 18
2243
6 18 14 10 13 21 16 17 3 19 9 12 23 0 20 1 2 28 25 4 8 11 5 27 7 22 26 15 24
2153
0 20 12 23 7 22 26 15 24 6 18 14 10 21 16 13 17 3 9 19 1 2 28 25 4 8 11 5 27
2120
15 24 6 18 10 14 13 21 16 17 3 19 9 12 23 0 20 1 2 28 25 4 8 11 5 27 7 26 22
2153
0 20 12 23 7 26 22 15 24 6 18 3 17 16 21 13 10 14 9 19 1 2 28 25 4 8 11 5 27
2187
1 2 28 25 8 11 27 0 5 4 20 23 7 26 22 15 12 3 17 16 13 21 10 14 18 6 24 9 19
2350
17 3 19 9 12 23 0 20 1 2 28 25 4 8 11 5 27 7 26 22 15 24 6 18 10 14 13 21 16
2153
26 15 24 6 18 14 10 13 21 16 17 3 19 9 12 23 0 20 1 2 28 25 4 8 11 5 27 7 22
2153
4 25 28 2 1 20 0 23 12 19 9 3 17 16 21 13 14 10 18 6 24 15 22 26 7 27 5 11 8
2153
27 5 11 8 4 25 28 2 1 20 0 23 12 9 19 3 17 16 21 13 10 14 18 6 24 15 22 26 7
2151
13 21 16 17 19 9 12 23 0 20 1 2 28 25 4 8 11 5 27 7 26 22 15 24 6 10 3 18 14
2244
28 2 25 4 1 20 0 23 12 19 9 3 17 16 21 13 14 10 18 6 24 15 26 22 7 27 5 11 8
2237
15 22 26 7 27 4 25 2 28 8 11 5 0 23 12 20 1 19 9 3 17 13 16 21 10 14 18 6 24
2276
10 21 13 16 17 14 3 19 9 12 23 0 20 1 2 28 25 4 8 11 5 27 7 22 26 15 18 6 24
2096
8 28 2 25 4 1 20 19 9 3 17 16 21 13 10 14 6 24 18 12 15 23 26 22 7 0 27 5 11
2253
26 7 27 5 11 8 4 25 28 2 1 20 0 23 12 9 19 3 17 16 13 21 10 14 18 6 24 15 22
2130
8 11 5 27 0 20 12 23 7 22 26 15 24 6 18 14 10 21 16 13 17 3 9 19 1 4 25 2 28
2202
2 1 20 0 23 12 19 9 3 13 21 16 17 14 10 18 6 24 15 26 22 7 27 11 5 4 8 25 28
2202
0 27 5 11 8 4 25 28 2 1 20 19 9 3 17 16 21 13 14 10 6 24 18 12 15 23 26 22 7
2126
8 11 5 27 0 20 12 23 7 26 22 15 24 6 18 14 10 21 13 16 17 3 9 19 1 4 25 2 28
2198
28 8 11 5 27 7 22 26 15 24 6 18 14 10 21 13 16 17 3 19 9 12 23 0 20 1 4 25 2
2214
12 23 0 4 2 28 25 8 11 5 27 7 26 22 15 24 6 18 14 10 13 21 16 17 3 9 19 1 20
2276
14 10 18 6 24 15 22 26 7 27 5 11 8 4 25 28 2 1 20 0 23 12 3 9 19 17 16 21 13
2193
28 2 25 4 1 19 9 3 17 16 21 13 14 10 18 6 24 15 26 22 7 23 12 20 0 27 5 11 8
2223
5 27 0 20 12 23 7 26 22 15 24 6 18 10 14 13 21 16 17 3 9 19 1 2 28 25 4 8 11
2139
25 8 11 0 27 5 4 20 12 23 7 22 26 15 24 6 18 14 10 13 21 16 17 3 9 19 1 2 28
2247
17 3 9 19 1 20 12 23 0 4 25 2 28 8 11 5 27 7 26 22 15 24 6 18 14 10 13 21 16
2278
1 2 28 25 8 11 0 23 12 19 9 3 17 16 21 13 14 10 18 6 24 15 22 26 7 27 5 4 20
2261
26 22 7 27 5 11 8 25 28 2 4 0 23 12 20 1 19 9 3 17 16 21 13 14 10 18 6 24 15
2280
1 19 9 3 17 16 21 13 10 14 18 6 24 15 22 26 7 23 12 20 0 27 5 11 4 8 25 28 2
2175
15 26 22 7 27 5 11 8 25 28 2 4 0 23 12 20 1 19 9 3 17 16 21 13 14 10 18 6 24
2280
15 26 22 7 27 5 11 8 4 25 28 2 1 20 0 23 12 9 19 3 17 16 21 13 14 10 18 6 24
2155
9 19 1 20 4 2 28 25 8 11 5 27 0 12 23 7 26 22 15 24 6 18 10 14 13 21 16 17 3
2194
26 22 7 27 5 11 8 4 25 28 2 1 20 0 23 12 9 19 3 17 16 13 21 10 14 18 6 24 15
2132
19 9 12 23 0 20 1 2 28 25 4 8 11 5 27 7 26 22 15 24 6 18 14 10 21 13 16 17 3
2130
11 5 27 0 20 23 7 26 22 15 12 3 17 16 21 13 10 14 24 6 18 9 19 1 2 28 25 4 8
2264
28 25 8 11 5 27 0 4 20 12 23 7 26 22 15 24 6 18 14 10 13 21 16 17 3 9 19 1 2
2230
16 17 19 9 12 3 18 23 20 1 0 4 28 2 25 8 5 11 27 7 26 22 15 24 6 10 14 13 21
2508
5 11 8 25 28 2 1 19 9 3 17 16 21 13 14 10 18 6 24 15 22 26 7 27 0 23 12 20 4
2200
4 8 11 5 27 0 20 12 23 7 22 26 15 24 6 18 10 14 13 21 16 17 3 9 19 1 2 28 25
2141
20 4 5 11 8 25 28 2 1 19 9 17 16 21 13 10 14 3 18 6 24 15 26 22 7 27 0 23 12
2249
25 4 1 19 9 18 6 24 10 14 13 21 16 17 3 12 15 26 22 7 23 20 0 27 5 11 8 28 2
2303
11 8 4 25 28 2 1 20 19 9 3 17 16 21 13 14 10 6 24 18 12 15 23 26 22 7 0 27 5
2126
2 28 1 19 9 17 16 21 13 10 14 3 18 6 24 15 26 22 7 27 0 23 12 20 4 5 11 8 25
2257
12 20 1 19 9 3 17 13 16 21 10 14 18 6 24 15 26 22 7 27 11 5 8 28 2 25 4 0 23
2296
19 9 3 17 16 21 13 10 14 18 6 24 15 22 26 7 27 4 2 28 25 8 11 5 0 23 12 20 1
2293
3 17 16 21 13 14 10 18 6 24 15 26 22 7 27 5 11 8 4 25 28 2 1 20 0 23 12 9 19
2155
11 8 4 25 28 2 1 19 9 18 14 10 21 13 16 17 3 12 15 24 6 22 26 7 23 20 0 27 5
2162
23 0 4 2 28 25 8 11 5 27 7 26 22 15 24 6 18 14 10 13 21 16 17 3 9 19 1 20 12
2276
20 1 19 9 3 17 16 21 13 10 14 18 6 24 15 26 22 7 23 12 0 27 5 11 8 25 28 2 4
2194
7 23 12 0 27 5 11 8 25 2 28 4 20 1 19 9 3 17 16 21 13 14 10 18 6 24 15 22 26
2197
7 27 5 11 8 4 25 28 2 1 20 0 23 12 9 19 3 17 16 13 21 10 14 18 6 24 15 26 22
2132
6 24 15 26 22 7 27 4 2 28 25 8 11 5 0 23 12 20 1 19 9 3 17 16 21 13 14 10 18
2297
9 19 1 20 12 23 0 5 4 2 28 25 8 11 27 7 22 26 15 24 6 18 10 14 13 21 16 17 3
2294
28 8 11 5 27 0 20 12 23 7 26 22 15 24 6 18 14 10 21 16 13 17 3 9 19 1 4 25 2
2200
19 9 12 23 0 20 1 2 28 25 4 8 11 5 27 7 26 22 15 24 6 18 14 10 13 21 16 17 3
2151
12 9 19 3 17 16 13 21 10 14 18 6 24 15 26 22 7 27 5 11 8 4 25 28 2 1 20 0 23
2132
24 6 18 14 10 13 21 16 17 3 19 9 12 23 0 20 1 2 28 25 4 8 11 5 27 7 26 22 15
2151
10 6 24 18 15 26 22 7 27 5 11 8 4 25 28 2 1 20 0 23 12 9 19 3 14 17 13 16 21
2098
13 10 14 18 6 24 15 22 26 7 27 5 11 8 4 25 28 2 1 20 0 23 12 3 9 19 17 16 21
2191
15 24 6 18 14 10 21 16 13 17 3 19 9 12 23 0 20 1 2 28 25 4 8 11 5 27 7 26 22
2132
1 20 19 9 3 17 13 16 21 10 14 6 24 18 12 15 26 22 7 23 0 27 11 5 4 8 25 28 2
2191
20 1 19 9 3 17 13 16 21 10 14 18 6 24 15 26 22 7 27 11 8 28 2 25 4 5 0 23 12
2275
21 16 17 19 9 3 12 23 0 20 1 2 28 25 4 8 11 5 27 7 22 26 15 24 6 18 14 10 13
2193
20 19 9 3 17 16 21 13 14 10 6 24 18 12 15 22 26 23 7 0 27 11 5 4 8 25 28 2 1
2170
16 17 3 19 9 12 23 0 20 1 2 28 25 4 8 11 5 27 7 26 22 15 24 6 18 14 10 13 21
2151
16 21 13 14 10 18 6 24 15 22 26 7 27 5 11 0 23 12 20 4 8 25 28 2 1 19 9 3 17
2244
9 12 23 0 20 1 2 28 25 4 8 11 5 27 7 22 26 15 24 6 18 10 14 13 21 16 17 3 19
2155
14 10 13 21 16 17 3 19 9 12 23 0 20 1 2 28 25 4 8 11 5 27 7 26 22 15 24 6 18
2151
13 14 10 18 6 24 15 26 22 7 27 5 11 8 4 25 28 2 1 20 0 23 12 9 19 3 17 16 21
2155
17 3 9 19 1 20 4 28 2 25 8 11 5 27 0 12 23 7 26 22 15 24 6 18 10 14 13 21 16
2197
15 22 26 7 27 5 11 8 4 25 28 2 1 20 0 23 12 9 19 3 17 16 21 13 10 14 18 6 24
2151
7 27 5 11 8 4 25 28 2 1 20 0 23 12 9 19 3 17 16 21 13 10 14 18 6 24 15 22 26
2151
12 23 0 20 1 2 28 25 4 8 11 5 27 7 26 22 15 24 6 18 10 14 13 21 16 17 3 19 9
2153
11 5 27 7 22 26 15 24 6 18 10 14 13 21 16 17 3 19 9 12 23 0 4 20 1 2 28 25 8
2248
13 14 10 18 6 24 15 22 26 7 27 5 11 8 4 25 28 2 1 20 0 23 3 12 9 19 17 16 21
2269
11 5 27 0 4 20 12 23 7 22 26 15 24 6 18 14 10 13 21 16 17 3 9 19 1 2 28 25 8
2232
27 0 20 12 23 7 26 22 15 24 6 18 14 10 13 21 16 17 3 9 19 1 2 28 25 4 8 11 5
2137
26 7 27 5 11 8 28 2 25 4 0 23 12 20 1 19 9 3 17 13 16 21 10 14 18 6 24 15 22
2259
28 2 1 19 9 3 17 13 16 21 10 14 18 6 24 15 22 26 7 23 12 20 0 27 11 5 4 8 25
2157
23 12 9 19 3 17 16 21 13 10 14 18 6 24 15 22 26 7 27 5 11 8 4 25 28 2 1 20 0
2151
18 10 14 13 21 16 17 3 9 19 1 20 4 25 2 28 8 11 5 27 0 12 23 7 22 26 15 24 6
2198
7 26 22 15 24 6 18 10 14 13 21 16 17 3 19 9 12 23 0 20 1 2 28 25 4 8 11 5 27
2153
7 22 26 15 24 6 18 10 14 13 21 16 17 3 9 19 1 20 12 23 0 4 25 2 28 8 11 5 27
2282
9 12 23 0 20 1 2 28 25 4 8 11 5 27 7 26 22 15 24 6 18 14 10 13 21 16 17 3 19
2151
15 26 22 7 27 5 11 8 4 25 28 2 1 20 0 23 12 9 19 3 17 16 21 13 14 10 18 6 24
2155
11 5 27 7 26 22 15 24 6 18 14 10 21 16 13 17 3 9 19 12 23 0 4 20 1 2 28 25 8
2225
16 17 19 9 3 12 23 0 20 1 2 28 25 4 8 11 5 27 7 26 22 15 24 6 18 14 10 13 21
2191
2 28 25 8 11 0 23 12 19 9 3 17 16 13 21 10 14 18 6 24 15 26 22 7 27 5 4 20 1
2240
