7 1 0 9 8 10 13 2 3 4 11 5 6 12
3595
2 3 4 5 11 6 12 10 8 9 7 0 1 13
3414
0 1 7 12 6 4 5 11 3 2 13 10 8 9
3605
3 2 13 1 0 7 8 9 10 12 6 11 5 4
3428
12 10 8 9 7 0 1 13 2 3 4 11 5 6
3488
9 0 1 7 12 6 5 11 4 3 2 13 10 8
3595
7 1 0 9 8 10 12 6 4 5 11 13 3 2
3695
0 9 10 8 12 6 4 5 11 13 3 2 7 1
3746
2 13 1 0 10 8 9 7 12 6 5 11 4 3
3481
1 7 12 6 5 11 4 3 2 13 10 8 9 0
3595
11 4 3 2 13 1 0 7 10 8 9 12 6 5
3508
7 1 0 9 10 8 12 6 5 11 4 3 2 13
3580
5 4 6 12 8 9 10 7 0 1 13 2 3 11
3522
7 1 0 9 8 10 13 2 3 11 5 4 6 12
3605
1 7 12 6 4 5 11 3 2 13 10 8 9 0
3605
13 1 0 9 10 8 7 12 6 4 5 11 3 2
3477
2 3 4 5 11 6 12 7 9 8 10 0 1 13
3407
10 8 9 0 1 7 12 6 4 5 11 3 2 13
3605
5 11 3 2 13 1 0 9 10 8 7 12 6 4
3477
10 8 13 2 3 4 11 5 6 12 7 1 0 9
3641
4 5 11 3 2 13 1 0 9 8 10 7 12 6
3436
6 12 7 10 8 9 0 1 2 13 3 4 11 5
3486
1 0 9 10 8 12 6 5 11 4 3 2 13 7
3580
4 6 12 8 9 10 7 0 1 13 2 3 11 5
3522
12 6 4 5 11 13 3 2 1 0 7 10 8 9
3582
6 12 7 10 8 9 0 1 2 13 3 4 11 5
3486
13 2 1 0 9 10 8 7 12 6 5 11 4 3
3527
0 9 8 10 13 2 3 4 11 5 6 12 7 1
3595
10 8 9 0 1 7 2 13 3 4 11 5 6 12
3681
7 1 0 9 8 10 12 6 4 5 11 3 2 13
3539
4 5 11 3 13 2 1 0 9 10 8 7 12 6
3537
5 11 4 3 2 13 1 0 10 8 9 7 12 6
3481
5 11 3 2 13 1 0 7 9 8 10 12 6 4
3498
4 6 12 7 10 8 9 0 1 2 3 13 11 5
3500
4 6 12 7 8 10 9 0 1 2 13 3 11 5
3537
8 12 6 4 5 11 13 3 2 7 1 0 9 10
3746
10 9 0 1 7 12 6 4 5 11 3 2 13 8
3651
1 7 13 2 3 4 11 5 6 12 8 10 9 0
3580
9 0 1 7 12 6 5 11 4 3 2 13 10 8
3595
0 9 10 8 12 6 4 5 11 13 3 2 7 1
3746
7 1 0 9 10 8 12 6 5 11 4 3 2 13
3580
4 6 12 7 10 8 9 0 1 13 2 3 11 5
3436
9 8 10 13 2 3 11 5 4 6 12 7 1 0
3605
1 7 12 6 5 11 4 3 2 13 10 8 9 0
3595
0 9 8 10 12 6 4 5 11 3 2 13 7 1
3539
12 7 9 8 10 0 1 2 13 3 4 11 5 6
3541
12 8 9 10 7 0 1 2 13 3 11 5 4 6
3582
4 5 11 3 13 2 1 0 9 8 10 7 12 6
3496
3 4 5 11 6 12 7 9 8 10 0 1 13 2
3407
8 10 13 2 3 4 11 5 6 12 7 1 0 9
3595
7 12 6 5 11 4 3 2 13 10 8 9 0 1
3595
6 12 10 8 9 7 0 1 13 2 3 4 11 5
3488
3 2 13 1 0 10 8 9 7 12 6 11 5 4
3407
7 12 6 5 11 4 3 2 13 10 8 9 0 1
3595
6 12 7 10 8 9 0 1 2 13 3 4 11 5
3486
12 8 9 10 7 0 1 13 2 3 4 11 5 6
3512
2 3 4 5 11 6 12 7 8 10 9 0 1 13
3393
9 8 10 12 6 4 5 11 13 3 2 7 1 0
3695
8 9 0 1 7 2 3 13 11 5 4 6 12 10
3695
7 2 3 13 11 5 4 6 12 10 8 9 0 1
3695
9 8 10 12 6 5 11 4 3 2 13 7 1 0
3529
3 4 5 11 6 12 7 10 8 9 0 1 13 2
3352
13 2 1 0 7 9 8 10 12 6 5 11 4 3
3548
11 3 2 13 1 0 7 8 9 10 12 6 4 5
3512
3 4 5 11 6 12 7 10 8 9 0 1 13 2
3352
10 13 2 3 4 11 5 6 12 7 1 0 9 8
3595
6 12 7 8 10 9 0 1 13 2 3 4 11 5
3467
3 2 13 1 0 7 10 9 8 12 6 11 5 4
3438
6 5 11 4 3 13 2 1 0 7 8 9 10 12
3562
4 5 11 3 2 13 1 0 7 10 8 9 12 6
3518
6 12 7 10 8 9 0 1 13 2 3 11 5 4
3436
8 10 12 6 4 5 11 3 2 13 7 1 0 9
3539
3 4 5 11 6 12 10 9 8 7 0 1 13 2
3428
2 3 4 5 11 6 12 7 10 8 9 0 1 13
3352
9 1 0 7 12 6 5 11 4 3 2 13 10 8
3598
6 5 11 4 3 13 2 1 0 7 10 8 9 12
3568
1 7 2 3 13 11 5 4 6 12 8 10 9 0
3746
11 3 13 2 1 0 9 8 10 7 12 6 4 5
3496
12 8 9 10 7 0 1 2 3 13 11 5 4 6
3586
12 6 4 5 11 3 2 13 1 0 7 10 8 9
3518
11 3 2 13 1 0 7 10 9 8 12 6 4 5
3522
2 3 4 5 11 6 12 7 10 8 9 0 1 13
3352
4 6 12 9 8 10 7 0 1 2 3 13 11 5
3582
10 8 9 0 1 7 12 6 4 5 11 3 2 13
3605
9 8 10 13 2 3 11 5 4 6 12 7 1 0
3605
11 3 2 13 1 0 7 8 9 10 12 6 4 5
3512
2 13 1 0 10 8 9 7 12 6 11 5 4 3
3407
11 3 2 13 1 0 7 9 8 10 12 6 4 5
3498
8 10 9 0 1 7 12 6 5 11 4 3 2 13
3641
2 3 4 5 11 6 12 10 9 8 7 0 1 13
3428
1 7 13 2 3 11 5 4 6 12 10 8 9 0
3539
7 1 0 9 8 10 12 6 4 5 11 3 13 2
3691
5 6 12 7 10 8 9 0 1 13 2 3 4 11
3426
10 8 13 2 3 4 11 5 6 12 7 1 0 9
3641
4 5 11 3 13 2 1 0 7 9 8 10 12 6
3558
7 1 0 9 8 10 13 2 3 4 11 5 6 12
3595
6 12 7 9 8 10 0 1 13 2 3 11 5 4
3491
11 5 4 6 12 10 8 9 7 0 1 2 3 13
3562
4 6 12 7 8 10 9 0 1 2 3 13 11 5
3541
4 5 11 3 13 2 1 0 7 10 9 8 12 6
3582
5 6 12 7 9 8 10 0 1 13 2 3 4 11
3481
0 9 8 10 12 6 4 5 11 3 13 2 7 1
3691
11 4 3 2 13 1 0 7 9 8 10 12 6 5
3488
10 9 0 1 7 12 6 4 5 11 3 2 13 8
3651
8 10 9 0 1 7 2 3 13 11 5 4 6 12
3746
13 2 3 11 5 4 6 12 7 8 10 9 0 1
3477
13 3 2 1 0 7 10 9 8 12 6 4 5 11
3586
7 1 0 9 8 10 12 6 5 11 4 3 2 13
3529
13 2 3 11 5 4 6 12 10 9 8 7 0 1
3512
12 7 10 8 9 0 1 2 13 3 11 5 4 6
3496
3 2 13 1 0 9 8 10 7 12 6 11 5 4
3352
11 3 2 13 1 0 7 8 9 10 12 6 4 5
3512
5 11 13 3 2 1 0 10 8 9 7 12 6 4
3555
4 6 12 8 9 10 7 0 1 2 13 3 11 5
3582
10 9 0 1 7 2 13 3 11 5 4 6 12 8
3742
11 13 3 2 1 0 9 8 10 7 12 6 4 5
3500
4 5 11 3 2 13 1 0 9 8 10 7 12 6
3436
5 4 6 12 7 8 10 9 0 1 13 2 3 11
3477
12 9 8 10 7 0 1 2 13 3 11 5 4 6
3578
9 0 1 7 13 2 3 11 5 4 6 12 10 8
3539
8 9 0 1 7 2 13 3 11 5 4 6 12 10
3691
8 10 9 0 1 7 12 6 5 11 4 3 2 13
3641
13 3 4 11 5 6 12 10 8 9 7 0 1 2
3548
10 8 12 6 4 5 11 13 3 2 7 1 0 9
3746
2 3 4 5 11 6 12 8 9 10 7 0 1 13
3438
5 6 12 7 10 8 9 0 1 13 2 3 4 11
3426
12 10 8 9 7 0 1 2 3 13 11 5 4 6
3562
13 2 1 0 9 8 10 7 12 6 4 5 11 3
3496
11 5 4 6 12 10 8 9 7 0 1 13 2 3
3498
10 8 13 2 3 11 5 4 6 12 7 1 0 9
3651
4 6 12 10 8 9 7 0 1 2 3 13 11 5
3562
3 2 13 1 0 7 10 9 8 12 6 11 5 4
3438
1 0 9 8 10 13 2 3 4 11 5 6 12 7
3595
1 0 9 8 10 12 6 4 5 11 13 3 2 7
3695
3 4 5 11 6 12 10 8 9 7 0 1 13 2
3414
2 3 4 5 11 6 12 7 8 10 9 0 1 13
3393
1 0 9 10 8 13 2 3 4 11 5 6 12 7
3641
5 6 12 7 10 8 9 0 1 13 2 3 4 11
3426
7 1 0 9 8 10 12 6 4 5 11 13 3 2
3695
8 9 0 1 7 2 13 3 4 11 5 6 12 10
3681
0 9 8 10 13 2 3 4 11 5 6 12 7 1
3595
1 0 9 10 8 13 2 3 4 11 5 6 12 7
3641
0 1 7 2 3 13 11 5 4 6 12 10 8 9
3695
13 2 3 4 11 5 6 12 10 9 8 7 0 1
3502
12 6 5 11 4 3 2 13 1 0 10 8 9 7
3481
5 11 4 3 2 13 1 0 7 10 8 9 12 6
3508
9 8 10 12 6 4 5 11 3 13 2 7 0 1
3694
4 5 11 3 2 13 1 0 7 10 8 9 12 6
3518
3 4 5 11 6 12 10 9 8 7 0 1 13 2
3428
4 5 11 3 13 2 1 0 7 9 8 10 12 6
3558
2 13 1 0 9 10 8 7 12 6 11 5 4 3
3393
4 6 12 10 8 9 7 0 1 2 13 3 11 5
3558
4 5 11 13 3 2 1 0 7 10 8 9 12 6
3582
3 4 5 11 6 12 9 8 10 7 0 1 13 2
3434
4 5 11 3 2 13 1 0 9 10 8 7 12 6
3477
13 2 3 11 5 4 6 12 8 9 10 7 0 1
3522
12 10 9 8 7 0 1 13 2 3 11 5 4 6
3512
6 5 11 4 3 2 13 1 0 9 10 8 7 12
3467
0 1 7 12 6 4 5 11 3 2 13 8 10 9
3651
11 5 4 6 12 10 8 9 7 0 1 2 3 13
3562
3 4 5 11 6 12 7 10 8 9 0 1 13 2
3352
5 11 4 3 2 13 1 0 7 9 8 10 12 6
3488
13 11 5 4 6 12 7 10 8 9 0 1 2 3
3500
2 13 1 0 10 8 9 7 12 6 11 5 4 3
3407
4 5 11 3 2 13 1 0 9 8 10 7 12 6
3436
2 13 1 0 10 8 9 7 12 6 4 5 11 3
3491
7 12 6 5 11 4 3 2 13 8 10 9 0 1
3641
12 6 4 5 11 3 2 13 1 0 9 10 8 7
3477
13 2 1 0 9 8 10 7 12 6 5 11 4 3
3486
1 7 13 2 3 4 11 5 6 12 8 10 9 0
3580
12 6 5 11 4 3 2 13 1 0 9 10 8 7
3467
0 9 10 8 13 2 3 4 11 5 6 12 7 1
3641
6 4 5 11 3 2 13 1 0 7 8 9 10 12
3512
5 11 3 2 13 1 0 9 10 8 7 12 6 4
3477
2 13 1 0 7 10 8 9 12 6 11 5 4 3
3434
10 12 6 5 11 4 3 13 2 7 1 0 9 8
3681
6 12 7 10 8 9 0 1 13 2 3 4 11 5
3426
5 11 4 3 2 13 1 0 7 8 9 10 12 6
3502
10 12 6 4 5 11 13 3 2 7 1 0 9 8
3695
11 5 6 12 8 9 10 7 0 1 13 2 3 4
3512
3 2 13 1 0 10 8 9 7 12 6 11 5 4
3407
10 13 2 3 11 5 4 6 12 7 1 0 9 8
3605
7 1 0 9 8 10 12 6 4 5 11 13 3 2
3695
2 3 4 5 11 6 12 10 9 8 7 0 1 13
3428
9 8 10 12 6 4 5 11 3 13 2 7 1 0
3691
13 3 2 1 0 9 8 10 7 12 6 4 5 11
3500
10 13 2 3 4 11 5 6 12 7 1 0 9 8
3595
9 8 10 13 2 3 4 11 5 6 12 7 0 1
3598
0 9 10 8 13 2 3 11 5 4 6 12 7 1
3651
2 3 11 5 4 6 12 7 8 10 9 0 1 13
3477
12 9 8 10 7 0 1 13 2 3 11 5 4 6
3518
1 7 12 6 4 5 11 3 2 13 10 8 9 0
3605
6 4 5 11 3 2 13 1 0 9 8 10 7 12
3436
13 2 3 11 5 4 6 12 8 9 10 7 0 1
3522
9 0 1 7 12 6 4 5 11 3 2 13 10 8
3605
8 10 9 0 1 7 2 3 13 11 5 4 6 12
3746
4 5 11 3 2 13 1 0 7 9 8 10 12 6
3498
11 5 4 6 12 10 9 8 7 0 1 13 2 3
3512
9 0 1 7 2 13 3 4 11 5 6 12 10 8
3681
11 5 4 6 12 7 10 8 9 0 1 2 13 3
3496
10 8 12 6 5 11 4 3 2 13 7 1 0 9
3580
1 7 2 3 13 11 5 4 6 12 10 8 9 0
3695
8 10 9 0 1 7 13 2 3 4 11 5 6 12
3580
7 1 0 9 10 8 12 6 4 5 11 3 2 13
3590
0 1 7 12 6 4 5 11 3 2 13 8 10 9
3651
12 6 5 11 4 3 13 2 1 0 10 8 9 7
3541
11 13 3 2 1 0 9 8 10 7 12 6 4 5
3500
3 4 5 11 6 12 10 9 8 7 0 1 13 2
3428
1 7 2 13 3 4 11 5 6 12 10 8 9 0
3681
1 7 13 2 3 11 5 4 6 12 8 10 9 0
3590
1 0 9 10 8 12 6 4 5 11 13 3 2 7
3746
11 5 6 12 10 8 9 7 0 1 13 2 3 4
3488
11 5 4 6 12 7 10 8 9 0 1 13 2 3
3436
4 6 12 8 9 10 7 0 1 2 3 13 11 5
3586
7 13 2 3 11 5 4 6 12 10 8 9 0 1
3539
4 5 11 3 2 13 1 0 9 10 8 7 12 6
3477
0 1 7 12 6 4 5 11 3 2 13 8 10 9
3651
6 12 9 8 10 7 0 1 13 2 3 11 5 4
3518
11 3 13 2 1 0 9 8 10 7 12 6 4 5
3496
5 11 3 2 13 1 0 9 8 10 7 12 6 4
3436
4 6 12 7 10 8 9 0 1 13 2 3 11 5
3436
9 1 0 7 2 13 3 4 11 5 6 12 10 8
3684
6 12 9 8 10 7 0 1 2 13 3 11 5 4
3578
12 7 10 8 9 0 1 13 2 3 11 5 4 6
3436
12 6 4 5 11 3 2 13 1 0 7 8 9 10
3512
10 8 9 0 1 7 13 2 3 4 11 5 6 12
3529
2 3 4 5 11 6 12 7 9 8 10 0 1 13
3407
3 4 5 11 6 12 7 10 8 9 0 1 13 2
3352
13 1 0 9 10 8 7 12 6 5 11 4 3 2
3467
0 9 10 8 12 6 5 11 4 3 13 2 7 1
3732
6 4 5 11 3 2 13 1 0 7 9 8 10 12
3498
13 11 5 4 6 12 7 9 8 10 0 1 2 3
3555
12 7 10 8 9 0 1 2 13 3 11 5 4 6
3496
1 0 9 8 10 13 2 3 11 5 4 6 12 7
3605
7 13 2 3 4 11 5 6 12 10 8 9 0 1
3529
7 12 6 5 11 4 3 2 13 10 8 9 0 1
3595
6 12 9 8 10 7 0 1 2 13 3 11 5 4
3578
9 8 10 12 6 4 5 11 13 3 2 7 0 1
3698
1 0 9 8 10 12 6 5 11 4 3 2 13 7
3529
11 3 13 2 1 0 7 10 8 9 12 6 4 5
3578
6 12 9 8 10 7 0 1 13 2 3 11 5 4
3518
8 12 6 4 5 11 13 3 2 7 1 0 9 10
3746
12 6 4 5 11 3 13 2 1 0 7 8 9 10
3572
3 4 5 11 6 12 7 9 8 10 0 1 13 2
3407
4 5 11 3 13 2 1 0 9 8 10 7 12 6
3496
1 0 9 10 8 13 2 3 11 5 4 6 12 7
3651
11 3 13 2 1 0 9 8 10 7 12 6 4 5
3496
6 12 7 10 8 9 0 1 13 2 3 11 5 4
3436
7 1 0 9 8 10 12 6 4 5 11 13 3 2
3695
9 1 0 7 2 3 13 11 5 4 6 12 10 8
3698
3 4 5 11 6 12 7 9 8 10 0 1 13 2
3407
10 12 6 5 11 4 3 2 13 7 1 0 9 8
3529
12 7 10 8 9 0 1 13 2 3 4 11 5 6
3426
11 4 3 13 2 1 0 9 8 10 7 12 6 5
3486
13 2 1 0 9 10 8 7 12 6 5 11 4 3
3527
9 1 0 7 2 3 13 11 5 4 6 12 10 8
3698
6 12 7 10 8 9 0 1 13 2 3 4 11 5
3426
12 7 10 8 9 0 1 2 13 3 11 5 4 6
3496
1 0 9 10 8 13 2 3 4 11 5 6 12 7
3641
9 1 0 7 12 6 5 11 4 3 2 13 10 8
3598
3 4 5 11 6 12 7 10 8 9 0 1 13 2
3352
2 13 1 0 7 10 9 8 12 6 11 5 4 3
3438
1 0 9 10 8 12 6 4 5 11 13 3 2 7
3746
2 13 1 0 7 10 9 8 12 6 11 5 4 3
3438
2 13 1 0 9 10 8 7 12 6 11 5 4 3
3393
9 8 10 13 2 3 11 5 4 6 12 7 1 0
3605
6 5 11 4 3 2 13 1 0 9 10 8 7 12
3467
0 1 7 12 6 5 11 4 3 2 13 8 10 9
3641
8 10 13 2 3 4 11 5 6 12 7 1 0 9
3595
4 6 12 7 10 8 9 0 1 2 13 3 11 5
3496
2 13 1 0 7 10 9 8 12 6 11 5 4 3
3438
1 7 12 6 4 5 11 3 2 13 10 8 9 0
3605
12 9 8 10 7 0 1 13 2 3 11 5 4 6
3518
6 5 11 4 3 13 2 1 0 10 8 9 7 12
3541
6 4 5 11 13 3 2 1 0 9 8 10 7 12
3500
11 5 4 6 12 8 9 10 7 0 1 13 2 3
3522
8 10 9 0 1 7 12 6 5 11 4 3 2 13
3641
8 10 9 0 1 7 12 6 5 11 4 3 2 13
3641
8 10 9 0 1 7 12 6 5 11 4 3 2 13
3641
7 12 6 4 5 11 3 2 13 10 8 9 0 1
3605
11 5 4 6 12 8 9 10 7 0 1 13 2 3
3522
0 9 8 10 13 2 3 11 5 4 6 12 7 1
3605
1 0 9 10 8 12 6 4 5 11 3 13 2 7
3742
13 3 11 5 4 6 12 7 8 10 9 0 1 2
3537
2 3 4 5 11 6 12 10 8 9 7 0 1 13
3414
7 13 2 3 11 5 4 6 12 10 8 9 0 1
3539
8 13 2 3 11 5 4 6 12 7 1 0 9 10
3651
2 13 1 0 9 8 10 7 12 6 5 11 4 3
3426
9 8 10 13 2 3 11 5 4 6 12 7 1 0
3605
12 9 8 10 7 0 1 13 2 3 11 5 4 6
3518
6 4 5 11 13 3 2 1 0 9 10 8 7 12
3541
1 7 12 6 5 11 4 3 2 13 8 10 9 0
3641
12 6 5 11 4 3 13 2 1 0 9 8 10 7
3486
13 2 3 11 5 4 6 12 7 8 10 9 0 1
3477
1 0 9 10 8 13 2 3 4 11 5 6 12 7
3641
6 4 5 11 3 2 13 1 0 7 10 8 9 12
3518
5 11 13 3 2 1 0 10 8 9 7 12 6 4
3555
10 13 2 3 4 11 5 6 12 7 1 0 9 8
3595
12 6 4 5 11 13 3 2 1 0 10 8 9 7
3555
3 4 5 11 6 12 10 9 8 7 0 1 13 2
3428
5 6 12 8 9 10 7 0 1 2 13 3 4 11
3572
12 6 4 5 11 3 2 13 1 0 9 10 8 7
3477
2 13 1 0 9 8 10 7 12 6 11 5 4 3
3352
7 1 0 9 8 10 12 6 5 11 4 3 13 2
3681
1 0 9 8 10 13 2 3 11 5 4 6 12 7
3605
12 6 5 11 4 3 2 13 1 0 7 10 9 8
3512
1 0 9 8 10 12 6 4 5 11 13 3 2 7
3695
4 6 12 7 8 10 9 0 1 2 3 13 11 5
3541
2 13 1 0 9 10 8 7 12 6 11 5 4 3
3393
11 4 3 2 13 1 0 7 9 8 10 12 6 5
3488
5 4 6 12 9 8 10 7 0 1 2 3 13 11
3582
12 7 8 10 9 0 1 13 2 3 4 11 5 6
3467
5 4 6 12 7 10 8 9 0 1 2 13 3 11
3496
5 6 12 7 8 10 9 0 1 2 13 3 4 11
3527
0 1 7 12 6 5 11 4 3 2 13 10 8 9
3595
8 10 9 0 1 7 12 6 4 5 11 3 2 13
3651
10 8 12 6 5 11 4 3 2 13 7 1 0 9
3580
4 6 12 10 8 9 7 0 1 13 2 3 11 5
3498
8 10 9 0 1 7 12 6 4 5 11 3 2 13
3651
5 11 4 3 13 2 1 0 9 8 10 7 12 6
3486
1 0 9 8 10 12 6 4 5 11 13 3 2 7
3695
12 7 9 8 10 0 1 13 2 3 11 5 4 6
3491
2 3 4 5 11 6 12 10 9 8 7 0 1 13
3428
5 4 6 12 9 8 10 7 0 1 2 13 3 11
3578
5 11 4 3 2 13 1 0 9 8 10 7 12 6
3426
1 0 9 8 10 12 6 4 5 11 13 3 2 7
3695
13 2 1 0 9 8 10 7 12 6 5 11 4 3
3486
4 5 11 3 13 2 1 0 9 8 10 7 12 6
3496
12 7 10 8 9 0 1 2 3 13 11 5 4 6
3500
13 2 3 11 5 4 6 12 7 10 8 9 0 1
3436
5 4 6 12 7 10 8 9 0 1 2 3 13 11
3500
13 1 0 7 9 8 10 12 6 4 5 11 3 2
3498
13 1 0 10 8 9 7 12 6 4 5 11 3 2
3491
7 2 13 3 4 11 5 6 12 10 8 9 0 1
3681
11 13 3 2 1 0 7 10 9 8 12 6 4 5
3586
7 12 6 4 5 11 3 2 13 8 10 9 0 1
3651
8 10 9 0 1 7 12 6 4 5 11 3 2 13
3651
13 2 1 0 9 8 10 7 12 6 4 5 11 3
3496
12 6 5 11 4 3 2 13 1 0 7 9 8 10
3488
12 7 9 8 10 0 1 2 13 3 4 11 5 6
3541
7 1 0 9 8 10 13 2 3 11 5 4 6 12
3605
5 4 6 12 7 8 10 9 0 1 2 3 13 11
3541
9 0 1 7 12 6 5 11 4 3 2 13 10 8
3595
8 12 6 5 11 4 3 13 2 7 1 0 9 10
3732
10 12 6 5 11 4 3 2 13 7 1 0 9 8
3529
13 2 3 11 5 4 6 12 7 10 8 9 0 1
3436
7 12 6 5 11 4 3 2 13 10 8 9 0 1
3595
4 6 12 8 9 10 7 0 1 2 3 13 11 5
3586
3 2 13 1 0 9 8 10 7 12 6 11 5 4
3352
1 7 12 6 4 5 11 3 2 13 8 10 9 0
3651
8 10 9 0 1 7 2 13 3 11 5 4 6 12
3742
2 3 4 11 5 6 12 9 8 10 7 0 1 13
3508
6 5 11 4 3 2 13 1 0 10 8 9 7 12
3481
10 8 12 6 4 5 11 13 3 2 7 1 0 9
3746
7 13 2 3 4 11 5 6 12 8 10 9 0 1
3580
11 4 3 13 2 1 0 9 8 10 7 12 6 5
3486
6 12 10 9 8 7 0 1 13 2 3 11 5 4
3512
1 7 13 2 3 4 11 5 6 12 10 8 9 0
3529
3 2 13 1 0 7 8 9 10 12 6 11 5 4
3428
8 10 13 2 3 4 11 5 6 12 7 1 0 9
3595
4 6 12 10 8 9 7 0 1 13 2 3 11 5
3498
3 4 5 11 6 12 7 9 8 10 0 1 13 2
3407
9 8 10 13 2 3 11 5 4 6 12 7 0 1
3608
8 9 0 1 7 12 6 4 5 11 3 2 13 10
3605
10 8 13 2 3 4 11 5 6 12 7 1 0 9
3641
1 0 9 10 8 12 6 4 5 11 3 2 13 7
3590
7 2 13 3 11 5 4 6 12 8 10 9 0 1
3742
9 1 0 7 2 13 3 11 5 4 6 12 10 8
3694
6 4 5 11 3 2 13 1 0 7 10 8 9 12
3518
6 4 5 11 13 3 2 1 0 9 10 8 7 12
3541
8 9 0 1 7 2 3 13 11 5 4 6 12 10
3695
2 13 1 0 7 10 9 8 12 6 5 11 4 3
3512
7 1 0 9 10 8 12 6 5 11 4 3 13 2
3732
2 3 4 5 11 6 12 9 8 10 7 0 1 13
3434
1 7 12 6 5 11 4 3 2 13 10 8 9 0
3595
3 2 13 1 0 10 8 9 7 12 6 11 5 4
3407
12 6 5 11 4 3 2 13 1 0 9 8 10 7
3426
1 7 12 6 4 5 11 3 2 13 10 8 9 0
3605
5 4 6 12 7 10 8 9 0 1 2 3 13 11
3500
8 9 0 1 7 12 6 5 11 4 3 2 13 10
3595
10 9 0 1 7 2 13 3 4 11 5 6 12 8
3732
11 5 6 12 7 10 8 9 0 1 13 2 3 4
3426
2 13 1 0 7 8 9 10 12 6 11 5 4 3
3428
3 4 5 11 6 12 8 9 10 7 0 1 13 2
3438
5 6 12 7 9 8 10 0 1 13 2 3 4 11
3481
11 5 4 6 12 10 8 9 7 0 1 2 3 13
3562
9 0 1 7 2 3 13 11 5 4 6 12 10 8
3695
7 12 6 4 5 11 3 2 13 8 10 9 0 1
3651
4 6 12 8 9 10 7 0 1 2 3 13 11 5
3586
8 12 6 5 11 4 3 2 13 7 1 0 9 10
3580
1 7 12 6 5 11 4 3 2 13 10 8 9 0
3595
13 1 0 9 8 10 7 12 6 5 11 4 3 2
3426
0 9 8 10 12 6 5 11 4 3 13 2 7 1
3681
5 6 12 10 9 8 7 0 1 13 2 3 4 11
3502
8 12 6 4 5 11 3 2 13 7 1 0 9 10
3590
2 13 1 0 9 10 8 7 12 6 11 5 4 3
3393
11 3 13 2 1 0 7 10 9 8 12 6 4 5
3582
8 10 13 2 3 4 11 5 6 12 7 1 0 9
3595
10 8 9 0 1 7 12 6 5 11 4 3 2 13
3595
8 10 9 0 1 7 12 6 4 5 11 3 2 13
3651
4 5 11 13 3 2 1 0 9 8 10 7 12 6
3500
2 13 1 0 10 8 9 7 12 6 11 5 4 3
3407
6 5 11 4 3 2 13 1 0 7 10 9 8 12
3512
5 6 12 7 9 8 10 0 1 2 13 3 4 11
3541
5 6 12 8 9 10 7 0 1 13 2 3 4 11
3512
4 6 12 9 8 10 7 0 1 13 2 3 11 5
3518
11 5 4 6 12 7 10 8 9 0 1 13 2 3
3436
7 13 2 3 4 11 5 6 12 10 8 9 0 1
3529
3 4 5 11 6 12 10 8 9 7 0 1 13 2
3414
12 6 4 5 11 13 3 2 1 0 7 8 9 10
3576
12 7 9 8 10 0 1 2 13 3 4 11 5 6
3541
11 4 3 2 13 1 0 7 9 8 10 12 6 5
3488
7 2 13 3 11 5 4 6 12 8 10 9 0 1
3742
9 8 10 12 6 4 5 11 13 3 2 7 0 1
3698
12 6 5 11 4 3 13 2 1 0 7 8 9 10
3562
5 6 12 7 9 8 10 0 1 13 2 3 4 11
3481
7 1 0 9 8 10 13 2 3 4 11 5 6 12
3595
11 5 4 6 12 7 8 10 9 0 1 2 3 13
3541
7 2 13 3 11 5 4 6 12 8 10 9 0 1
3742
3 2 13 1 0 7 10 9 8 12 6 11 5 4
3438
13 11 5 4 6 12 7 8 10 9 0 1 2 3
3541
7 1 0 9 8 10 13 2 3 11 5 4 6 12
3605
0 1 7 2 13 3 11 5 4 6 12 8 10 9
3742
4 6 12 10 8 9 7 0 1 2 3 13 11 5
3562
3 4 5 11 6 12 7 8 10 9 0 1 13 2
3393
3 2 13 1 0 9 8 10 7 12 6 11 5 4
3352
5 4 6 12 7 10 8 9 0 1 13 2 3 11
3436
10 8 9 0 1 7 13 2 3 4 11 5 6 12
3529
0 1 7 12 6 5 11 4 3 2 13 10 8 9
3595
3 4 5 11 6 12 7 10 8 9 0 1 13 2
3352
4 6 12 7 8 10 9 0 1 13 2 3 11 5
3477
8 12 6 5 11 4 3 2 13 7 1 0 9 10
3580
7 12 6 4 5 11 3 2 13 8 10 9 0 1
3651
7 1 0 9 10 8 13 2 3 11 5 4 6 12
3651
4 5 11 3 13 2 1 0 7 10 8 9 12 6
3578
9 8 10 13 2 3 4 11 5 6 12 7 0 1
3598
9 0 1 7 12 6 4 5 11 3 2 13 10 8
3605
4 6 12 10 8 9 7 0 1 13 2 3 11 5
3498
5 4 6 12 7 10 8 9 0 1 2 3 13 11
3500
3 2 13 1 0 7 10 8 9 12 6 11 5 4
3434
2 13 1 0 9 8 10 7 12 6 11 5 4 3
3352
6 12 7 10 8 9 0 1 13 2 3 4 11 5
3426
9 1 0 7 13 2 3 11 5 4 6 12 10 8
3542
8 10 12 6 5 11 4 3 2 13 7 1 0 9
3529
4 6 12 7 8 10 9 0 1 13 2 3 11 5
3477
6 12 7 10 8 9 0 1 2 3 13 11 5 4
3500
8 9 0 1 7 12 6 4 5 11 3 2 13 10
3605
13 2 1 0 7 10 9 8 12 6 4 5 11 3
3582
5 4 6 12 7 10 8 9 0 1 2 13 3 11
3496
5 4 6 12 7 10 8 9 0 1 13 2 3 11
3436
6 5 11 4 3 13 2 1 0 7 10 9 8 12
3572
1 7 2 3 13 11 5 4 6 12 10 8 9 0
3695
0 1 7 12 6 4 5 11 3 2 13 8 10 9
3651
3 2 13 1 0 7 9 8 10 12 6 11 5 4
3414
2 13 1 0 9 8 10 7 12 6 11 5 4 3
3352
1 0 9 8 10 12 6 5 11 4 3 13 2 7
3681
11 13 3 2 1 0 9 10 8 7 12 6 4 5
3541
4 5 11 3 2 13 1 0 9 8 10 7 12 6
3436
7 2 13 3 11 5 4 6 12 10 8 9 0 1
3691
10 8 12 6 4 5 11 3 13 2 7 1 0 9
3742
8 10 9 0 1 7 12 6 4 5 11 3 2 13
3651
12 10 8 9 7 0 1 2 13 3 4 11 5 6
3548
6 12 7 9 8 10 0 1 13 2 3 11 5 4
3491
5 11 13 3 2 1 0 10 8 9 7 12 6 4
3555
11 5 4 6 12 9 8 10 7 0 1 2 13 3
3578
1 0 9 8 10 12 6 4 5 11 13 3 2 7
3695
1 7 12 6 5 11 4 3 2 13 8 10 9 0
3641
7 1 0 9 8 10 13 2 3 4 11 5 6 12
3595
1 0 9 8 10 13 2 3 11 5 4 6 12 7
3605
1 0 9 8 10 12 6 4 5 11 13 3 2 7
3695
11 4 3 2 13 1 0 9 8 10 7 12 6 5
3426
10 8 9 0 1 7 12 6 4 5 11 3 2 13
3605
6 12 10 8 9 7 0 1 13 2 3 4 11 5
3488
13 3 2 1 0 10 8 9 7 12 6 4 5 11
3555
3 4 5 11 6 12 7 10 8 9 0 1 13 2
3352
1 0 9 10 8 12 6 4 5 11 3 13 2 7
3742
11 5 6 12 7 10 8 9 0 1 2 13 3 4
3486
13 2 3 4 11 5 6 12 10 9 8 7 0 1
3502
10 12 6 4 5 11 13 3 2 7 1 0 9 8
3695
8 10 12 6 4 5 11 13 3 2 7 1 0 9
3695
10 8 13 2 3 4 11 5 6 12 7 1 0 9
3641
5 11 4 3 2 13 1 0 7 10 8 9 12 6
3508
2 3 11 5 4 6 12 7 10 8 9 0 1 13
3436
4 6 12 7 10 8 9 0 1 13 2 3 11 5
3436
7 1 0 9 8 10 12 6 4 5 11 3 2 13
3539
11 5 4 6 12 7 10 8 9 0 1 2 3 13
3500
8 9 0 1 7 12 6 5 11 4 3 2 13 10
3595
6 12 8 9 10 7 0 1 13 2 3 4 11 5
3512
4 5 11 3 13 2 1 0 9 10 8 7 12 6
3537
3 4 5 11 6 12 7 10 8 9 0 1 13 2
3352
3 2 13 1 0 7 10 8 9 12 6 11 5 4
3434
7 1 0 9 8 10 13 2 3 11 5 4 6 12
3605
4 5 11 3 2 13 1 0 7 9 8 10 12 6
3498
11 13 3 2 1 0 7 9 8 10 12 6 4 5
3562
7 1 0 9 10 8 12 6 4 5 11 3 2 13
3590
6 5 11 4 3 2 13 1 0 9 8 10 7 12
3426
1 7 12 6 4 5 11 3 2 13 10 8 9 0
3605
0 1 7 13 2 3 4 11 5 6 12 10 8 9
3529
6 5 11 4 3 2 13 1 0 7 9 8 10 12
3488
7 1 0 9 8 10 13 2 3 4 11 5 6 12
3595
5 11 3 2 13 1 0 9 8 10 7 12 6 4
3436
2 13 1 0 7 10 9 8 12 6 11 5 4 3
3438
10 8 9 0 1 7 12 6 4 5 11 3 2 13
3605
0 1 7 12 6 4 5 11 3 2 13 8 10 9
3651
3 4 5 11 6 12 8 9 10 7 0 1 13 2
3438
2 13 1 0 7 9 8 10 12 6 11 5 4 3
3414
6 12 8 9 10 7 0 1 13 2 3 11 5 4
3522
2 13 1 0 7 10 9 8 12 6 11 5 4 3
3438
5 4 6 12 7 9 8 10 0 1 13 2 3 11
3491
7 1 0 9 8 10 12 6 4 5 11 3 13 2
3691
13 1 0 7 8 9 10 12 6 4 5 11 3 2
3512
3 2 13 1 0 7 9 8 10 12 6 11 5 4
3414
5 4 6 12 7 9 8 10 0 1 2 3 13 11
3555
10 8 9 0 1 7 13 2 3 4 11 5 6 12
3529
2 3 4 5 11 6 12 7 10 8 9 0 1 13
3352
1 7 12 6 4 5 11 3 2 13 10 8 9 0
3605
9 8 10 12 6 4 5 11 13 3 2 7 0 1
3698
2 3 4 5 11 6 12 7 8 10 9 0 1 13
3393
2 13 1 0 7 9 8 10 12 6 4 5 11 3
3498
3 4 5 11 6 12 7 10 8 9 0 1 13 2
3352
5 4 6 12 9 8 10 7 0 1 2 3 13 11
3582
5 11 3 13 2 1 0 7 10 8 9 12 6 4
3578
4 6 12 7 8 10 9 0 1 2 3 13 11 5
3541
3 4 5 11 6 12 9 8 10 7 0 1 13 2
3434
10 9 0 1 7 12 6 4 5 11 3 2 13 8
3651
10 8 13 2 3 4 11 5 6 12 7 1 0 9
3641
1 0 9 10 8 12 6 4 5 11 13 3 2 7
3746
10 8 9 0 1 7 13 2 3 11 5 4 6 12
3539
11 5 4 6 12 7 10 8 9 0 1 2 3 13
3500
13 3 11 5 4 6 12 7 9 8 10 0 1 2
3551
9 0 1 7 2 13 3 4 11 5 6 12 10 8
3681
1 0 9 8 10 13 2 3 11 5 4 6 12 7
3605
7 12 6 5 11 4 3 2 13 10 8 9 0 1
3595
10 9 0 1 7 12 6 5 11 4 3 2 13 8
3641
8 9 0 1 7 12 6 4 5 11 3 2 13 10
3605
6 12 7 9 8 10 0 1 13 2 3 11 5 4
3491
5 4 6 12 7 8 10 9 0 1 2 13 3 11
3537
11 13 3 2 1 0 9 10 8 7 12 6 4 5
3541
6 12 7 9 8 10 0 1 2 13 3 4 11 5
3541
9 8 10 12 6 5 11 4 3 13 2 7 0 1
3684
2 3 11 5 4 6 12 7 9 8 10 0 1 13
3491
1 0 9 8 10 13 2 3 11 5 4 6 12 7
3605
5 11 3 2 13 1 0 7 9 8 10 12 6 4
3498
5 6 12 10 9 8 7 0 1 2 13 3 4 11
3562
8 9 0 1 7 12 6 4 5 11 3 2 13 10
3605
5 11 4 3 2 13 1 0 7 10 9 8 12 6
3512
12 6 4 5 11 3 2 13 1 0 9 8 10 7
3436
7 12 6 5 11 4 3 2 13 10 8 9 0 1
3595
4 6 12 7 10 8 9 0 1 2 13 3 11 5
3496
12 6 5 11 4 3 2 13 1 0 9 10 8 7
3467
2 3 4 5 11 6 12 10 8 9 7 0 1 13
3414
2 13 1 0 7 8 9 10 12 6 11 5 4 3
3428
3 2 13 1 0 9 8 10 7 12 6 11 5 4
3352
4 5 11 3 13 2 1 0 9 8 10 7 12 6
3496
2 3 11 5 4 6 12 7 9 8 10 0 1 13
3491
12 6 5 11 4 3 2 13 1 0 7 10 9 8
3512
6 12 9 8 10 7 0 1 2 3 13 11 5 4
3582
11 5 6 12 10 9 8 7 0 1 13 2 3 4
3502
7 12 6 5 11 4 3 2 13 8 10 9 0 1
3641
5 11 3 2 13 1 0 9 8 10 7 12 6 4
3436
8 10 9 0 1 7 12 6 4 5 11 3 2 13
3651
5 11 13 3 2 1 0 9 8 10 7 12 6 4
3500
2 13 1 0 7 10 8 9 12 6 11 5 4 3
3434
13 1 0 7 10 8 9 12 6 5 11 4 3 2
3508
11 4 3 13 2 1 0 7 9 8 10 12 6 5
3548
2 13 1 0 9 8 10 7 12 6 11 5 4 3
3352
2 3 4 5 11 6 12 9 8 10 7 0 1 13
3434
12 6 4 5 11 13 3 2 1 0 9 8 10 7
3500
3 2 13 1 0 9 8 10 7 12 6 11 5 4
3352
13 1 0 7 9 8 10 12 6 5 11 4 3 2
3488
8 10 9 0 1 7 12 6 4 5 11 3 2 13
3651
6 4 5 11 13 3 2 1 0 10 8 9 7 12
3555
0 9 10 8 13 2 3 11 5 4 6 12 7 1
3651
8 10 9 0 1 7 12 6 4 5 11 3 2 13
3651
9 8 10 12 6 5 11 4 3 2 13 7 1 0
3529
1 7 13 2 3 11 5 4 6 12 10 8 9 0
3539
9 8 10 12 6 5 11 4 3 13 2 7 1 0
3681
7 13 2 3 11 5 4 6 12 10 8 9 0 1
3539
6 5 11 4 3 2 13 1 0 9 8 10 7 12
3426
5 11 4 3 2 13 1 0 10 8 9 7 12 6
3481
3 2 13 1 0 7 10 9 8 12 6 11 5 4
3438
6 12 10 8 9 7 0 1 13 2 3 4 11 5
3488
7 1 0 9 8 10 12 6 4 5 11 3 2 13
3539
4 6 12 9 8 10 7 0 1 13 2 3 11 5
3518
1 7 12 6 4 5 11 3 2 13 10 8 9 0
3605
13 1 0 7 10 9 8 12 6 5 11 4 3 2
3512
5 4 6 12 10 8 9 7 0 1 2 3 13 11
3562
8 10 9 0 1 7 12 6 4 5 11 3 2 13
3651
7 1 0 9 10 8 13 2 3 11 5 4 6 12
3651
1 0 9 8 10 13 2 3 11 5 4 6 12 7
3605
9 1 0 7 12 6 5 11 4 3 2 13 10 8
3598
10 8 9 0 1 7 12 6 4 5 11 3 2 13
3605
1 0 9 8 10 12 6 4 5 11 3 13 2 7
3691
13 2 1 0 9 8 10 7 12 6 4 5 11 3
3496
8 9 0 1 7 12 6 4 5 11 3 2 13 10
3605
0 9 10 8 12 6 5 11 4 3 2 13 7 1
3580
6 4 5 11 13 3 2 1 0 7 10 8 9 12
3582
3 2 13 1 0 7 10 9 8 12 6 11 5 4
3438
9 0 1 7 2 3 13 11 5 4 6 12 10 8
3695
3 2 13 1 0 9 10 8 7 12 6 11 5 4
3393
11 13 3 2 1 0 9 10 8 7 12 6 4 5
3541
8 10 12 6 5 11 4 3 2 13 7 1 0 9
3529
3 2 13 1 0 9 8 10 7 12 6 11 5 4
3352
3 4 5 11 6 12 7 10 8 9 0 1 13 2
3352
0 1 7 12 6 5 11 4 3 2 13 8 10 9
3641
5 11 4 3 13 2 1 0 7 9 8 10 12 6
3548
13 3 11 5 4 6 12 7 9 8 10 0 1 2
3551
9 8 10 12 6 5 11 4 3 13 2 7 0 1
3684
1 0 9 8 10 12 6 4 5 11 3 2 13 7
3539
1 7 2 13 3 4 11 5 6 12 8 10 9 0
3732
2 13 1 0 7 9 8 10 12 6 11 5 4 3
3414
1 0 9 8 10 12 6 4 5 11 3 2 13 7
3539
3 4 5 11 6 12 7 9 8 10 0 1 13 2
3407
3 4 5 11 6 12 10 9 8 7 0 1 13 2
3428
8 9 0 1 7 2 3 13 11 5 4 6 12 10
3695
2 3 4 5 11 6 12 7 10 8 9 0 1 13
3352
13 3 2 1 0 10 8 9 7 12 6 4 5 11
3555
9 0 1 7 2 13 3 11 5 4 6 12 10 8
3691
3 2 13 1 0 7 10 8 9 12 6 11 5 4
3434
11 3 2 13 1 0 7 9 8 10 12 6 4 5
3498
11 3 2 13 1 0 7 9 8 10 12 6 4 5
3498
9 8 10 13 2 3 11 5 4 6 12 7 0 1
3608
13 3 11 5 4 6 12 10 8 9 7 0 1 2
3558
2 3 4 5 11 6 12 7 10 8 9 0 1 13
3352
12 6 4 5 11 13 3 2 1 0 9 8 10 7
3500
10 9 0 1 7 12 6 4 5 11 3 2 13 8
3651
0 9 8 10 12 6 5 11 4 3 13 2 7 1
3681
5 6 12 10 8 9 7 0 1 13 2 3 4 11
3488
8 10 13 2 3 11 5 4 6 12 7 1 0 9
3605
8 10 12 6 5 11 4 3 2 13 7 1 0 9
3529
7 2 13 3 4 11 5 6 12 8 10 9 0 1
3732
5 4 6 12 8 9 10 7 0 1 2 13 3 11
3582
4 6 12 9 8 10 7 0 1 13 2 3 11 5
3518
9 8 10 13 2 3 4 11 5 6 12 7 0 1
3598
12 8 9 10 7 0 1 2 13 3 4 11 5 6
3572
10 12 6 4 5 11 13 3 2 7 1 0 9 8
3695
6 5 11 4 3 13 2 1 0 7 8 9 10 12
3562
1 0 9 10 8 13 2 3 4 11 5 6 12 7
3641
7 1 0 9 10 8 13 2 3 11 5 4 6 12
3651
8 10 12 6 5 11 4 3 13 2 7 1 0 9
3681
12 10 9 8 7 0 1 2 13 3 11 5 4 6
3572
7 2 3 13 11 5 4 6 12 10 8 9 0 1
3695
1 0 9 8 10 12 6 4 5 11 13 3 2 7
3695
12 8 9 10 7 0 1 2 3 13 11 5 4 6
3586
2 13 1 0 10 8 9 7 12 6 11 5 4 3
3407
10 8 9 0 1 7 12 6 4 5 11 3 2 13
3605
2 3 4 5 11 6 12 7 8 10 9 0 1 13
3393
3 4 5 11 6 12 7 9 8 10 0 1 13 2
3407
11 5 6 12 7 10 8 9 0 1 13 2 3 4
3426
10 8 9 0 1 7 12 6 4 5 11 3 2 13
3605
9 8 10 12 6 4 5 11 13 3 2 7 1 0
3695
1 7 2 3 13 11 5 4 6 12 8 10 9 0
3746
1 0 9 8 10 13 2 3 4 11 5 6 12 7
3595
13 2 1 0 9 8 10 7 12 6 5 11 4 3
3486
0 1 7 12 6 5 11 4 3 2 13 10 8 9
3595
7 2 13 3 4 11 5 6 12 8 10 9 0 1
3732
12 7 9 8 10 0 1 13 2 3 4 11 5 6
3481
13 11 5 4 6 12 7 10 8 9 0 1 2 3
3500
1 0 9 8 10 13 2 3 11 5 4 6 12 7
3605
11 5 4 6 12 7 9 8 10 0 1 2 3 13
3555
12 7 9 8 10 0 1 2 3 13 11 5 4 6
3555
3 4 5 11 6 12 8 9 10 7 0 1 13 2
3438
1 0 9 8 10 13 2 3 11 5 4 6 12 7
3605
13 1 0 10 8 9 7 12 6 5 11 4 3 2
3481
9 0 1 7 13 2 3 11 5 4 6 12 10 8
3539
4 5 11 3 2 13 1 0 7 10 8 9 12 6
3518
8 10 9 0 1 7 12 6 5 11 4 3 2 13
3641
13 2 1 0 7 8 9 10 12 6 4 5 11 3
3572
11 3 2 13 1 0 7 10 8 9 12 6 4 5
3518
1 0 9 8 10 12 6 4 5 11 13 3 2 7
3695
10 12 6 4 5 11 3 2 13 7 1 0 9 8
3539
2 3 4 5 11 6 12 8 9 10 7 0 1 13
3438
9 1 0 7 2 3 13 11 5 4 6 12 10 8
3698
1 7 2 13 3 11 5 4 6 12 10 8 9 0
3691
2 13 1 0 9 10 8 7 12 6 5 11 4 3
3467
13 1 0 7 9 8 10 12 6 5 11 4 3 2
3488
6 4 5 11 3 2 13 1 0 9 8 10 7 12
3436
3 4 5 11 6 12 8 9 10 7 0 1 13 2
3438
2 13 1 0 10 8 9 7 12 6 11 5 4 3
3407
9 8 10 13 2 3 11 5 4 6 12 7 0 1
3608
0 9 8 10 12 6 5 11 4 3 13 2 7 1
3681
4 5 11 3 2 13 1 0 9 8 10 7 12 6
3436
1 7 13 2 3 4 11 5 6 12 8 10 9 0
3580
10 9 0 1 7 13 2 3 11 5 4 6 12 8
3590
5 4 6 12 10 8 9 7 0 1 2 13 3 11
3558
7 1 0 9 10 8 13 2 3 4 11 5 6 12
3641
1 7 12 6 5 11 4 3 2 13 8 10 9 0
3641
7 1 0 9 8 10 13 2 3 11 5 4 6 12
3605
5 11 4 3 2 13 1 0 7 9 8 10 12 6
3488
7 1 0 9 10 8 13 2 3 11 5 4 6 12
3651
9 1 0 7 2 3 13 11 5 4 6 12 10 8
3698
9 0 1 7 12 6 4 5 11 3 2 13 10 8
3605
1 7 2 3 13 11 5 4 6 12 8 10 9 0
3746
3 4 5 11 6 12 7 8 10 9 0 1 13 2
3393
10 8 9 0 1 7 2 13 3 4 11 5 6 12
3681
7 12 6 5 11 4 3 2 13 10 8 9 0 1
3595
4 6 12 9 8 10 7 0 1 13 2 3 11 5
3518
8 10 9 0 1 7 12 6 4 5 11 3 2 13
3651
11 4 3 2 13 1 0 7 8 9 10 12 6 5
3502
6 12 9 8 10 7 0 1 2 13 3 4 11 5
3568
9 8 10 13 2 3 11 5 4 6 12 7 0 1
3608
12 6 5 11 4 3 2 13 1 0 7 10 9 8
3512
3 4 5 11 6 12 7 10 8 9 0 1 13 2
3352
2 13 1 0 7 9 8 10 12 6 11 5 4 3
3414
3 4 5 11 6 12 9 8 10 7 0 1 13 2
3434
0 1 7 12 6 5 11 4 3 2 13 10 8 9
3595
1 0 9 8 10 13 2 3 11 5 4 6 12 7
3605
4 5 11 3 2 13 1 0 9 8 10 7 12 6
3436
3 2 13 1 0 10 8 9 7 12 6 11 5 4
3407
11 4 3 13 2 1 0 7 9 8 10 12 6 5
3548
12 10 8 9 7 0 1 13 2 3 11 5 4 6
3498
8 10 12 6 4 5 11 3 13 2 7 1 0 9
3691
6 4 5 11 13 3 2 1 0 9 8 10 7 12
3500
12 6 5 11 4 3 13 2 1 0 9 8 10 7
3486
6 4 5 11 3 2 13 1 0 7 10 9 8 12
3522
10 13 2 3 11 5 4 6 12 7 1 0 9 8
3605
3 2 13 1 0 7 9 8 10 12 6 11 5 4
3414
4 6 12 9 8 10 7 0 1 13 2 3 11 5
3518
4 6 12 8 9 10 7 0 1 13 2 3 11 5
3522
4 6 12 9 8 10 7 0 1 13 2 3 11 5
3518
13 3 4 11 5 6 12 7 10 8 9 0 1 2
3486
12 10 8 9 7 0 1 13 2 3 4 11 5 6
3488
8 10 13 2 3 4 11 5 6 12 7 1 0 9
3595
2 3 4 5 11 6 12 9 8 10 7 0 1 13
3434
12 7 9 8 10 0 1 2 13 3 11 5 4 6
3551
9 0 1 7 13 2 3 4 11 5 6 12 10 8
3529
0 1 7 13 2 3 4 11 5 6 12 10 8 9
3529
3 4 5 11 6 12 9 8 10 7 0 1 13 2
3434
0 9 8 10 12 6 4 5 11 3 2 13 7 1
3539
1 0 9 10 8 12 6 4 5 11 3 13 2 7
3742
1 7 2 13 3 4 11 5 6 12 10 8 9 0
3681
7 1 0 9 10 8 12 6 4 5 11 13 3 2
3746
4 5 11 3 2 13 1 0 9 8 10 7 12 6
3436
9 0 1 7 2 3 13 11 5 4 6 12 10 8
3695
8 10 9 0 1 7 2 13 3 11 5 4 6 12
3742
7 1 0 9 10 8 12 6 4 5 11 13 3 2
3746
4 5 11 3 2 13 1 0 9 10 8 7 12 6
3477
11 5 4 6 12 7 8 10 9 0 1 13 2 3
3477
4 6 12 7 8 10 9 0 1 2 3 13 11 5
3541
12 10 8 9 7 0 1 13 2 3 4 11 5 6
3488
4 5 11 3 13 2 1 0 7 10 8 9 12 6
3578
7 2 3 13 11 5 4 6 12 8 10 9 0 1
3746
6 12 10 8 9 7 0 1 2 3 13 11 5 4
3562
8 10 13 2 3 4 11 5 6 12 7 1 0 9
3595
3 2 13 1 0 7 8 9 10 12 6 11 5 4
3428
11 5 4 6 12 7 8 10 9 0 1 13 2 3
3477
2 3 4 5 11 6 12 7 10 8 9 0 1 13
3352
0 1 7 12 6 5 11 4 3 2 13 8 10 9
3641
9 8 10 12 6 5 11 4 3 2 13 7 0 1
3532
4 6 12 7 8 10 9 0 1 13 2 3 11 5
3477
10 8 12 6 4 5 11 3 2 13 7 1 0 9
3590
3 2 13 1 0 9 8 10 7 12 6 11 5 4
3352
4 5 11 3 2 13 1 0 7 9 8 10 12 6
3498
9 8 10 12 6 5 11 4 3 2 13 7 1 0
3529
6 4 5 11 13 3 2 1 0 7 10 9 8 12
3586
7 13 2 3 11 5 4 6 12 8 10 9 0 1
3590
8 9 0 1 7 12 6 5 11 4 3 2 13 10
3595
5 4 6 12 7 9 8 10 0 1 2 3 13 11
3555
0 9 8 10 12 6 5 11 4 3 2 13 7 1
3529
5 4 6 12 8 9 10 7 0 1 13 2 3 11
3522
11 4 3 13 2 1 0 10 8 9 7 12 6 5
3541
9 8 10 13 2 3 4 11 5 6 12 7 1 0
3595
1 0 9 10 8 13 2 3 11 5 4 6 12 7
3651
2 3 4 5 11 6 12 10 9 8 7 0 1 13
3428
13 2 1 0 7 8 9 10 12 6 4 5 11 3
3572
13 2 3 4 11 5 6 12 7 10 8 9 0 1
3426
13 2 3 11 5 4 6 12 7 8 10 9 0 1
3477
5 4 6 12 8 9 10 7 0 1 2 13 3 11
3582
13 3 2 1 0 9 10 8 7 12 6 4 5 11
3541
9 8 10 13 2 3 11 5 4 6 12 7 0 1
3608
3 4 5 11 6 12 10 9 8 7 0 1 13 2
3428
10 8 9 0 1 7 2 3 13 11 5 4 6 12
3695
0 1 7 12 6 4 5 11 3 2 13 10 8 9
3605
0 9 10 8 12 6 5 11 4 3 13 2 7 1
3732
0 9 10 8 13 2 3 11 5 4 6 12 7 1
3651
3 2 13 1 0 9 8 10 7 12 6 11 5 4
3352
6 12 7 10 8 9 0 1 2 13 3 11 5 4
3496
4 5 11 3 13 2 1 0 7 9 8 10 12 6
3558
0 9 8 10 12 6 5 11 4 3 2 13 7 1
3529
10 8 9 0 1 7 12 6 5 11 4 3 2 13
3595
12 9 8 10 7 0 1 2 3 13 11 5 4 6
3582
4 6 12 9 8 10 7 0 1 13 2 3 11 5
3518
0 1 7 13 2 3 4 11 5 6 12 10 8 9
3529
13 3 4 11 5 6 12 7 8 10 9 0 1 2
3527
10 8 9 0 1 7 2 3 13 11 5 4 6 12
3695
10 8 9 0 1 7 12 6 4 5 11 3 2 13
3605
11 4 3 2 13 1 0 9 8 10 7 12 6 5
3426
1 7 2 3 13 11 5 4 6 12 8 10 9 0
3746
10 8 9 0 1 7 12 6 5 11 4 3 2 13
3595
4 5 11 13 3 2 1 0 9 8 10 7 12 6
3500
11 5 4 6 12 7 8 10 9 0 1 2 13 3
3537
4 6 12 7 8 10 9 0 1 2 3 13 11 5
3541
5 11 4 3 2 13 1 0 9 10 8 7 12 6
3467
2 13 1 0 9 8 10 7 12 6 11 5 4 3
3352
3 2 13 1 0 9 8 10 7 12 6 11 5 4
3352
7 12 6 5 11 4 3 2 13 8 10 9 0 1
3641
8 9 0 1 7 13 2 3 4 11 5 6 12 10
3529
6 12 7 9 8 10 0 1 2 13 3 4 11 5
3541
0 9 8 10 12 6 4 5 11 3 2 13 7 1
3539
9 0 1 7 2 13 3 11 5 4 6 12 10 8
3691
2 13 1 0 7 9 8 10 12 6 11 5 4 3
3414
10 8 13 2 3 11 5 4 6 12 7 1 0 9
3651
2 13 1 0 10 8 9 7 12 6 4 5 11 3
3491
13 1 0 7 9 8 10 12 6 5 11 4 3 2
3488
0 1 7 13 2 3 11 5 4 6 12 10 8 9
3539
5 4 6 12 10 8 9 7 0 1 2 13 3 11
3558
0 9 10 8 12 6 4 5 11 3 2 13 7 1
3590
8 10 9 0 1 7 12 6 5 11 4 3 2 13
3641
3 4 5 11 6 12 8 9 10 7 0 1 13 2
3438
5 11 3 2 13 1 0 9 8 10 7 12 6 4
3436
3 2 13 1 0 9 8 10 7 12 6 11 5 4
3352
2 3 4 5 11 6 12 7 10 8 9 0 1 13
3352
10 8 9 0 1 7 12 6 4 5 11 3 2 13
3605
2 13 1 0 7 9 8 10 12 6 5 11 4 3
3488
2 13 1 0 7 8 9 10 12 6 11 5 4 3
3428
5 11 4 3 2 13 1 0 10 8 9 7 12 6
3481
10 8 13 2 3 11 5 4 6 12 7 1 0 9
3651
3 2 13 1 0 9 10 8 7 12 6 11 5 4
3393
5 11 13 3 2 1 0 9 8 10 7 12 6 4
3500
3 4 5 11 6 12 9 8 10 7 0 1 13 2
3434
0 9 8 10 13 2 3 11 5 4 6 12 7 1
3605
11 5 4 6 12 7 10 8 9 0 1 2 13 3
3496
9 1 0 7 12 6 4 5 11 3 2 13 10 8
3608
1 7 13 2 3 11 5 4 6 12 10 8 9 0
3539
6 4 5 11 3 2 13 1 0 10 8 9 7 12
3491
0 1 7 13 2 3 4 11 5 6 12 8 10 9
3580
13 2 3 4 11 5 6 12 10 9 8 7 0 1
3502
5 4 6 12 10 8 9 7 0 1 2 3 13 11
3562
2 3 4 5 11 6 12 10 8 9 7 0 1 13
3414
0 9 8 10 12 6 4 5 11 3 2 13 7 1
3539
0 1 7 2 3 13 11 5 4 6 12 8 10 9
3746
0 9 10 8 12 6 4 5 11 13 3 2 7 1
3746
3 4 5 11 6 12 10 8 9 7 0 1 13 2
3414
2 13 1 0 7 8 9 10 12 6 11 5 4 3
3428
11 3 13 2 1 0 9 8 10 7 12 6 4 5
3496
1 0 9 8 10 12 6 5 11 4 3 13 2 7
3681
6 12 7 9 8 10 0 1 2 13 3 4 11 5
3541
12 9 8 10 7 0 1 13 2 3 11 5 4 6
3518
12 6 5 11 4 3 2 13 1 0 7 9 8 10
3488
6 12 7 10 8 9 0 1 2 3 13 11 5 4
3500
6 5 11 4 3 2 13 1 0 9 8 10 7 12
3426
11 4 3 13 2 1 0 9 10 8 7 12 6 5
3527
11 5 4 6 12 7 8 10 9 0 1 13 2 3
3477
10 12 6 4 5 11 3 2 13 7 1 0 9 8
3539
4 5 11 3 2 13 1 0 9 10 8 7 12 6
3477
13 3 11 5 4 6 12 8 9 10 7 0 1 2
3582
1 7 12 6 5 11 4 3 2 13 10 8 9 0
3595
2 3 11 5 4 6 12 7 10 8 9 0 1 13
3436
13 3 11 5 4 6 12 7 9 8 10 0 1 2
3551
7 13 2 3 4 11 5 6 12 8 10 9 0 1
3580
7 1 0 9 8 10 13 2 3 4 11 5 6 12
3595
12 10 8 9 7 0 1 2 3 13 11 5 4 6
3562
8 10 13 2 3 4 11 5 6 12 7 1 0 9
3595
11 5 6 12 7 8 10 9 0 1 13 2 3 4
3467
6 12 7 10 8 9 0 1 13 2 3 11 5 4
3436
8 10 9 0 1 7 2 13 3 11 5 4 6 12
3742
10 8 12 6 5 11 4 3 2 13 7 1 0 9
3580
1 7 2 13 3 11 5 4 6 12 10 8 9 0
3691
4 5 11 3 2 13 1 0 9 10 8 7 12 6
3477
4 6 12 9 8 10 7 0 1 13 2 3 11 5
3518
3 2 13 1 0 9 8 10 7 12 6 11 5 4
3352
3 4 5 11 6 12 10 8 9 7 0 1 13 2
3414
6 12 7 8 10 9 0 1 2 13 3 4 11 5
3527
1 0 9 8 10 13 2 3 4 11 5 6 12 7
3595
10 8 13 2 3 4 11 5 6 12 7 1 0 9
3641
3 2 13 1 0 7 10 8 9 12 6 11 5 4
3434
7 1 0 9 8 10 12 6 4 5 11 3 2 13
3539
3 2 13 1 0 9 10 8 7 12 6 11 5 4
3393
5 11 3 13 2 1 0 9 8 10 7 12 6 4
3496
5 4 6 12 7 10 8 9 0 1 13 2 3 11
3436
1 7 2 3 13 11 5 4 6 12 8 10 9 0
3746
4 6 12 7 8 10 9 0 1 13 2 3 11 5
3477
7 13 2 3 4 11 5 6 12 10 8 9 0 1
3529
1 7 13 2 3 4 11 5 6 12 8 10 9 0
3580
12 6 5 11 4 3 13 2 1 0 9 10 8 7
3527
13 3 2 1 0 9 8 10 7 12 6 4 5 11
3500
10 8 9 0 1 7 12 6 5 11 4 3 2 13
3595
7 12 6 5 11 4 3 2 13 8 10 9 0 1
3641
0 1 7 2 3 13 11 5 4 6 12 10 8 9
3695
8 10 12 6 5 11 4 3 2 13 7 1 0 9
3529
1 0 9 8 10 12 6 4 5 11 3 2 13 7
3539
1 0 9 10 8 13 2 3 11 5 4 6 12 7
3651
8 13 2 3 4 11 5 6 12 7 1 0 9 10
3641
3 2 13 1 0 9 8 10 7 12 6 11 5 4
3352
8 10 9 0 1 7 12 6 5 11 4 3 2 13
3641
4 6 12 10 8 9 7 0 1 13 2 3 11 5
3498
0 9 10 8 12 6 5 11 4 3 13 2 7 1
3732
13 2 3 11 5 4 6 12 10 9 8 7 0 1
3512
8 10 12 6 4 5 11 3 2 13 7 1 0 9
3539
7 12 6 5 11 4 3 2 13 8 10 9 0 1
3641
9 0 1 7 13 2 3 11 5 4 6 12 10 8
3539
7 12 6 5 11 4 3 2 13 10 8 9 0 1
3595
8 10 13 2 3 4 11 5 6 12 7 1 0 9
3595
7 1 0 9 8 10 13 2 3 4 11 5 6 12
3595
2 13 1 0 7 10 8 9 12 6 11 5 4 3
3434
1 0 9 8 10 13 2 3 11 5 4 6 12 7
3605
2 3 4 11 5 6 12 10 9 8 7 0 1 13
3502
12 7 9 8 10 0 1 2 3 13 11 5 4 6
3555
0 1 7 2 3 13 11 5 4 6 12 10 8 9
3695
6 12 7 8 10 9 0 1 13 2 3 4 11 5
3467
12 6 4 5 11 13 3 2 1 0 7 9 8 10
3562
11 4 3 2 13 1 0 7 9 8 10 12 6 5
3488
11 5 6 12 8 9 10 7 0 1 13 2 3 4
3512
4 5 11 3 2 13 1 0 7 10 9 8 12 6
3522
2 13 1 0 9 8 10 7 12 6 11 5 4 3
3352
5 4 6 12 7 10 8 9 0 1 13 2 3 11
3436
5 6 12 7 9 8 10 0 1 13 2 3 4 11
3481
11 13 3 2 1 0 7 10 8 9 12 6 4 5
3582
4 5 11 3 2 13 1 0 7 9 8 10 12 6
3498
10 8 12 6 4 5 11 3 2 13 7 1 0 9
3590
10 13 2 3 11 5 4 6 12 7 1 0 9 8
3605
0 9 8 10 13 2 3 11 5 4 6 12 7 1
3605
6 4 5 11 13 3 2 1 0 9 10 8 7 12
3541
3 4 5 11 6 12 10 8 9 7 0 1 13 2
3414
4 6 12 7 10 8 9 0 1 13 2 3 11 5
3436
6 5 11 4 3 13 2 1 0 9 8 10 7 12
3486
9 1 0 7 13 2 3 11 5 4 6 12 10 8
3542
2 13 1 0 9 10 8 7 12 6 5 11 4 3
3467
11 4 3 13 2 1 0 9 8 10 7 12 6 5
3486
0 1 7 12 6 5 11 4 3 2 13 10 8 9
3595
10 13 2 3 4 11 5 6 12 7 1 0 9 8
3595
7 2 3 13 11 5 4 6 12 10 8 9 0 1
3695
10 9 0 1 7 2 13 3 4 11 5 6 12 8
3732
12 6 5 11 4 3 2 13 1 0 7 8 9 10
3502
9 0 1 7 12 6 5 11 4 3 2 13 10 8
3595
10 9 0 1 7 13 2 3 4 11 5 6 12 8
3580
8 10 13 2 3 11 5 4 6 12 7 1 0 9
3605
7 12 6 5 11 4 3 2 13 10 8 9 0 1
3595
5 4 6 12 10 9 8 7 0 1 13 2 3 11
3512
4 6 12 7 10 8 9 0 1 2 13 3 11 5
3496
0 1 7 13 2 3 4 11 5 6 12 10 8 9
3529
5 4 6 12 7 9 8 10 0 1 2 3 13 11
3555
12 10 9 8 7 0 1 2 3 13 11 5 4 6
3576
12 10 9 8 7 0 1 2 3 13 11 5 4 6
3576
13 2 3 4 11 5 6 12 8 9 10 7 0 1
3512
13 3 4 11 5 6 12 8 9 10 7 0 1 2
3572
13 2 3 4 11 5 6 12 8 9 10 7 0 1
3512
7 12 6 4 5 11 3 2 13 8 10 9 0 1
3651
7 1 0 9 10 8 12 6 4 5 11 3 2 13
3590
5 11 13 3 2 1 0 9 8 10 7 12 6 4
3500
7 1 0 9 8 10 13 2 3 4 11 5 6 12
3595
0 1 7 12 6 5 11 4 3 2 13 10 8 9
3595
0 1 7 12 6 4 5 11 3 2 13 10 8 9
3605
10 9 0 1 7 12 6 4 5 11 3 2 13 8
3651
8 9 0 1 7 13 2 3 11 5 4 6 12 10
3539
5 4 6 12 8 9 10 7 0 1 2 3 13 11
3586
8 10 13 2 3 11 5 4 6 12 7 1 0 9
3605
11 4 3 13 2 1 0 7 10 9 8 12 6 5
3572
1 7 13 2 3 4 11 5 6 12 10 8 9 0
3529
0 1 7 2 3 13 11 5 4 6 12 10 8 9
3695
5 4 6 12 7 10 8 9 0 1 2 13 3 11
3496
4 6 12 10 8 9 7 0 1 13 2 3 11 5
3498
5 11 4 3 2 13 1 0 9 8 10 7 12 6
3426
4 6 12 7 8 10 9 0 1 13 2 3 11 5
3477
11 5 4 6 12 9 8 10 7 0 1 13 2 3
3518
11 5 4 6 12 10 8 9 7 0 1 13 2 3
3498
9 8 10 12 6 5 11 4 3 13 2 7 1 0
3681
5 11 3 2 13 1 0 7 10 9 8 12 6 4
3522
3 4 5 11 6 12 10 8 9 7 0 1 13 2
3414
7 1 0 9 10 8 12 6 5 11 4 3 2 13
3580
7 12 6 4 5 11 3 2 13 8 10 9 0 1
3651
6 5 11 4 3 2 13 1 0 9 10 8 7 12
3467
12 10 9 8 7 0 1 2 3 13 11 5 4 6
3576
10 13 2 3 11 5 4 6 12 7 1 0 9 8
3605
2 13 1 0 7 9 8 10 12 6 5 11 4 3
3488
9 8 10 12 6 4 5 11 13 3 2 7 0 1
3698
11 13 3 2 1 0 7 9 8 10 12 6 4 5
3562
10 13 2 3 11 5 4 6 12 7 1 0 9 8
3605
13 2 3 11 5 4 6 12 7 9 8 10 0 1
3491
8 12 6 5 11 4 3 13 2 7 1 0 9 10
3732
1 7 2 13 3 4 11 5 6 12 10 8 9 0
3681
7 13 2 3 4 11 5 6 12 10 8 9 0 1
3529
0 1 7 13 2 3 11 5 4 6 12 8 10 9
3590
12 7 8 10 9 0 1 13 2 3 4 11 5 6
3467
0 1 7 12 6 4 5 11 3 2 13 8 10 9
3651
13 11 5 4 6 12 7 8 10 9 0 1 2 3
3541
6 4 5 11 3 2 13 1 0 7 8 9 10 12
3512
0 1 7 12 6 5 11 4 3 2 13 10 8 9
3595
12 6 4 5 11 13 3 2 1 0 7 9 8 10
3562
6 5 11 4 3 13 2 1 0 9 10 8 7 12
3527
0 1 7 12 6 4 5 11 3 2 13 10 8 9
3605
4 5 11 3 2 13 1 0 9 10 8 7 12 6
3477
13 3 11 5 4 6 12 8 9 10 7 0 1 2
3582
5 11 4 3 2 13 1 0 7 9 8 10 12 6
3488
2 13 1 0 7 9 8 10 12 6 11 5 4 3
3414
2 13 1 0 10 8 9 7 12 6 4 5 11 3
3491
10 8 13 2 3 4 11 5 6 12 7 1 0 9
3641
0 9 10 8 12 6 4 5 11 3 13 2 7 1
3742
12 6 5 11 4 3 13 2 1 0 9 10 8 7
3527
11 3 2 13 1 0 7 10 9 8 12 6 4 5
3522
6 12 10 9 8 7 0 1 13 2 3 11 5 4
3512
6 12 9 8 10 7 0 1 2 3 13 11 5 4
3582
4 5 11 13 3 2 1 0 9 8 10 7 12 6
3500
1 7 12 6 5 11 4 3 2 13 10 8 9 0
3595
1 7 12 6 4 5 11 3 2 13 8 10 9 0
3651
7 2 3 13 11 5 4 6 12 10 8 9 0 1
3695
3 2 13 1 0 7 9 8 10 12 6 11 5 4
3414
0 9 8 10 13 2 3 4 11 5 6 12 7 1
3595
8 13 2 3 11 5 4 6 12 7 1 0 9 10
3651
11 3 13 2 1 0 9 8 10 7 12 6 4 5
3496
