18 19 17 16 25 22 23 24 21 20 11 12 10 14 0 1 2 13 9 8 4 5 3 6 7 15
1028
19 17 25 22 23 24 21 20 16 10 11 12 14 13 2 0 1 3 5 4 9 8 6 7 15 18
1049
10 11 12 14 13 2 0 1 3 5 4 6 7 19 17 25 22 23 24 21 20 16 18 15 8 9
1029
2 14 13 12 11 10 9 20 21 24 23 22 25 16 17 19 18 15 8 7 6 5 3 4 1 0
1042
7 8 18 19 17 25 22 23 24 21 20 16 15 9 10 12 11 13 14 2 0 1 3 4 5 6
1043
20 21 24 23 22 25 17 19 18 15 7 6 8 9 4 5 3 1 0 2 13 14 10 12 11 16
1052
8 15 20 21 24 23 22 25 16 17 19 18 9 10 11 12 14 13 2 0 1 4 3 5 6 7
1062
1 3 5 4 6 7 8 21 24 23 22 25 20 16 17 19 18 15 9 13 12 11 10 14 0 2
1078
14 13 2 0 1 3 4 5 6 7 19 17 25 22 23 24 21 20 16 18 15 8 9 12 10 11
1046
17 19 18 15 7 6 3 5 4 8 9 2 1 0 13 14 10 12 11 16 20 21 24 23 22 25
1059
0 1 3 5 4 2 14 13 9 8 6 7 25 22 23 24 21 20 16 17 19 18 15 10 12 11
1074
0 14 13 2 1 3 4 5 6 7 19 18 17 25 22 23 24 21 20 16 15 8 9 12 10 11
1059
15 7 6 8 9 4 5 3 1 0 2 13 14 10 12 11 21 24 23 22 25 20 16 17 19 18
1054
18 15 7 6 5 3 4 8 9 2 1 0 13 14 10 12 11 24 23 22 21 25 20 16 17 19
1027
22 23 24 21 20 16 11 12 10 14 13 2 1 0 9 8 3 5 4 6 7 15 18 19 17 25
1064
10 20 21 24 23 22 25 16 17 19 18 15 7 6 5 3 4 8 9 2 1 0 13 14 12 11
1050
9 10 11 12 14 13 2 0 1 3 5 4 6 7 18 19 17 25 22 23 24 21 20 16 15 8
1018
24 20 16 10 11 12 14 0 1 2 13 9 8 5 3 4 6 7 15 18 19 17 25 21 22 23
1041
7 19 17 25 22 23 24 21 20 16 18 15 10 12 11 14 0 1 2 13 9 8 3 5 4 6
1059
12 10 9 15 18 19 17 16 20 25 22 23 24 21 8 7 6 5 3 4 1 0 2 13 14 11
1070
18 15 7 6 4 5 3 8 9 13 2 1 0 14 10 12 11 20 21 24 23 22 25 16 17 19
1027
23 22 24 21 20 16 11 12 10 14 13 2 0 1 3 5 4 9 8 6 7 15 18 19 17 25
1072
18 19 17 25 22 23 24 21 20 16 11 12 10 14 13 0 1 2 9 8 5 3 4 6 7 15
1058
13 2 0 1 3 4 5 6 7 18 19 17 16 20 21 24 23 22 25 15 8 9 10 12 11 14
1044
1 3 5 4 6 7 8 25 22 23 24 21 20 16 17 19 18 15 9 13 10 12 11 14 0 2
1069
1 3 5 4 6 7 8 18 19 17 25 22 23 24 21 20 16 15 9 10 11 12 13 14 2 0
1035
7 19 18 17 25 22 23 24 21 20 16 15 8 9 10 11 12 13 14 2 0 1 4 3 5 6
1049
13 2 1 0 9 8 4 5 3 6 7 15 18 19 17 16 25 22 23 24 21 20 12 10 11 14
1071
19 17 25 22 23 24 21 20 16 11 12 10 14 13 9 8 2 0 1 3 5 4 6 7 15 18
1034
2 13 8 4 3 5 6 7 19 18 17 16 20 21 24 23 22 25 15 9 10 11 12 14 0 1
1097
9 8 6 7 15 18 19 17 16 20 25 22 23 24 21 10 11 12 14 13 2 0 1 3 5 4
1062
12 14 13 2 0 1 3 5 4 9 8 6 7 25 22 23 24 21 20 16 17 19 18 15 10 11
1095
8 4 5 3 6 7 19 17 25 22 23 24 21 20 16 18 15 10 11 12 14 0 1 2 13 9
1060
15 7 6 8 9 4 5 3 1 0 2 13 14 10 12 11 20 21 24 23 22 25 16 17 19 18
1043
9 2 1 0 13 14 11 12 10 20 21 24 23 22 25 16 17 19 18 15 7 6 4 3 5 8
1054
4 1 2 0 14 13 12 11 10 9 8 15 18 16 20 21 24 23 22 25 17 19 7 6 5 3
1050
5 3 4 1 0 2 14 11 10 12 13 9 15 20 21 24 23 22 25 16 17 19 18 8 7 6
1082
0 1 2 13 3 4 5 6 7 8 15 16 20 21 24 23 22 25 17 19 18 9 10 11 12 14
1061
3 4 1 0 2 14 13 11 12 10 9 18 19 17 25 22 23 24 21 20 16 15 8 7 6 5
1054
5 6 7 8 15 19 18 17 16 20 21 24 23 22 25 9 10 12 11 13 14 2 0 1 4 3
1077
1 14 0 24 23 22 21 25 20 16 17 18 19 15 8 9 10 11 12 13 2 7 6 4 5 3
1047
3 5 6 7 8 15 18 19 17 16 25 22 23 24 21 20 9 10 12 11 13 14 2 0 1 4
1046
11 10 25 22 23 24 21 20 16 17 18 19 15 7 6 4 5 3 8 9 13 2 1 0 14 12
1063
8 9 4 5 3 1 0 2 13 14 12 11 10 15 16 20 21 24 23 22 25 17 19 18 7 6
1064
18 19 17 25 22 23 24 21 20 16 11 12 10 14 13 0 1 2 9 8 4 3 5 6 7 15
1054
19 17 25 22 23 24 21 20 16 11 12 10 14 0 1 2 13 9 8 4 5 3 6 7 15 18
1037
7 6 5 3 4 1 0 2 13 14 12 11 10 9 25 22 23 24 21 20 16 17 19 18 15 8
1052
10 12 11 14 13 2 0 1 3 4 5 6 7 18 19 17 16 25 22 23 24 21 20 15 8 9
1038
17 19 18 15 7 6 3 5 4 8 9 13 2 1 0 14 10 12 11 16 20 21 24 23 22 25
1037
2 13 12 11 10 9 8 15 16 20 21 24 23 22 25 17 18 19 7 6 5 3 4 1 0 14
1053
17 19 18 15 7 6 5 3 4 8 9 13 2 1 0 14 10 12 11 24 23 22 21 25 20 16
1005
4 6 7 8 20 21 24 23 22 25 16 17 19 18 15 9 10 12 11 13 14 0 2 1 5 3
1062
6 7 19 18 17 16 25 22 23 24 21 20 15 10 11 12 14 13 9 8 2 0 1 4 5 3
1094
0 1 3 5 4 6 7 2 13 24 23 22 21 25 20 16 17 19 18 15 8 9 12 10 11 14
1065
7 19 17 25 22 23 24 21 20 16 18 15 8 9 10 12 11 14 13 2 0 1 4 3 5 6
1044
11 12 10 25 22 23 24 21 20 16 17 19 18 15 7 6 5 3 4 8 9 0 1 2 13 14
1070
3 4 1 0 2 14 13 12 11 10 9 15 18 19 17 16 20 21 24 23 22 25 8 7 6 5
1069
14 13 0 1 2 9 8 4 3 5 6 7 15 19 18 17 16 25 22 23 24 21 20 10 12 11
1067
10 11 12 14 13 2 0 1 3 5 4 6 7 19 18 17 25 22 23 24 21 20 16 15 8 9
1030
25 17 19 18 15 7 6 4 3 5 1 0 2 8 9 13 14 10 12 11 16 20 21 24 23 22
1047
15 7 6 3 5 4 1 2 8 9 13 14 10 12 11 0 24 21 22 23 25 20 16 17 19 18
1068
5 1 0 2 14 13 11 12 10 9 15 25 22 23 24 21 20 16 17 19 18 8 7 6 4 3
1074
2 13 4 3 5 6 7 19 18 17 16 25 22 23 24 21 20 15 8 9 10 12 11 14 0 1
1074
7 6 5 4 3 1 0 2 14 11 10 12 13 9 20 21 24 23 22 25 16 17 19 18 15 8
1047
22 25 17 19 18 15 7 6 4 3 5 8 9 2 1 0 13 14 10 12 11 16 20 21 24 23
1058
6 4 3 5 8 9 13 2 1 0 14 12 11 10 15 18 16 20 21 24 23 22 25 17 19 7
1059
16 11 12 10 14 0 1 2 13 9 8 4 5 3 6 7 15 18 19 17 25 22 23 24 21 20
1037
0 1 2 3 4 5 6 7 8 15 18 19 17 16 25 22 23 24 21 20 9 10 11 12 13 14
1012
9 10 11 12 14 13 2 0 1 4 3 5 6 7 8 18 19 17 25 22 23 24 21 20 16 15
1046
7 19 18 17 25 22 23 24 21 20 16 15 8 9 10 11 12 14 13 2 0 1 3 5 4 6
1030
21 24 23 22 25 17 19 18 15 7 6 3 5 4 8 9 2 1 0 13 14 10 12 11 16 20
1059
19 18 15 7 6 3 5 4 8 9 13 2 1 0 14 10 12 11 20 21 24 23 22 25 16 17
1028
3 4 1 2 0 14 13 11 12 10 9 21 24 23 22 25 20 16 17 19 18 15 8 7 6 5
1063
15 18 19 17 25 22 23 24 21 20 16 11 12 10 14 13 9 8 2 0 1 5 3 4 6 7
1047
0 1 2 3 5 4 6 7 8 15 18 19 17 16 25 22 23 24 21 20 9 10 11 12 13 14
1008
1 2 0 14 11 10 12 13 9 15 18 19 17 16 20 21 24 23 22 25 8 7 6 4 5 3
1072
3 5 6 7 8 15 18 19 17 16 20 21 24 23 22 25 9 10 12 11 13 14 2 0 1 4
1060
12 14 13 2 0 1 3 5 4 9 8 6 7 15 18 19 17 16 20 25 22 23 24 21 10 11
1062
16 11 12 10 14 0 1 2 13 9 8 4 5 3 6 7 15 18 19 17 25 22 23 24 21 20
1037
19 18 15 7 6 5 3 4 1 0 2 8 9 13 14 10 12 11 16 20 21 24 23 22 25 17
1049
6 8 4 5 3 1 0 2 13 14 11 12 10 9 15 16 20 21 24 23 22 25 17 18 19 7
1068
6 8 4 5 3 1 0 2 13 14 11 12 10 9 15 25 22 23 24 21 20 16 17 18 19 7
1090
13 2 0 1 3 5 4 6 7 18 19 17 25 22 23 24 21 20 16 15 8 9 12 10 11 14
1031
8 5 3 4 6 7 15 19 18 17 16 20 25 22 23 24 21 10 11 12 14 0 1 2 13 9
1063
3 4 1 0 2 14 13 12 11 10 9 8 15 20 21 24 23 22 25 16 17 18 19 7 6 5
1065
10 20 21 24 23 22 25 16 17 18 19 15 7 6 4 3 5 8 9 13 2 1 0 14 11 12
1049
6 5 4 3 1 0 2 13 14 12 11 10 9 8 15 25 22 23 24 21 20 16 17 19 18 7
1044
21 24 23 22 25 17 19 18 15 7 6 4 3 5 8 9 13 2 1 0 14 12 11 10 16 20
1033
0 11 10 12 9 8 15 25 22 23 24 21 20 16 17 18 19 7 6 5 3 4 1 2 13 14
1092
6 5 3 4 8 9 13 2 1 0 14 12 11 10 15 18 16 20 21 24 23 22 25 17 19 7
1055
21 20 16 11 12 10 14 13 2 0 1 3 5 4 9 8 6 7 15 18 19 17 25 22 23 24
1052
10 11 12 14 13 2 0 1 4 3 5 6 7 18 19 17 25 22 23 24 21 20 16 15 8 9
1033
12 11 10 9 21 24 23 22 25 20 16 17 19 18 15 8 7 6 5 3 4 1 0 2 13 14
1053
21 20 16 11 12 10 14 0 1 2 13 9 8 5 3 4 6 7 15 18 19 17 25 22 23 24
1036
11 12 10 20 21 24 23 22 25 16 17 19 18 15 7 6 8 9 4 5 3 1 0 2 13 14
1048
24 23 22 25 17 19 18 15 7 6 4 3 5 8 9 13 2 1 0 14 10 12 11 16 20 21
1036
3 5 6 7 18 19 17 25 22 23 24 21 20 16 15 8 9 10 11 12 13 14 0 2 1 4
1039
10 9 8 15 18 16 20 21 24 23 22 25 17 19 7 6 5 4 3 1 0 2 13 14 12 11
1033
17 19 18 15 7 6 5 3 4 8 9 0 1 2 13 14 12 11 10 16 20 21 24 23 22 25
1057
8 9 4 5 3 1 0 2 13 14 12 11 10 15 20 21 24 23 22 25 16 17 19 18 7 6
1080
4 3 5 6 7 8 25 22 23 24 21 20 16 17 19 18 15 9 13 12 11 10 14 0 2 1
1088
23 22 21 20 16 10 11 12 14 13 2 0 1 3 5 4 9 8 6 7 15 18 19 17 25 24
1066
24 20 16 11 12 10 14 0 1 2 13 9 8 5 3 4 6 7 15 18 19 17 25 21 22 23
1044
3 4 6 7 8 18 19 17 25 22 23 24 21 20 16 15 9 13 10 12 11 14 0 2 1 5
1063
5 6 7 18 19 17 16 25 22 23 24 21 20 15 8 9 13 10 12 11 14 2 0 1 4 3
1066
6 7 19 17 25 22 23 24 21 20 16 18 15 10 11 12 14 13 2 1 0 9 8 4 5 3
1088
3 5 6 7 8 21 24 23 22 25 20 16 17 19 18 15 9 10 12 11 13 14 2 0 1 4
1078
24 23 22 25 17 19 18 15 7 6 4 5 3 8 9 13 2 1 0 14 10 12 11 16 20 21
1036
10 12 11 14 13 2 0 1 3 5 4 6 7 19 18 17 16 25 22 23 24 21 20 15 8 9
1046
15 7 6 3 5 4 8 9 0 1 2 13 14 10 12 11 16 20 21 24 23 22 25 17 19 18
1065
1 3 5 4 6 7 2 13 8 20 21 24 23 22 25 16 17 19 18 15 9 12 10 11 14 0
1109
1 3 5 4 6 7 8 18 19 17 25 22 23 24 21 20 16 15 9 10 11 12 13 14 0 2
1037
7 19 17 25 22 23 24 21 20 16 18 15 10 11 12 14 13 9 8 2 0 1 5 3 4 6
1070
3 5 6 7 19 17 25 22 23 24 21 20 16 18 15 8 9 10 11 12 13 14 0 2 1 4
1050
4 1 2 0 14 13 11 12 10 9 8 15 16 20 21 24 23 22 25 17 19 18 7 6 5 3
1043
15 18 19 17 16 25 22 23 24 21 20 11 12 10 14 13 9 8 2 0 1 3 5 4 6 7
1025
12 14 13 9 8 2 0 1 4 3 5 6 7 18 19 17 16 25 22 23 24 21 20 15 10 11
1077
1 2 3 5 4 6 7 8 15 20 21 24 23 22 25 16 17 19 18 9 10 12 11 13 14 0
1036
24 23 22 25 17 19 18 15 7 6 4 5 3 1 0 2 8 9 13 14 10 12 11 16 20 21
1034
2 14 13 12 11 10 9 8 15 16 20 21 24 23 22 25 17 19 18 7 6 5 4 3 1 0
1026
5 6 7 19 17 25 22 23 24 21 20 16 18 15 8 9 10 11 12 13 14 0 2 1 4 3
1050
25 22 23 24 21 20 16 11 12 10 14 13 9 8 2 0 1 3 5 4 6 7 15 18 19 17
1034
1 0 14 11 12 10 9 8 5 3 4 6 7 19 18 17 16 25 22 23 24 21 20 15 13 2
1096
7 6 4 5 3 1 0 2 13 14 11 12 10 9 8 15 18 16 20 21 24 23 22 25 17 19
1029
3 4 6 7 8 20 21 24 23 22 25 16 17 19 18 15 9 10 12 11 13 14 2 0 1 5
1060
11 12 14 13 2 0 1 3 4 5 6 7 19 17 25 22 23 24 21 20 16 18 15 8 9 10
1033
7 6 4 3 5 1 0 2 8 10 12 11 14 13 9 15 16 20 21 24 23 22 25 17 18 19
1089
3 5 1 2 0 14 12 11 10 13 9 15 18 19 17 16 20 21 24 23 22 25 8 7 6 4
1082
0 14 13 2 1 4 3 5 6 7 18 19 17 25 22 23 24 21 20 16 15 8 9 12 10 11
1058
10 12 11 14 13 2 0 1 3 5 4 9 8 6 7 15 18 19 17 16 25 22 23 24 21 20
1048
0 1 2 14 13 9 8 3 5 4 6 7 19 18 17 16 25 22 23 24 21 20 15 10 12 11
1082
10 11 12 14 0 1 2 13 9 8 4 3 5 6 7 15 18 19 17 16 25 22 23 24 21 20
1028
12 10 15 20 21 24 23 22 25 16 17 19 18 7 6 4 3 5 1 0 2 8 9 13 14 11
1075
6 7 19 18 17 25 22 23 24 21 20 16 15 10 11 12 14 0 1 2 13 9 8 4 3 5
1056
18 15 7 6 4 3 5 8 9 13 2 1 0 14 10 12 11 16 20 21 24 23 22 25 17 19
1036
0 1 3 5 4 2 13 9 8 6 7 25 22 23 24 21 20 16 17 19 18 15 12 10 11 14
1086
19 18 15 7 6 8 9 4 5 3 1 0 2 13 14 10 12 11 20 21 24 23 22 25 16 17
1043
18 19 17 25 22 23 24 21 20 16 11 12 10 14 13 9 8 2 0 1 4 5 3 6 7 15
1054
14 0 1 2 13 9 8 4 3 5 6 7 18 19 17 25 22 23 24 21 20 16 15 10 11 12
1044
11 12 10 9 8 15 20 21 24 23 22 25 16 17 18 19 7 6 5 3 4 1 0 2 13 14
1061
5 6 7 18 19 17 16 25 22 23 24 21 20 15 8 9 10 12 11 13 14 0 2 1 4 3
1059
6 4 5 3 8 9 13 2 1 0 14 12 11 10 15 16 20 21 24 23 22 25 17 18 19 7
1060
9 8 2 0 1 3 5 4 6 7 15 19 18 17 16 25 22 23 24 21 20 10 11 12 14 13
1047
4 1 0 2 14 13 11 12 10 9 8 15 20 21 24 23 22 25 16 17 19 18 7 6 5 3
1057
9 13 14 11 12 10 15 16 20 21 24 23 22 25 17 19 18 7 6 4 5 3 1 0 2 8
1046
8 9 13 2 1 0 14 12 11 10 21 24 23 22 25 20 16 17 19 18 15 7 6 3 5 4
1047
5 1 2 0 14 11 12 10 13 9 8 15 16 20 21 24 23 22 25 17 19 18 7 6 4 3
1050
18 19 17 16 25 22 23 24 21 20 11 12 10 14 13 0 1 2 9 8 5 3 4 6 7 15
1049
14 13 2 1 0 9 8 4 3 5 6 7 15 18 19 17 16 20 25 22 23 24 21 10 11 12
1070
4 3 5 1 0 2 14 13 12 11 10 9 15 16 20 21 24 23 22 25 17 19 18 8 7 6
1048
11 14 13 2 0 1 4 3 5 6 7 8 20 21 24 23 22 25 16 17 19 18 15 9 10 12
1054
8 4 3 5 6 7 25 22 23 24 21 20 16 17 19 18 15 10 11 12 14 0 1 2 13 9
1075
3 4 1 0 2 14 13 11 12 10 9 15 18 19 17 16 20 25 22 23 24 21 8 7 6 5
1078
14 0 1 2 13 9 8 5 3 4 6 7 15 19 18 17 16 20 21 24 23 22 25 12 10 11
1074
17 16 20 25 22 23 24 21 11 12 10 14 0 1 2 13 9 8 4 5 3 6 7 15 18 19
1039
12 10 15 16 20 21 24 23 22 25 17 19 18 7 6 8 9 4 5 3 1 0 2 13 14 11
1064
24 21 20 16 10 12 11 14 13 0 1 2 9 8 4 5 3 6 7 15 18 19 17 25 22 23
1056
8 2 0 1 4 5 3 6 7 15 19 18 17 16 25 22 23 24 21 20 10 12 11 14 13 9
1067
14 11 12 10 15 16 20 21 24 23 22 25 17 19 18 7 6 5 3 4 8 9 13 2 1 0
1044
11 12 10 9 18 19 17 25 22 23 24 21 20 16 15 8 7 6 5 4 3 1 0 2 13 14
1035
23 24 21 20 16 10 11 12 14 0 1 2 13 9 8 4 3 5 6 7 15 18 19 17 25 22
1029
9 8 15 16 20 21 24 23 22 25 17 19 18 7 6 5 4 3 1 0 2 13 14 12 11 10
1022
7 6 5 4 3 1 0 2 13 14 11 12 10 9 8 15 25 22 23 24 21 20 16 17 18 19
1056
2 14 10 11 12 9 15 18 19 17 16 20 25 22 23 24 21 8 7 6 5 4 3 1 0 13
1096
5 1 2 0 14 13 11 12 10 9 15 18 19 17 16 20 21 24 23 22 25 8 7 6 4 3
1073
18 19 17 25 22 23 24 21 20 16 11 12 10 14 0 1 2 13 9 8 5 3 4 6 7 15
1036
14 13 2 0 1 3 4 5 6 7 19 18 17 25 22 23 24 21 20 16 15 8 9 10 11 12
1034
10 11 12 14 0 1 2 13 9 8 3 5 4 6 7 15 18 19 17 16 20 21 24 23 22 25
1046
23 22 25 17 19 18 15 7 6 5 3 4 8 9 13 2 1 0 14 10 12 11 16 20 21 24
1032
25 17 19 18 15 7 6 4 3 5 8 9 13 2 1 0 14 10 12 11 16 20 21 24 23 22
1036
9 10 11 12 14 13 2 0 1 4 3 5 6 7 19 17 25 22 23 24 21 20 16 18 15 8
1044
11 12 14 13 2 0 1 3 5 4 9 8 6 7 20 21 24 23 22 25 16 17 19 18 15 10
1090
15 7 6 4 3 5 8 9 13 2 1 0 14 10 12 11 20 21 24 23 22 25 16 17 19 18
1027
23 22 24 21 20 16 11 12 10 14 13 2 1 0 9 8 4 3 5 6 7 15 18 19 17 25
1080
7 6 8 4 5 3 1 0 2 13 14 12 11 10 9 15 25 22 23 24 21 20 16 17 19 18
1078
8 15 16 20 21 24 23 22 25 17 18 19 7 6 5 4 3 1 0 2 13 14 12 11 10 9
1034
20 21 24 23 22 25 17 19 18 15 7 6 3 5 4 8 9 13 2 1 0 14 10 12 11 16
1037
7 6 4 5 3 8 10 12 11 14 0 1 2 13 9 15 18 16 20 21 24 23 22 25 17 19
1077
2 0 1 3 4 5 6 7 18 19 17 25 22 23 24 21 20 16 15 8 9 10 11 12 13 14
1026
0 1 2 14 13 8 5 3 4 6 7 19 17 25 22 23 24 21 20 16 18 15 9 10 12 11
1084
11 14 13 2 0 1 3 5 4 6 7 8 18 19 17 25 22 23 24 21 20 16 15 9 10 12
1031
1 2 3 4 5 6 7 18 19 17 25 22 23 24 21 20 16 15 8 9 10 11 12 13 14 0
1007
20 21 24 23 22 25 17 19 18 15 7 6 8 9 4 5 3 1 0 2 13 14 10 12 11 16
1052
18 15 7 6 8 9 4 5 3 1 0 2 13 14 10 12 11 16 20 21 24 23 22 25 17 19
1052
8 15 20 21 24 23 22 25 16 17 19 18 7 6 5 4 3 1 0 2 13 14 12 11 10 9
1038
9 4 5 3 1 0 2 13 14 12 11 10 21 24 23 22 25 20 16 17 19 18 15 7 6 8
1062
21 24 23 22 25 17 19 18 15 7 6 5 3 4 8 9 2 1 0 13 14 10 12 11 16 20
1054
3 5 6 7 8 15 16 20 21 24 23 22 25 17 19 18 9 10 11 12 13 14 0 2 1 4
1052
7 6 4 5 3 1 0 2 13 14 12 11 10 9 15 18 19 17 16 20 25 22 23 24 21 8
1055
15 7 6 4 3 5 8 9 13 2 1 0 14 10 12 11 16 20 21 24 23 22 25 17 19 18
1036
11 10 20 21 24 23 22 25 16 17 18 19 15 7 6 3 5 4 8 9 13 2 1 0 14 12
1050
24 23 22 21 25 17 19 18 15 7 6 4 5 3 1 0 2 8 9 13 14 10 12 11 16 20
1042
22 23 24 21 20 16 11 12 10 14 13 2 1 0 9 8 3 5 4 6 7 15 18 19 17 25
1064
0 1 2 3 4 5 6 7 8 20 21 24 23 22 25 16 17 19 18 15 9 10 12 11 13 14
1032
19 17 25 22 23 24 21 20 16 11 12 10 14 0 1 2 13 9 8 5 3 4 6 7 15 18
1036
0 1 3 5 4 6 7 2 14 13 9 8 15 18 19 17 16 25 22 23 24 21 20 12 10 11
1060
6 5 3 4 1 0 2 13 14 11 12 10 9 18 19 17 25 22 23 24 21 20 16 15 8 7
1046
6 7 8 20 21 24 23 22 25 16 17 19 18 15 9 10 12 11 14 13 2 0 1 3 5 4
1039
12 10 9 8 15 18 16 20 21 24 23 22 25 17 19 7 6 5 4 3 1 0 2 13 14 11
1033
11 12 14 0 1 2 13 9 8 4 3 5 6 7 15 18 19 17 16 25 22 23 24 21 20 10
1028
2 13 12 11 10 15 16 20 21 24 23 22 25 17 19 18 7 6 4 5 3 8 9 14 0 1
1061
0 1 3 5 4 7 6 2 14 13 9 8 20 21 24 23 22 25 16 17 19 18 15 10 12 11
1087
5 3 4 1 0 2 14 13 11 12 10 9 8 15 16 20 21 24 23 22 25 17 19 18 7 6
1041
17 19 18 15 7 6 8 9 4 5 3 1 0 2 13 14 10 12 11 16 20 21 24 23 22 25
1052
23 22 21 20 16 11 12 10 14 13 2 0 1 3 5 4 9 8 6 7 15 18 19 17 25 24
1069
15 18 19 17 16 25 22 23 24 21 20 11 12 10 14 13 2 1 0 9 8 4 3 5 6 7
1051
1 0 14 13 11 12 10 9 15 25 22 23 24 21 20 16 17 19 18 8 7 6 4 5 3 2
1042
25 17 19 18 15 7 6 4 3 5 8 9 13 2 1 0 14 10 12 11 16 20 21 24 23 22
1036
14 13 2 0 1 3 4 5 6 7 18 19 17 25 22 23 24 21 20 16 15 8 9 12 10 11
1035
20 16 11 12 10 14 0 1 2 13 9 8 4 3 5 6 7 15 18 19 17 25 22 23 24 21
1032
6 7 8 18 19 17 16 25 22 23 24 21 20 15 9 10 12 11 14 13 2 0 1 3 4 5
1051
21 24 23 22 25 17 19 18 15 7 6 8 9 4 5 3 1 0 2 13 14 10 12 11 16 20
1052
2 0 1 3 4 5 6 7 8 15 18 19 17 16 25 22 23 24 21 20 9 10 11 12 13 14
1031
8 9 10 11 12 14 13 2 0 1 3 4 5 6 7 19 17 25 22 23 24 21 20 16 18 15
1033
25 17 19 18 15 7 6 8 9 4 5 3 1 0 2 13 14 10 12 11 16 20 21 24 23 22
1052
2 13 9 8 4 5 3 6 7 19 18 17 16 25 22 23 24 21 20 15 10 11 12 14 0 1
1077
14 0 1 2 13 9 8 4 3 5 6 7 15 18 19 17 16 25 22 23 24 21 20 10 11 12
1028
13 14 11 12 10 9 8 15 25 22 23 24 21 20 16 17 19 18 7 6 5 4 3 1 0 2
1044
6 7 19 18 17 16 20 21 24 23 22 25 15 8 9 10 11 12 14 13 2 0 1 3 4 5
1056
7 19 17 25 22 23 24 21 20 16 18 15 4 5 3 1 0 2 13 14 12 11 10 9 8 6
1084
11 12 14 0 1 2 13 9 8 4 5 3 6 7 19 17 25 22 23 24 21 20 16 18 15 10
1060
17 19 18 15 7 6 8 9 4 5 3 1 0 2 13 14 10 12 11 20 21 24 23 22 25 16
1043
23 22 25 17 19 18 15 7 6 4 5 3 8 9 2 1 0 13 14 12 10 11 16 20 21 24
1057
7 8 21 24 23 22 25 20 16 17 19 18 15 9 10 12 11 13 14 0 2 1 3 5 4 6
1065
10 12 11 14 13 0 1 2 9 8 5 3 4 6 7 15 19 18 17 16 25 22 23 24 21 20
1071
1 0 14 13 11 12 10 9 8 15 18 16 20 21 24 23 22 25 17 19 7 6 4 5 3 2
1018
13 2 0 1 4 3 5 6 7 18 19 17 16 25 22 23 24 21 20 15 8 9 10 11 12 14
1049
12 11 10 20 21 24 23 22 25 16 17 18 19 15 7 6 3 5 4 8 9 13 2 1 0 14
1050
19 17 25 22 23 24 21 20 16 11 12 10 14 0 1 2 13 9 8 4 5 3 6 7 15 18
1037
1 0 2 14 10 12 11 13 9 8 15 25 22 23 24 21 20 16 17 19 18 7 6 4 5 3
1065
23 24 21 20 16 11 12 10 14 13 0 1 2 9 8 3 5 4 6 7 15 18 19 17 25 22
1058
15 18 19 17 16 20 25 22 23 24 21 11 12 10 14 13 9 8 2 0 1 5 3 4 6 7
1049
3 5 6 7 19 17 25 22 23 24 21 20 16 18 15 8 9 10 11 12 13 14 0 2 1 4
1050
24 20 16 11 12 10 14 0 1 2 13 9 8 3 5 4 6 7 15 18 19 17 25 21 22 23
1044
1 3 5 4 2 13 12 11 10 9 8 6 7 18 19 17 16 20 21 24 23 22 25 15 14 0
1089
13 9 8 4 3 5 6 7 15 19 18 17 16 25 22 23 24 21 20 10 12 11 14 0 1 2
1045
16 20 21 24 23 22 25 17 19 18 15 7 6 8 9 4 5 3 1 0 2 13 14 10 12 11
1052
9 8 4 5 3 6 7 18 19 17 16 20 21 24 23 22 25 15 10 12 11 14 0 1 2 13
1071
19 18 15 7 6 5 3 4 8 9 13 2 1 0 14 10 12 11 16 20 21 24 23 22 25 17
1032
9 13 2 1 0 14 11 12 10 20 21 24 23 22 25 16 17 18 19 15 7 6 4 5 3 8
1049
14 12 11 10 20 21 24 23 22 25 16 17 19 18 15 7 6 3 5 4 8 9 13 2 1 0
1033
4 3 5 6 7 8 15 18 19 17 16 25 22 23 24 21 20 9 10 11 12 13 14 2 0 1
1042
20 21 24 23 22 25 17 19 18 15 7 6 5 3 4 8 9 13 2 1 0 14 10 12 11 16
1032
23 22 24 21 20 16 11 12 10 14 0 1 2 13 9 8 3 5 4 6 7 15 18 19 17 25
1056
25 22 23 24 21 20 16 11 12 10 14 13 9 8 2 0 1 4 5 3 6 7 15 18 19 17
1054
13 14 12 11 10 21 24 23 22 25 20 16 17 18 19 15 7 6 5 3 4 8 9 0 1 2
1087
7 6 8 4 5 3 1 0 2 13 14 11 12 10 9 15 16 20 21 24 23 22 25 17 18 19
1068
16 17 19 18 15 7 6 4 5 3 1 0 8 9 2 13 14 10 12 11 20 21 24 23 22 25
1068
8 9 13 2 1 0 14 12 11 10 20 21 24 23 22 25 16 17 19 18 15 7 6 3 5 4
1033
6 4 3 5 8 9 13 2 1 0 14 11 12 10 15 16 20 21 24 23 22 25 17 18 19 7
1060
10 9 8 15 20 21 24 23 22 25 16 17 19 18 7 6 4 5 3 1 0 2 13 14 12 11
1034
9 13 2 1 0 14 12 11 10 20 21 24 23 22 25 16 17 19 18 15 7 6 4 3 5 8
1032
25 22 23 24 21 20 16 11 12 10 14 0 1 2 13 9 8 4 5 3 6 7 15 18 19 17
1037
15 7 6 5 3 4 1 0 2 8 9 13 14 10 12 11 16 20 21 24 23 22 25 17 19 18
1049
25 22 23 24 21 20 16 11 12 10 14 0 1 2 13 9 8 5 3 4 6 7 15 18 19 17
1036
22 23 24 21 20 16 11 12 10 14 13 9 8 2 0 1 5 3 4 6 7 15 18 19 17 25
1047
8 9 4 5 3 1 0 2 13 14 12 11 10 15 20 21 24 23 22 25 16 17 19 18 7 6
1080
15 7 6 5 3 4 8 9 13 2 1 0 14 10 12 11 20 21 24 23 22 25 16 17 19 18
1023
9 4 5 3 1 0 2 13 14 12 11 10 15 25 22 23 24 21 20 16 17 19 18 7 6 8
1086
20 21 24 23 22 25 17 19 18 15 7 6 4 5 3 1 0 2 8 9 13 14 10 12 11 16
1034
17 16 20 25 21 22 23 24 11 12 10 14 0 1 2 13 9 8 4 3 5 6 7 15 18 19
1005
0 14 13 2 1 3 4 5 6 7 18 19 17 25 22 23 24 21 20 16 15 8 9 10 12 11
1034
5 1 0 2 14 10 11 12 13 9 8 15 16 20 21 24 23 22 25 17 19 18 7 6 4 3
1052
11 10 9 8 15 25 22 23 24 21 20 16 17 19 18 7 6 4 5 3 1 0 2 13 14 12
1040
7 6 8 15 18 19 17 16 25 22 23 24 21 20 9 10 11 12 14 13 2 0 1 4 3 5
1061
23 22 24 21 20 16 11 12 10 14 0 1 2 13 9 8 5 3 4 6 7 15 18 19 17 25
1056
6 7 19 17 25 22 23 24 21 20 16 18 15 8 9 10 12 11 14 13 2 0 1 3 4 5
1033
20 21 24 23 22 25 17 19 18 15 7 6 3 5 4 8 9 13 2 1 0 14 10 12 11 16
1037
6 7 19 18 17 16 20 21 24 23 22 25 15 8 9 10 11 12 14 13 2 0 1 4 3 5
1067
17 25 22 23 24 21 20 16 11 12 10 14 0 1 2 13 9 8 3 5 4 6 7 15 18 19
1036
2 13 9 8 4 3 5 6 7 15 18 19 17 16 25 22 23 24 21 20 12 11 10 14 0 1
1039
20 16 11 12 10 14 0 1 2 13 9 8 4 3 5 6 7 15 18 19 17 25 22 23 24 21
1032
20 21 24 23 22 25 17 19 18 15 7 6 8 9 4 5 3 1 0 2 13 14 12 10 11 16
1051
6 8 9 10 12 11 14 13 2 0 1 3 5 4 15 18 16 20 21 24 23 22 25 17 19 7
1084
5 6 7 19 17 25 22 23 24 21 20 16 18 15 8 9 10 11 12 13 14 0 2 1 4 3
1050
9 8 5 3 4 6 7 15 18 19 17 16 20 21 24 23 22 25 10 11 12 14 13 0 1 2
1068
24 23 22 21 25 17 19 18 15 7 6 4 5 3 1 0 8 9 2 13 14 12 11 10 16 20
1082
24 21 20 16 11 12 10 14 13 2 1 0 9 8 5 3 4 6 7 15 18 19 17 25 22 23
1064
20 21 24 23 22 25 17 19 18 15 7 6 5 3 4 8 9 2 1 0 13 14 10 12 11 16
1054
19 18 15 7 6 5 3 4 8 9 2 1 0 13 14 10 12 11 16 20 21 24 23 22 25 17
1054
11 10 9 8 15 16 20 21 24 23 22 25 17 19 18 7 6 5 4 3 1 0 2 13 14 12
1022
4 3 5 6 7 19 18 17 25 22 23 24 21 20 16 15 8 9 10 12 11 13 14 2 0 1
1053
21 20 16 11 12 10 14 0 1 2 13 9 8 5 3 4 6 7 15 18 19 17 25 22 23 24
1036
11 14 0 1 2 13 9 7 6 4 3 5 8 20 21 24 23 22 25 16 17 19 18 15 10 12
1085
19 18 15 7 6 5 3 4 8 9 13 2 1 0 14 10 12 11 24 23 22 21 25 20 16 17
1005
4 1 2 0 14 13 11 12 10 9 8 15 25 22 23 24 21 20 16 17 19 18 7 6 5 3
1065
9 8 15 18 16 20 21 24 23 22 25 17 19 7 6 4 5 3 1 0 2 13 14 11 12 10
1029
3 4 1 2 0 14 12 11 10 13 9 20 21 24 23 22 25 16 17 19 18 15 8 7 6 5
1057
8 9 10 11 12 14 13 2 0 1 3 4 5 6 7 19 18 17 25 22 23 24 21 20 16 15
1034
12 11 10 21 24 23 22 25 20 16 17 19 18 15 7 6 4 3 5 8 9 13 2 1 0 14
1046
18 19 17 16 25 22 23 24 21 20 11 12 10 14 13 0 1 2 9 8 4 3 5 6 7 15
1045
21 24 23 22 25 17 19 18 15 7 6 5 3 4 8 9 13 2 1 0 14 10 12 11 16 20
1032
23 22 25 17 19 18 15 7 6 5 3 4 8 9 0 1 2 13 14 12 10 11 16 20 21 24
1059
8 15 16 20 21 24 23 22 25 17 19 18 7 6 5 4 3 1 0 2 13 14 11 12 10 9
1022
22 25 17 19 18 15 7 6 4 3 5 8 9 0 1 2 13 14 10 12 11 16 20 21 24 23
1064
12 11 14 13 2 0 1 3 5 4 6 7 18 19 17 16 25 22 23 24 21 20 15 8 9 10
1034
23 22 24 21 20 16 11 12 10 14 13 9 8 2 0 1 5 3 4 6 7 15 18 19 17 25
1067
1 2 0 14 10 11 12 13 9 15 18 19 17 16 20 25 22 23 24 21 8 7 6 4 5 3
1078
0 1 3 5 4 2 13 9 8 6 7 15 18 19 17 16 25 22 23 24 21 20 12 10 11 14
1031
5 1 0 2 14 13 12 11 10 9 25 22 23 24 21 20 16 17 19 18 15 8 7 6 4 3
1054
24 23 22 21 25 17 19 18 15 7 6 3 5 4 8 9 13 2 1 0 14 10 12 11 16 20
1045
12 10 20 21 24 23 22 25 16 17 18 19 15 7 6 4 5 3 8 9 13 2 1 0 14 11
1049
20 16 10 11 12 14 13 9 8 2 0 1 5 3 4 6 7 15 18 19 17 25 22 23 24 21
1044
9 8 4 5 3 6 7 15 18 19 17 16 25 22 23 24 21 20 10 11 12 14 13 2 1 0
1061
11 12 14 0 1 2 13 9 8 4 3 5 6 7 15 18 19 17 16 20 21 24 23 22 25 10
1042
20 16 11 12 10 14 0 1 2 13 9 8 3 5 4 6 7 15 18 19 17 25 22 23 24 21
1036
12 14 13 2 0 1 3 5 4 6 7 8 21 24 23 22 25 20 16 17 19 18 15 9 10 11
1055
21 24 23 22 25 17 19 18 15 7 6 5 3 4 8 9 0 1 2 13 14 10 12 11 16 20
1060
5 1 2 0 14 13 11 12 10 9 15 16 20 21 24 23 22 25 17 19 18 8 7 6 4 3
1054
18 15 7 6 8 9 4 5 3 1 0 2 13 14 10 12 11 16 20 21 24 23 22 25 17 19
1052
11 12 10 20 21 24 23 22 25 16 17 19 18 15 7 6 5 3 4 8 9 13 2 1 0 14
1028
12 10 9 8 15 20 21 24 23 22 25 16 17 18 19 7 6 4 5 3 1 0 2 13 14 11
1046
0 14 13 2 1 4 3 5 6 7 19 17 25 22 23 24 21 20 16 18 15 8 9 12 10 11
1069
24 23 22 25 17 19 18 15 7 6 3 5 4 8 9 13 2 1 0 14 10 12 11 16 20 21
1037
5 3 4 1 0 2 14 13 12 11 10 9 25 22 23 24 21 20 16 17 18 19 15 8 7 6
1073
21 24 23 22 25 17 19 18 15 7 6 8 9 4 5 3 1 0 2 13 14 10 12 11 16 20
1052
11 10 15 18 16 20 21 24 23 22 25 17 19 7 6 3 5 4 8 9 13 2 1 0 14 12
1060
6 7 18 19 17 25 22 23 24 21 20 16 15 8 9 10 12 11 14 13 2 0 1 3 5 4
1018
21 24 23 22 25 17 19 18 15 7 6 8 9 4 5 3 1 0 2 13 14 10 12 11 16 20
1052
19 17 25 22 23 24 21 20 16 11 12 10 14 13 2 1 0 9 8 5 3 4 6 7 15 18
1064
0 14 13 12 11 10 9 8 15 16 20 21 24 23 22 25 17 18 19 7 6 4 5 3 2 1
1015
19 17 25 22 23 24 21 20 16 10 11 12 14 13 2 1 0 9 8 4 3 5 6 7 15 18
1057
13 2 1 0 14 11 10 12 20 21 24 23 22 25 16 17 18 19 15 7 6 3 5 4 8 9
1060
8 21 24 23 22 25 20 16 17 19 18 15 9 10 11 12 14 13 2 0 1 4 3 5 6 7
1070
0 1 2 13 9 8 5 3 4 6 7 18 19 17 16 20 21 24 23 22 25 15 12 10 11 14
1088
11 12 14 13 2 0 1 4 3 5 6 7 19 18 17 25 22 23 24 21 20 16 15 8 9 10
1045
16 25 22 23 24 21 20 11 12 10 14 0 1 2 13 9 8 3 5 4 6 7 15 18 19 17
1027
3 4 6 7 19 17 25 22 23 24 21 20 16 18 15 8 9 10 12 11 13 14 0 2 1 5
1052
1 0 14 13 11 12 10 9 15 18 19 17 16 20 25 22 23 24 21 8 7 6 5 3 4 2
1050
17 16 20 25 23 22 21 24 11 12 10 14 13 0 1 2 9 8 4 3 5 6 7 15 18 19
1079
8 9 10 12 11 14 13 2 0 1 3 5 4 6 7 18 19 17 25 22 23 24 21 20 16 15
1018
6 8 4 5 3 1 0 2 13 14 12 11 10 9 15 25 22 23 24 21 20 16 17 19 18 7
1078
21 20 16 11 12 10 14 13 2 1 0 9 8 4 5 3 6 7 15 18 19 17 25 22 23 24
1065
20 21 24 23 22 25 17 19 18 15 7 6 3 5 4 8 9 13 2 1 0 14 10 12 11 16
1037
12 14 13 2 0 1 3 4 5 6 7 18 19 17 25 22 23 24 21 20 16 15 8 9 10 11
1022
0 14 13 2 1 3 4 5 6 7 18 19 17 16 20 21 24 23 22 25 15 8 9 12 10 11
1069
16 10 11 12 14 13 2 0 1 3 5 4 9 8 6 7 15 18 19 17 25 22 23 24 21 20
1049
23 24 25 17 19 18 15 7 6 5 3 4 8 9 13 2 1 0 14 10 12 11 16 20 21 22
1049
7 6 5 3 4 8 10 12 11 14 0 1 2 13 9 15 25 22 23 24 21 20 16 17 18 19
1096
6 8 4 5 3 1 0 2 13 14 12 11 10 9 15 18 16 20 21 24 23 22 25 17 19 7
1067
13 14 11 12 10 20 21 24 23 22 25 16 17 19 18 15 7 6 4 3 5 1 0 2 8 9
1043
10 12 11 14 13 9 8 2 0 1 3 5 4 6 7 19 18 17 16 20 21 24 23 22 25 15
1080
8 15 25 22 23 24 21 20 16 17 19 18 7 6 5 4 3 1 0 2 13 14 12 11 10 9
1044
22 25 17 19 18 15 7 6 8 9 4 5 3 1 0 2 13 14 10 12 11 16 20 21 24 23
1052
5 6 7 8 20 21 24 23 22 25 16 17 19 18 15 9 10 12 11 13 14 2 0 1 4 3
1062
10 12 11 14 0 1 2 13 9 8 4 3 5 6 7 15 19 18 17 16 20 21 24 23 22 25
1059
3 5 1 2 0 14 13 12 11 10 9 8 15 16 20 21 24 23 22 25 17 19 18 7 6 4
1037
18 19 17 25 22 23 24 21 20 16 11 12 10 14 13 0 1 2 9 8 3 5 4 6 7 15
1058
11 14 13 9 8 2 0 1 4 5 3 6 7 19 18 17 16 20 21 24 23 22 25 15 10 12
1100
17 19 18 15 7 6 4 3 5 8 9 13 2 1 0 14 10 12 11 16 20 21 24 23 22 25
1036
14 11 12 10 9 8 15 16 20 21 24 23 22 25 17 19 18 7 6 5 4 3 1 0 2 13
1022
2 1 0 14 11 10 12 9 15 20 21 24 23 22 25 16 17 19 18 7 6 4 3 5 8 13
1096
4 6 7 8 15 19 18 17 16 20 25 22 23 24 21 9 10 11 12 13 14 2 0 1 5 3
1072
17 25 22 23 24 21 20 16 11 12 10 14 13 9 8 2 0 1 3 5 4 6 7 15 18 19
1034
4 3 5 6 7 8 15 18 19 17 16 20 25 22 23 24 21 9 10 11 12 13 14 0 2 1
1059
15 7 6 3 5 4 8 9 2 1 0 13 14 10 12 11 16 20 21 24 23 22 25 17 19 18
1059
23 22 25 17 19 18 15 7 6 5 3 4 8 9 13 2 1 0 14 10 12 11 16 20 21 24
1032
5 6 7 18 19 17 16 25 22 23 24 21 20 15 8 9 10 12 11 13 14 0 2 1 4 3
1059
11 12 14 0 1 2 13 9 8 4 3 5 6 7 15 19 18 17 16 25 22 23 24 21 20 10
1045
18 19 17 16 20 25 21 22 23 24 11 12 10 14 0 1 2 13 9 8 4 5 3 6 7 15
1010
0 1 3 5 4 2 14 13 9 8 6 7 15 19 18 17 16 25 22 23 24 21 20 12 10 11
1054
1 3 5 4 6 7 19 17 25 22 23 24 21 20 16 18 15 8 9 10 12 11 13 14 2 0
1037
19 17 16 20 25 23 22 21 24 0 11 12 10 14 13 2 1 3 5 4 9 8 6 7 15 18
1066
5 3 4 1 2 0 14 12 11 10 13 9 8 15 16 20 21 24 23 22 25 17 19 18 7 6
1052
23 22 21 20 16 10 12 11 14 0 1 2 13 9 8 4 3 5 6 7 15 18 19 17 25 24
1046
20 16 11 12 10 14 0 1 2 13 9 8 3 5 4 6 7 15 18 19 17 25 22 23 24 21
1036
21 24 23 22 25 17 19 18 15 7 6 4 3 5 8 9 13 2 1 0 14 10 12 11 16 20
1036
14 12 11 10 9 8 15 25 22 23 24 21 20 16 17 18 19 7 6 5 4 3 1 0 2 13
1056
19 18 15 7 6 4 5 3 8 9 13 2 1 0 14 12 10 11 16 20 21 24 23 22 25 17
1035
1 0 2 14 13 11 12 10 9 15 16 20 21 24 23 22 25 17 19 18 8 7 6 4 5 3
1039
23 24 25 17 19 18 15 7 6 8 9 4 5 3 1 0 2 13 14 11 12 10 16 20 21 22
1066
19 17 16 25 22 23 24 21 20 11 12 10 14 13 2 0 1 3 5 4 9 8 6 7 15 18
1043
13 2 1 3 5 4 9 8 6 7 15 18 19 17 16 20 25 21 22 23 24 0 12 10 11 14
1021
23 22 21 20 16 11 12 10 14 0 1 2 13 9 8 5 3 4 6 7 15 18 19 17 25 24
1053
12 11 14 13 2 0 1 3 5 4 6 7 19 17 25 22 23 24 21 20 16 18 15 8 9 10
1029
16 17 19 18 15 7 6 5 3 4 8 9 13 2 1 0 14 10 12 11 24 23 22 21 25 20
1005
4 3 5 6 7 8 18 19 17 16 20 21 24 23 22 25 15 9 10 11 12 13 14 0 2 1
1074
6 7 19 17 25 22 23 24 21 20 16 18 15 8 9 13 10 12 11 14 2 0 1 3 5 4
1046
4 6 7 8 15 18 19 17 16 25 22 23 24 21 20 9 10 12 11 13 14 0 2 1 5 3
1046
3 5 1 0 2 14 10 11 12 13 9 8 15 25 22 23 24 21 20 16 17 19 18 7 6 4
1074
9 7 6 4 5 3 1 0 2 13 14 12 11 10 15 18 19 17 16 20 21 24 23 22 25 8
1073
6 5 4 3 1 0 2 13 14 11 12 10 9 8 15 25 22 23 24 21 20 16 17 19 18 7
1044
14 0 1 2 13 9 8 4 3 5 6 7 15 19 18 17 16 20 21 24 23 22 25 12 10 11
1070
23 22 24 21 20 16 11 12 10 14 13 2 1 0 9 8 4 3 5 6 7 15 18 19 17 25
1080
16 11 12 10 14 13 9 8 2 0 1 3 5 4 6 7 15 18 19 17 25 22 23 24 21 20
1034
6 7 19 17 25 22 23 24 21 20 16 18 15 10 12 11 14 0 1 2 13 9 8 4 3 5
1055
25 17 19 18 15 7 6 4 5 3 8 9 13 2 1 0 14 10 12 11 16 20 21 24 23 22
1036
9 13 2 1 0 14 12 11 10 15 18 16 20 21 24 23 22 25 17 19 7 6 4 5 3 8
1059
2 0 1 3 4 5 6 7 18 19 17 25 22 23 24 21 20 16 15 8 9 10 11 12 13 14
1026
11 12 10 9 15 16 20 21 24 23 22 25 17 19 18 8 7 6 4 5 3 1 0 2 13 14
1031
25 17 19 18 15 7 6 4 5 3 8 9 2 1 0 13 14 10 12 11 16 20 21 24 23 22
1058
17 19 18 15 7 6 5 3 4 1 0 2 8 9 13 14 10 12 11 16 20 21 24 23 22 25
1049
11 14 13 9 8 2 0 1 4 5 3 6 7 18 19 17 25 22 23 24 21 20 16 15 10 12
1066
20 21 24 23 22 25 17 19 18 15 7 6 4 3 5 1 0 2 8 9 13 14 12 11 10 16
1044
25 22 23 24 21 20 16 11 12 10 14 13 2 0 1 3 5 4 9 8 6 7 15 18 19 17
1052
17 19 18 15 7 6 5 3 4 8 9 13 2 1 0 14 10 12 11 16 20 21 24 23 22 25
1032
16 20 21 24 23 22 25 17 19 18 15 7 6 4 3 5 8 9 13 2 1 0 14 10 12 11
1036
21 24 23 22 25 17 19 18 15 7 6 8 9 4 5 3 1 0 2 13 14 10 12 11 16 20
1052
22 23 24 21 20 16 11 12 10 14 0 1 2 13 9 8 4 5 3 6 7 15 18 19 17 25
1037
20 16 11 12 10 14 0 1 2 13 9 8 4 3 5 6 7 15 18 19 17 25 22 23 24 21
1032
22 25 17 19 18 15 7 6 8 9 4 5 3 1 0 2 13 14 10 12 11 16 20 21 24 23
1052
20 21 24 23 22 25 17 19 18 15 7 6 4 5 3 1 0 2 8 9 13 14 10 12 11 16
1034
9 10 11 12 14 13 2 0 1 3 4 5 6 7 19 17 25 22 23 24 21 20 16 18 15 8
1033
15 18 19 17 25 22 23 24 21 20 16 11 12 10 14 13 2 0 1 3 5 4 9 8 6 7
1052
15 18 19 17 16 25 22 23 24 21 20 11 12 10 14 0 1 2 13 9 8 5 3 4 6 7
1027
4 1 0 2 14 13 12 11 10 9 18 19 17 16 25 22 23 24 21 20 15 8 7 6 5 3
1066
19 17 16 25 22 23 24 21 20 11 12 10 14 13 2 0 1 3 5 4 9 8 6 7 15 18
1043
3 4 1 0 2 14 13 12 11 10 9 8 15 16 20 21 24 23 22 25 17 19 18 7 6 5
1037
16 20 21 24 23 22 25 17 19 18 15 7 6 4 5 3 8 9 13 2 1 0 14 10 12 11
1036
17 25 22 23 24 21 20 16 11 12 10 14 0 1 2 13 9 8 4 3 5 6 7 15 18 19
1032
22 25 17 19 18 15 7 6 4 3 5 8 9 13 2 1 0 14 10 12 11 16 20 21 24 23
1036
4 1 0 2 14 13 11 12 10 9 20 21 24 23 22 25 16 17 19 18 15 8 7 6 5 3
1046
17 19 18 15 7 6 4 3 5 8 9 2 1 0 13 14 12 10 11 16 20 21 24 23 22 25
1057
17 16 25 22 23 24 21 20 11 12 10 14 13 0 1 2 9 8 4 5 3 6 7 15 18 19
1050
25 22 23 24 21 20 16 11 12 10 14 0 1 2 13 9 8 4 3 5 6 7 15 18 19 17
1032
16 20 21 24 23 22 25 17 19 18 15 7 6 5 3 4 8 9 13 2 1 0 14 10 12 11
1032
20 21 24 23 22 25 17 19 18 15 7 6 4 3 5 8 9 2 1 0 13 14 12 11 10 16
1055
4 3 5 6 7 18 19 17 25 22 23 24 21 20 16 15 8 9 10 12 11 13 14 2 0 1
1041
16 20 21 24 23 22 25 17 19 18 15 7 6 5 3 4 8 9 2 1 0 13 14 12 11 10
1051
1 3 5 4 6 7 19 17 25 22 23 24 21 20 16 18 15 8 9 13 12 11 10 14 2 0
1050
19 17 16 20 25 22 23 24 21 11 12 10 14 13 0 1 2 9 8 5 3 4 6 7 15 18
1060
22 23 25 17 19 18 15 7 6 4 5 3 8 9 0 1 2 13 14 10 12 11 16 20 21 24
1084
0 1 2 3 4 5 6 7 8 18 19 17 25 22 23 24 21 20 16 15 9 10 12 11 13 14
1024
16 11 12 10 14 13 2 1 0 9 8 3 5 4 6 7 15 18 19 17 25 22 23 24 21 20
1064
20 16 11 12 10 14 0 1 2 13 9 8 4 5 3 6 7 15 18 19 17 25 22 23 24 21
1037
0 14 13 2 1 3 4 5 6 7 19 17 25 22 23 24 21 20 16 18 15 8 9 12 10 11
1058
22 23 24 21 20 16 11 12 10 14 0 1 2 13 9 8 4 3 5 6 7 15 18 19 17 25
1032
4 3 5 6 7 8 18 19 17 16 25 22 23 24 21 20 15 9 10 12 11 13 14 0 2 1
1072
24 21 20 16 11 12 10 14 0 1 2 13 9 8 4 3 5 6 7 15 18 19 17 25 22 23
1032
25 22 23 24 21 20 16 11 12 10 14 0 1 2 13 9 8 4 5 3 6 7 15 18 19 17
1037
1 0 2 14 13 11 12 10 9 15 18 19 17 16 20 21 24 23 22 25 8 7 6 4 5 3
1058
0 1 3 5 4 2 13 9 8 6 7 18 19 17 25 22 23 24 21 20 16 15 10 12 11 14
1037
5 3 4 6 7 19 17 25 22 23 24 21 20 16 18 15 8 9 10 12 11 13 14 2 0 1
1050
25 22 23 24 21 20 16 10 11 12 14 13 2 9 8 0 1 3 5 4 6 7 15 18 19 17
1074
8 5 3 4 6 7 19 18 17 25 22 23 24 21 20 16 15 10 11 12 14 13 2 1 0 9
1088
15 18 19 17 16 20 25 21 22 23 24 0 11 12 10 14 13 2 1 3 5 4 9 8 6 7
1014
23 22 21 20 16 11 12 10 14 13 2 0 1 3 5 4 9 8 6 7 15 18 19 17 25 24
1069
4 1 0 2 14 13 12 11 10 9 8 15 20 21 24 23 22 25 16 17 19 18 7 6 5 3
1053
17 16 20 25 23 22 21 24 11 12 10 14 0 1 2 13 9 8 4 3 5 6 7 15 18 19
1057
25 22 23 24 21 20 16 10 11 12 14 0 1 2 13 9 8 5 3 4 6 7 15 18 19 17
1033
7 19 18 17 25 22 23 24 21 20 16 15 8 9 10 12 11 14 13 2 0 1 3 5 4 6
1030
24 21 20 16 11 12 10 14 0 1 2 13 9 8 3 5 4 6 7 15 18 19 17 25 22 23
1036
17 19 18 15 7 6 8 9 4 5 3 1 0 2 13 14 10 12 11 20 21 24 23 22 25 16
1043
4 6 7 8 15 19 18 17 16 20 25 22 23 24 21 9 13 10 11 12 14 0 2 1 5 3
1087
25 22 23 24 21 20 16 11 12 10 14 13 9 8 2 0 1 4 5 3 6 7 15 18 19 17
1054
14 13 2 0 1 4 3 5 6 7 19 18 17 16 25 22 23 24 21 20 15 8 9 10 12 11
1061
9 2 1 0 13 14 12 11 10 21 24 23 22 25 20 16 17 18 19 15 7 6 3 5 4 8
1086
20 21 24 23 22 25 17 19 18 15 7 6 4 3 5 8 9 13 2 1 0 14 10 12 11 16
1036
25 17 19 18 15 7 6 4 3 5 1 0 2 8 9 13 14 10 12 11 16 20 21 24 23 22
1047
20 21 24 23 22 25 17 19 18 15 7 6 8 9 4 5 3 1 0 2 13 14 12 11 10 16
1049
14 13 2 0 1 3 4 5 6 7 19 18 17 25 22 23 24 21 20 16 15 8 9 12 10 11
1047
11 14 13 2 0 1 3 5 4 9 8 6 7 15 18 19 17 16 20 21 24 23 22 25 10 12
1062
16 20 21 24 23 22 25 17 19 18 15 7 6 4 3 5 8 9 13 2 1 0 14 12 11 10
1033
25 17 19 18 15 7 6 3 5 4 8 9 13 2 1 0 14 10 12 11 16 20 21 24 23 22
1037
12 10 9 8 15 25 22 23 24 21 20 16 17 19 18 7 6 5 4 3 1 0 2 13 14 11
1044
17 16 25 22 23 24 21 20 11 12 10 14 13 2 0 1 3 5 4 9 8 6 7 15 18 19
1043
6 7 18 19 17 25 22 23 24 21 20 16 15 8 9 10 12 11 13 14 0 2 1 3 5 4
1028
22 25 17 19 18 15 7 6 4 3 5 8 9 13 2 1 0 14 12 10 11 16 20 21 24 23
1035
3 4 6 7 8 21 24 23 22 25 20 16 17 19 18 15 9 13 10 11 12 14 2 0 1 5
1085
9 8 3 5 4 6 7 15 19 18 17 16 20 21 24 23 22 25 10 11 12 14 0 1 2 13
1063
11 14 13 2 0 1 3 4 5 6 7 18 19 17 16 20 21 24 23 22 25 15 8 9 10 12
1044
2 1 3 4 5 6 7 19 17 25 22 23 24 21 20 16 18 15 8 9 10 11 12 13 14 0
1039
18 15 7 6 5 3 4 8 9 13 2 1 0 14 12 10 11 16 20 21 24 23 22 25 17 19
1031
2 0 14 13 12 11 10 9 8 15 18 16 20 21 24 23 22 25 17 19 7 6 5 4 3 1
1039
0 1 3 5 4 6 7 2 14 13 9 8 20 21 24 23 22 25 16 17 19 18 15 12 10 11
1101
6 5 4 3 1 0 2 13 14 12 11 10 9 8 15 20 21 24 23 22 25 16 17 19 18 7
1038
24 21 20 16 11 12 10 14 13 2 0 1 3 5 4 9 8 6 7 15 18 19 17 25 22 23
1052
2 13 9 8 4 5 3 6 7 18 19 17 25 22 23 24 21 20 16 15 10 12 11 14 0 1
1049
1 2 0 14 13 11 12 10 9 18 19 17 16 25 22 23 24 21 20 15 8 7 6 4 5 3
1057
13 9 8 4 3 5 6 7 19 18 17 16 25 22 23 24 21 20 15 10 12 11 14 0 1 2
1072
4 6 7 8 20 21 24 23 22 25 16 17 19 18 15 9 10 11 12 13 14 0 2 1 5 3
1058
9 8 2 0 1 3 5 4 6 7 15 18 19 17 16 25 22 23 24 21 20 10 12 11 14 13
1030
24 20 16 11 12 10 14 13 2 1 0 9 8 5 3 4 6 7 15 18 19 17 25 21 22 23
1072
3 5 1 2 0 14 11 10 12 13 9 15 16 20 21 24 23 22 25 17 19 18 8 7 6 4
1066
2 0 14 13 12 11 10 9 15 18 19 17 16 20 25 22 23 24 21 8 7 6 5 4 3 1
1065
9 8 15 25 22 23 24 21 20 16 17 18 19 7 6 5 4 3 1 0 2 13 14 12 11 10
1056
8 9 13 2 1 0 14 12 11 10 15 16 20 21 24 23 22 25 17 19 18 7 6 5 3 4
1044
0 14 12 11 10 20 21 24 23 22 25 16 17 19 18 15 7 6 8 9 13 2 4 5 3 1
1021
0 1 2 13 4 3 5 6 7 8 21 24 23 22 25 20 16 17 19 18 15 9 10 11 12 14
1083
19 18 15 7 6 8 9 4 5 3 1 2 13 14 10 12 11 0 24 23 22 21 25 20 16 17
1014
10 12 11 14 13 2 0 1 3 5 4 6 7 19 18 17 25 22 23 24 21 20 16 15 8 9
1030
22 25 17 19 18 15 7 6 4 5 3 8 9 13 2 1 0 14 10 12 11 16 20 21 24 23
1036
13 2 0 1 4 3 5 6 7 8 20 21 24 23 22 25 16 17 19 18 15 9 10 12 11 14
1054
13 14 11 12 10 9 18 19 17 25 22 23 24 21 20 16 15 8 7 6 4 5 3 1 0 2
1031
8 18 19 17 16 25 22 23 24 21 20 15 9 10 11 12 14 13 2 0 1 3 4 5 6 7
1051
0 11 12 10 21 24 23 22 25 20 16 17 18 19 15 8 9 13 14 2 7 6 4 5 3 1
1081
9 4 5 3 1 0 2 13 14 11 12 10 21 24 23 22 25 20 16 17 18 19 15 7 6 8
1079
23 22 25 17 19 18 15 7 6 5 3 4 1 0 2 8 9 13 14 10 12 11 16 20 21 24
1049
18 19 17 16 25 22 23 24 21 20 11 12 10 14 13 2 1 0 9 8 4 5 3 6 7 15
1056
21 20 16 11 12 10 14 0 1 2 13 9 8 3 5 4 6 7 15 18 19 17 25 22 23 24
1036
15 18 19 17 16 25 22 23 24 21 20 11 12 10 14 13 0 1 2 9 8 4 3 5 6 7
1045
8 9 13 14 12 11 10 15 20 21 24 23 22 25 16 17 18 19 7 6 4 3 5 1 0 2
1087
2 13 20 21 24 23 22 25 16 17 19 18 15 7 6 5 3 4 8 9 12 10 11 14 0 1
1066
4 1 0 2 14 11 12 10 13 9 8 15 18 16 20 21 24 23 22 25 17 19 7 6 5 3
1061
3 5 6 7 18 19 17 16 20 21 24 23 22 25 15 8 9 13 10 12 11 14 0 2 1 4
1074
3 5 6 7 8 20 21 24 23 22 25 16 17 19 18 15 9 13 11 12 10 14 2 0 1 4
1079
8 9 10 11 12 14 13 2 0 1 3 5 4 6 7 18 19 17 25 22 23 24 21 20 16 15
1018
8 7 6 5 4 3 1 0 2 13 14 11 12 10 9 15 18 19 17 16 20 25 22 23 24 21
1059
7 6 5 4 3 1 0 2 13 14 12 11 10 9 18 19 17 25 22 23 24 21 20 16 15 8
1035
11 14 13 2 0 1 3 5 4 6 7 18 19 17 16 20 21 24 23 22 25 15 8 9 10 12
1040
12 10 20 21 24 23 22 25 16 17 19 18 15 7 6 4 5 3 1 0 8 9 2 13 14 11
1073
8 9 13 2 1 0 14 12 11 10 15 18 19 17 16 20 21 24 23 22 25 7 6 4 5 3
1079
16 17 19 18 15 7 6 4 3 5 1 0 2 8 9 13 14 10 12 11 20 21 24 23 22 25
1038
23 25 17 19 18 15 7 6 5 3 4 8 9 0 1 2 13 14 10 12 11 16 20 21 24 22
1080
25 17 19 18 15 7 6 5 3 4 8 9 2 1 0 13 14 10 12 11 16 20 21 24 23 22
1054
11 12 10 9 8 15 16 20 21 24 23 22 25 17 18 19 7 6 5 4 3 1 0 2 13 14
1034
7 6 5 4 3 1 0 2 13 14 12 11 10 9 18 19 17 25 22 23 24 21 20 16 15 8
1035
11 12 14 13 9 8 2 0 1 4 3 5 6 7 19 18 17 25 22 23 24 21 20 16 15 10
1073
25 17 19 18 15 7 6 4 5 3 8 9 13 2 1 0 14 10 12 11 16 20 21 24 23 22
1036
1 0 2 14 10 11 12 13 9 8 15 25 22 23 24 21 20 16 17 18 19 7 6 4 5 3
1073
13 14 11 12 10 9 18 19 17 16 25 22 23 24 21 20 15 8 7 6 5 3 4 1 0 2
1062
14 13 2 0 1 3 4 5 6 7 19 17 25 22 23 24 21 20 16 18 15 8 9 10 12 11
1033
22 23 24 21 20 16 11 12 10 14 13 2 0 1 3 5 4 9 8 6 7 15 18 19 17 25
1052
20 16 11 12 10 14 13 9 8 2 0 1 4 5 3 6 7 15 18 19 17 25 22 23 24 21
1054
1 0 14 13 12 11 10 9 8 15 16 20 21 24 23 22 25 17 19 18 7 6 4 5 3 2
1003
18 19 17 16 20 25 22 23 24 21 11 12 10 14 13 9 8 2 0 1 4 3 5 6 7 15
1051
19 17 16 25 22 23 24 21 20 11 12 10 14 0 1 2 13 9 8 4 3 5 6 7 15 18
1023
16 20 21 24 23 22 25 17 19 18 15 7 6 8 9 4 5 3 1 0 2 13 14 10 12 11
1052
10 12 11 14 13 2 0 1 3 4 5 6 7 19 17 25 22 23 24 21 20 16 18 15 8 9
1033
2 14 13 12 11 10 9 8 15 16 20 21 24 23 22 25 17 19 18 7 6 5 3 4 1 0
1037
11 10 20 21 24 23 22 25 16 17 18 19 15 7 6 4 5 3 8 9 0 1 2 13 14 12
1077
2 1 3 4 5 6 7 8 20 21 24 23 22 25 16 17 19 18 15 9 10 11 12 13 14 0
1049
10 12 11 14 0 1 2 13 9 8 3 5 4 6 7 15 18 19 17 16 20 25 22 23 24 21
1046
16 17 19 18 15 7 6 5 3 4 1 2 8 9 13 14 10 12 11 0 24 23 22 21 25 20
1011
13 2 1 0 14 11 12 10 20 21 24 23 22 25 16 17 18 19 15 7 6 3 5 4 8 9
1050
24 21 20 16 10 11 12 14 0 1 2 13 9 8 3 5 4 6 7 15 18 19 17 25 22 23
1033
25 17 19 18 15 7 6 8 9 4 5 3 1 0 2 13 14 10 12 11 16 20 21 24 23 22
1052
18 19 17 25 22 23 24 21 20 16 11 12 10 14 13 0 1 2 9 8 4 3 5 6 7 15
1054
3 5 6 7 18 19 17 25 22 23 24 21 20 16 15 8 9 10 12 11 13 14 0 2 1 4
1043
16 25 22 23 24 21 20 11 12 10 14 0 1 2 13 9 8 3 5 4 6 7 15 18 19 17
1027
4 1 2 0 14 10 11 12 13 9 8 15 16 20 21 24 23 22 25 17 19 18 7 6 5 3
1056
19 18 15 7 6 8 9 4 5 3 1 0 2 13 14 10 12 11 16 20 21 24 23 22 25 17
1052
17 16 25 22 23 24 21 20 11 12 10 14 13 2 0 1 3 5 4 9 8 6 7 15 18 19
1043
4 6 7 19 18 17 25 22 23 24 21 20 16 15 8 9 10 12 11 13 14 0 2 1 5 3
1053
0 14 12 11 10 9 8 6 7 19 18 17 16 20 21 24 23 22 25 15 13 2 4 5 3 1
1091
12 14 0 1 2 13 9 7 6 4 3 5 8 20 21 24 23 22 25 16 17 19 18 15 10 11
1085
4 1 0 2 14 13 12 11 10 9 8 15 25 22 23 24 21 20 16 17 19 18 7 6 5 3
1059
9 7 6 4 5 3 1 0 2 13 14 12 11 10 15 18 19 17 16 20 21 24 23 22 25 8
1073
22 23 24 21 20 16 10 11 12 14 0 1 2 13 9 8 5 3 4 6 7 15 18 19 17 25
1033
23 22 25 17 19 18 15 7 6 8 9 4 5 3 1 0 2 13 14 10 12 11 16 20 21 24
1052
19 17 16 20 25 21 22 23 24 0 11 12 10 14 13 2 1 3 5 4 9 8 6 7 15 18
1014
12 11 14 0 1 2 13 9 8 5 3 4 6 7 15 19 18 17 16 25 22 23 24 21 20 10
1049
5 6 7 19 17 25 22 23 24 21 20 16 18 15 8 9 10 11 12 13 14 2 0 1 4 3
1048
24 23 22 21 25 17 19 18 15 7 6 5 3 4 8 9 13 2 1 0 14 10 12 11 16 20
1040
12 11 14 13 2 0 1 3 4 5 6 7 19 18 17 16 20 21 24 23 22 25 15 8 9 10
1056
10 11 12 14 13 2 0 1 3 4 5 6 7 19 17 25 22 23 24 21 20 16 18 15 8 9
1033
23 22 25 17 19 18 15 7 6 8 9 4 5 3 1 0 2 13 14 11 12 10 16 20 21 24
1049
25 17 19 18 15 7 6 5 3 4 8 9 13 2 1 0 14 12 11 10 16 20 21 24 23 22
1029
10 12 11 14 0 1 2 13 9 8 5 3 4 6 7 15 19 18 17 16 25 22 23 24 21 20
1049
0 1 3 5 4 7 6 2 13 20 21 24 23 22 25 16 17 19 18 15 8 9 10 11 12 14
1073
5 1 0 2 14 11 12 10 13 9 15 25 22 23 24 21 20 16 17 19 18 8 7 6 4 3
1083
17 25 22 23 24 21 20 16 11 12 10 14 13 9 8 2 0 1 3 5 4 6 7 15 18 19
1034
3 4 1 2 0 14 13 11 12 10 9 8 15 16 20 21 24 23 22 25 17 18 19 7 6 5
1055
5 3 4 6 7 19 18 17 25 22 23 24 21 20 16 15 8 9 13 12 10 11 14 2 0 1
1063
5 1 0 2 14 13 11 12 10 9 15 18 19 17 16 25 22 23 24 21 20 8 7 6 4 3
1060
5 6 7 8 15 18 19 17 16 25 22 23 24 21 20 9 10 11 12 13 14 2 0 1 4 3
1042
17 19 18 15 7 6 4 3 5 8 9 13 2 1 0 14 10 12 11 20 21 24 23 22 25 16
1027
19 17 16 25 22 23 24 21 20 11 12 10 14 0 1 2 13 9 8 4 5 3 6 7 15 18
1028
2 0 14 13 12 11 10 9 8 15 20 21 24 23 22 25 16 17 18 19 7 6 5 4 3 1
1056
20 21 24 23 22 25 17 19 18 15 7 6 4 5 3 8 9 2 1 0 13 14 10 12 11 16
1058
6 7 8 18 19 17 16 20 21 24 23 22 25 15 9 10 12 11 14 13 2 0 1 4 3 5
1068
13 2 0 1 3 4 5 6 7 8 15 18 19 17 16 25 22 23 24 21 20 9 12 10 11 14
1040
24 20 16 11 12 10 14 13 2 0 1 3 5 4 9 8 6 7 15 18 19 17 25 21 22 23
1060
13 2 0 1 4 3 5 6 7 18 19 17 25 22 23 24 21 20 16 15 8 9 12 10 11 14
1046
23 24 21 20 16 11 12 10 14 0 1 2 13 9 8 5 3 4 6 7 15 18 19 17 25 22
1036
2 14 13 12 11 10 9 8 15 25 22 23 24 21 20 16 17 18 19 7 6 4 5 3 1 0
1056
0 1 2 14 13 9 8 4 3 5 6 7 18 19 17 16 25 22 23 24 21 20 15 10 12 11
1066
1 0 14 11 12 10 9 15 18 19 17 16 25 22 23 24 21 20 8 13 2 6 7 4 5 3
1100
17 19 18 15 7 6 4 3 5 8 9 13 2 1 0 14 12 10 11 16 20 21 24 23 22 25
1035
19 18 15 7 6 4 3 5 8 9 13 2 1 0 14 10 12 11 16 20 21 24 23 22 25 17
1036
19 17 25 22 23 24 21 20 16 11 12 10 14 13 2 0 1 3 5 4 9 8 6 7 15 18
1052
22 23 24 21 20 16 11 12 10 14 0 1 2 13 9 8 5 3 4 6 7 15 18 19 17 25
1036
16 25 22 23 24 21 20 11 12 10 14 0 1 2 13 9 8 4 5 3 6 7 15 18 19 17
1028
5 3 4 1 2 0 14 12 11 10 13 9 20 21 24 23 22 25 16 17 19 18 15 8 7 6
1057
7 6 4 3 5 8 9 13 2 1 0 14 12 11 10 15 25 22 23 24 21 20 16 17 18 19
1082
2 13 12 11 10 9 15 20 21 24 23 22 25 16 17 18 19 7 6 5 3 4 8 14 0 1
1105
12 14 0 1 2 13 9 8 5 3 4 6 7 18 19 17 25 22 23 24 21 20 16 15 10 11
1048
23 25 17 19 18 15 7 6 5 3 4 8 9 13 2 1 0 14 10 12 11 16 20 21 24 22
1052
17 19 18 15 7 6 8 9 4 5 3 1 0 2 13 14 10 12 11 16 20 21 24 23 22 25
1052
17 19 18 15 7 6 4 5 3 1 0 8 9 2 13 14 10 12 11 16 20 21 24 23 22 25
1077
20 16 11 12 10 14 13 0 1 2 9 8 3 5 4 6 7 15 18 19 17 25 22 23 24 21
1058
19 17 16 20 25 21 22 23 24 0 11 12 10 14 13 9 8 2 1 4 3 5 6 7 15 18
1011
18 19 17 25 22 23 24 21 20 16 11 12 10 14 13 9 8 2 0 1 4 5 3 6 7 15
1054
3 5 6 7 19 18 17 25 22 23 24 21 20 16 15 8 9 10 12 11 13 14 2 0 1 4
1053
10 12 11 14 13 2 0 1 4 3 5 6 7 8 15 19 18 17 16 25 22 23 24 21 20 9
1055
11 12 14 13 2 0 1 3 5 4 9 8 6 7 15 19 18 17 16 25 22 23 24 21 20 10
1065
9 4 5 3 1 0 2 13 14 12 11 10 20 21 24 23 22 25 16 17 18 19 15 7 6 8
1065
18 19 17 16 25 22 23 24 21 20 11 12 10 14 0 1 2 13 9 8 3 5 4 6 7 15
1027
15 18 19 17 25 22 23 24 21 20 16 11 12 10 14 0 1 2 13 9 8 4 5 3 6 7
1037
25 22 23 24 21 20 16 10 11 12 14 13 2 1 0 9 8 5 3 4 6 7 15 18 19 17
1061
21 24 23 22 25 17 19 18 15 7 6 8 9 4 5 3 1 0 2 13 14 10 12 11 16 20
1052
5 3 4 1 2 0 14 11 10 12 13 9 8 15 16 20 21 24 23 22 25 17 18 19 7 6
1067
4 6 7 8 15 18 19 17 16 20 21 24 23 22 25 9 10 12 11 13 14 0 2 1 5 3
1060
18 19 17 25 22 23 24 21 20 16 11 12 10 14 13 2 0 1 3 5 4 9 8 6 7 15
1052
2 1 0 14 11 12 10 9 15 25 22 23 24 21 20 16 17 19 18 8 7 6 3 5 4 13
1086
16 11 12 10 14 13 9 8 2 0 1 4 5 3 6 7 15 18 19 17 25 22 23 24 21 20
1054
0 11 12 10 15 16 20 21 24 23 22 25 17 19 18 7 6 3 5 4 8 9 13 14 2 1
1055
1 3 5 4 6 7 18 19 17 16 25 22 23 24 21 20 15 8 9 10 11 12 13 14 2 0
1038
22 25 17 19 18 15 7 6 5 3 4 8 9 13 2 1 0 14 12 10 11 16 20 21 24 23
1031
22 23 24 21 20 16 11 12 10 14 13 2 1 0 9 8 3 5 4 6 7 15 18 19 17 25
1064
20 21 24 23 22 25 17 19 18 15 7 6 3 5 4 8 9 2 1 0 13 14 10 12 11 16
1059
11 14 13 2 0 1 3 4 5 6 7 19 18 17 25 22 23 24 21 20 16 15 8 9 10 12
1034
10 11 12 14 0 1 2 13 9 8 4 3 5 6 7 19 18 17 16 25 22 23 24 21 20 15
1072
15 18 19 17 16 25 22 23 24 21 20 11 12 10 14 13 2 1 0 9 8 4 3 5 6 7
1051
24 23 22 21 25 17 19 18 15 7 6 5 3 4 8 9 0 1 2 13 14 10 12 11 16 20
1068
5 6 7 19 17 25 22 23 24 21 20 16 18 15 8 9 10 11 12 13 14 0 2 1 4 3
1050
25 17 19 18 15 7 6 4 3 5 8 9 13 2 1 0 14 10 12 11 16 20 21 24 23 22
1036
9 4 5 3 1 0 2 13 14 11 12 10 20 21 24 23 22 25 16 17 18 19 15 7 6 8
1065
23 24 21 20 16 11 12 10 14 13 2 0 1 3 5 4 9 8 6 7 15 18 19 17 25 22
1052
22 23 24 21 20 16 11 12 10 14 13 9 8 2 0 1 5 3 4 6 7 15 18 19 17 25
1047
18 15 7 6 8 9 4 5 3 1 2 13 14 10 12 11 0 24 23 22 21 25 20 16 17 19
1014
12 10 20 21 24 23 22 25 16 17 18 19 15 7 6 4 3 5 8 9 13 2 1 0 14 11
1049
10 9 8 15 25 22 23 24 21 20 16 17 18 19 7 6 5 4 3 1 0 2 13 14 12 11
1056
15 7 6 4 3 5 8 9 2 1 0 13 14 10 12 11 16 20 21 24 23 22 25 17 19 18
1058
12 14 13 9 8 2 0 1 4 3 5 6 7 19 18 17 16 25 22 23 24 21 20 15 10 11
1089
22 23 24 21 20 16 11 12 10 14 13 2 0 1 3 5 4 9 8 6 7 15 18 19 17 25
1052
11 10 15 18 16 20 21 24 23 22 25 17 19 7 6 8 9 4 5 3 1 0 2 13 14 12
1075
2 14 13 12 11 10 9 15 18 19 17 16 25 22 23 24 21 20 8 7 6 4 5 3 1 0
1043
1 3 5 4 2 13 12 11 10 9 8 6 7 18 19 17 16 20 21 24 23 22 25 15 14 0
1089
8 15 19 18 17 16 20 21 24 23 22 25 9 10 11 12 14 13 2 0 1 4 3 5 6 7
1069
16 20 21 24 23 22 25 17 19 18 15 7 6 8 9 4 5 3 1 0 2 13 14 10 12 11
1052
9 8 2 0 1 3 5 4 6 7 18 19 17 25 22 23 24 21 20 16 15 10 12 11 14 13
1046
11 12 10 9 8 15 18 16 20 21 24 23 22 25 17 19 7 6 5 4 3 1 0 2 13 14
1033
5 6 7 8 20 21 24 23 22 25 16 17 19 18 15 9 10 11 12 13 14 2 0 1 4 3
1058
17 25 22 23 24 21 20 16 11 12 10 14 13 2 0 1 3 5 4 9 8 6 7 15 18 19
1052
12 11 14 0 1 2 13 9 8 3 5 4 6 7 15 18 19 17 16 20 25 22 23 24 21 10
1046
8 4 3 5 6 7 15 18 19 17 16 25 22 23 24 21 20 10 11 12 14 13 0 1 2 9
1050
3 4 6 7 19 17 25 22 23 24 21 20 16 18 15 8 9 10 12 11 13 14 2 0 1 5
1050
8 9 10 11 12 14 13 2 0 1 3 4 5 6 7 19 18 17 25 22 23 24 21 20 16 15
1034
5 3 4 1 2 0 14 10 11 12 13 9 20 21 24 23 22 25 16 17 19 18 15 8 7 6
1061
18 15 7 6 8 9 4 5 3 1 0 2 13 14 10 12 11 16 20 21 24 23 22 25 17 19
1052
1 3 5 4 6 7 8 15 20 21 24 23 22 25 16 17 19 18 9 13 10 12 11 14 0 2
1066
3 4 1 0 2 14 11 10 12 13 9 8 15 16 20 21 24 23 22 25 17 19 18 7 6 5
1053
22 23 24 21 20 16 11 12 10 14 0 1 2 13 9 8 5 3 4 6 7 15 18 19 17 25
1036
12 10 20 21 24 23 22 25 16 17 18 19 15 7 6 4 5 3 8 9 13 2 1 0 14 11
1049
8 15 18 16 20 21 24 23 22 25 17 19 7 6 5 4 3 1 0 2 13 14 11 12 10 9
1033
3 4 6 7 8 21 24 23 22 25 20 16 17 19 18 15 9 10 12 11 13 14 0 2 1 5
1078
22 23 25 17 19 18 15 7 6 4 3 5 8 9 13 2 1 0 14 10 12 11 16 20 21 24
1056
7 6 4 3 5 1 0 2 8 9 13 14 12 11 10 15 18 16 20 21 24 23 22 25 17 19
1070
22 21 20 16 11 12 10 14 13 0 1 2 9 8 4 3 5 6 7 15 18 19 17 25 24 23
1071
11 12 10 15 25 22 23 24 21 20 16 17 19 18 7 6 3 5 4 8 9 13 2 1 0 14
1071
18 19 17 16 20 25 21 22 23 24 11 12 10 14 0 1 2 13 9 8 3 5 4 6 7 15
1009
2 1 0 14 8 4 3 5 6 7 19 18 17 25 22 23 24 21 20 16 15 9 10 11 12 13
1089
22 25 17 19 18 15 7 6 4 3 5 8 9 0 1 2 13 14 10 12 11 16 20 21 24 23
1064
7 6 8 15 25 22 23 24 21 20 16 17 19 18 9 10 11 12 14 13 2 0 1 3 4 5
1080
22 21 20 16 10 11 12 14 13 2 0 1 3 5 4 9 8 6 7 15 18 19 17 25 24 23
1066
20 16 11 12 10 14 0 1 2 13 9 8 5 3 4 6 7 15 18 19 17 25 22 23 24 21
1036
6 5 4 3 1 0 2 14 11 12 10 13 9 15 16 20 21 24 23 22 25 17 19 18 8 7
1052
8 15 16 20 21 24 23 22 25 17 18 19 7 6 5 4 3 1 0 2 13 14 12 11 10 9
1034
13 14 11 10 12 25 22 23 24 21 20 16 17 18 19 15 7 6 8 9 4 5 3 1 0 2
1090
25 17 19 18 15 7 6 8 9 4 5 3 1 0 2 13 14 10 12 11 16 20 21 24 23 22
1052
6 4 5 3 1 0 2 13 14 12 11 10 9 8 15 25 22 23 24 21 20 16 17 18 19 7
1052
8 9 10 12 11 14 13 2 0 1 4 3 5 6 7 18 19 17 25 22 23 24 21 20 16 15
1033
22 23 24 21 20 16 11 12 10 14 13 9 8 2 0 1 4 5 3 6 7 15 18 19 17 25
1054
19 17 16 20 25 23 22 21 24 11 12 10 14 0 1 2 13 9 8 4 3 5 6 7 15 18
1057
9 10 11 12 14 13 2 0 1 4 3 5 6 7 8 18 19 17 25 22 23 24 21 20 16 15
1046
17 19 18 15 7 6 4 3 5 8 9 13 2 1 0 14 10 12 11 24 21 23 22 25 20 16
1064
16 25 22 23 24 21 20 11 12 10 14 13 2 1 0 9 8 5 3 4 6 7 15 18 19 17
1055
23 22 25 17 19 18 15 7 6 4 5 3 8 9 13 2 1 0 14 10 12 11 16 20 21 24
1036
18 15 7 6 8 9 4 5 3 1 2 13 14 10 12 11 0 24 23 22 21 25 20 16 17 19
1014
7 18 19 17 25 22 23 24 21 20 16 15 8 9 10 11 12 14 13 2 0 1 3 4 5 6
1022
24 23 22 21 25 17 19 18 15 7 6 5 3 4 8 9 13 2 1 0 14 10 12 11 16 20
1040
5 6 7 8 15 18 19 17 16 25 22 23 24 21 20 9 10 12 11 13 14 2 0 1 4 3
1046
5 1 2 0 14 13 11 12 10 9 18 19 17 16 20 21 24 23 22 25 15 8 7 6 4 3
1076
16 17 19 18 15 7 6 4 3 5 8 9 2 1 0 13 14 10 12 11 24 21 23 22 25 20
1086
10 11 12 14 13 9 8 2 0 1 3 5 4 6 7 18 19 17 25 22 23 24 21 20 16 15
1046
17 19 18 15 7 6 5 3 4 8 9 13 2 1 0 14 10 12 11 24 23 22 21 25 20 16
1005
10 15 18 16 20 21 24 23 22 25 17 19 7 6 8 9 4 5 3 1 0 2 13 14 11 12
1075
10 11 12 14 0 1 2 13 9 8 4 5 3 6 7 15 18 19 17 16 25 22 23 24 21 20
1033
21 24 23 22 25 17 19 18 15 7 6 8 9 4 5 3 1 0 2 13 14 10 12 11 16 20
1052
2 14 13 12 11 10 9 15 18 19 17 16 20 25 22 23 24 21 8 7 6 5 3 4 1 0
1074
21 24 23 22 25 17 19 18 15 7 6 3 5 4 1 0 2 8 9 13 14 10 12 11 16 20
1054
24 23 22 21 25 17 19 18 15 7 6 4 3 5 1 0 2 8 9 13 14 10 12 11 16 20
1055
25 22 23 24 21 20 16 11 12 10 14 13 0 1 2 9 8 5 3 4 6 7 15 18 19 17
1058
17 16 25 22 23 24 21 20 11 12 10 14 13 2 1 0 9 8 5 3 4 6 7 15 18 19
1055
15 7 6 4 3 5 8 9 13 2 1 0 14 10 12 11 16 20 21 24 23 22 25 17 19 18
1036
6 8 4 5 3 1 0 2 13 14 12 11 10 9 15 18 16 20 21 24 23 22 25 17 19 7
1067
7 6 5 4 3 1 0 2 13 14 12 11 10 9 25 22 23 24 21 20 16 17 19 18 15 8
1041
17 16 25 22 23 24 21 20 11 12 10 14 13 9 8 2 0 1 4 5 3 6 7 15 18 19
1045
22 23 24 21 20 16 11 12 10 14 13 9 8 2 0 1 4 5 3 6 7 15 18 19 17 25
1054
16 20 21 24 23 22 25 17 19 18 15 7 6 8 9 4 5 3 1 0 2 13 14 10 12 11
1052
24 23 22 25 17 19 18 15 7 6 3 5 4 8 9 13 2 1 0 14 12 10 11 16 20 21
1036
14 0 1 2 13 9 8 4 3 5 6 7 15 18 19 17 16 20 21 24 23 22 25 12 10 11
1053
15 18 19 17 25 22 23 24 21 20 16 11 12 10 14 0 1 2 13 9 8 3 5 4 6 7
1036
5 3 4 1 2 0 14 13 11 12 10 9 8 15 20 21 24 23 22 25 16 17 19 18 7 6
1059
24 20 16 11 12 10 14 0 1 2 13 9 8 4 3 5 6 7 15 18 19 17 25 21 22 23
1040
3 5 6 7 18 19 17 16 20 21 24 23 22 25 15 8 9 10 11 12 13 14 0 2 1 4
1061
9 13 2 1 0 14 11 12 10 25 22 23 24 21 20 16 17 18 19 15 7 6 4 5 3 8
1063
23 22 25 17 19 18 15 7 6 5 3 4 8 9 13 2 1 0 14 10 12 11 16 20 21 24
1032
11 14 13 2 0 1 3 4 5 6 7 8 25 22 23 24 21 20 16 17 19 18 15 9 10 12
1054
0 14 13 2 1 4 3 5 6 7 8 25 22 23 24 21 20 16 17 19 18 15 9 12 10 11
1090
19 18 15 7 6 4 3 5 1 0 2 8 9 13 14 10 12 11 20 21 24 23 22 25 16 17
1038
8 9 10 11 12 14 13 2 0 1 3 5 4 6 7 19 18 17 16 25 22 23 24 21 20 15
1046
17 19 18 15 7 6 4 3 5 8 9 13 2 1 0 14 10 12 11 16 20 21 24 23 22 25
1036
8 9 10 11 12 14 13 2 0 1 3 4 5 6 7 19 18 17 16 25 22 23 24 21 20 15
1050
0 1 14 2 13 9 8 4 5 3 6 7 19 18 17 16 20 21 24 23 22 25 15 10 12 11
1132
23 24 25 17 19 18 15 7 6 5 3 4 8 9 13 2 1 0 14 10 12 11 16 20 21 22
1049
6 5 4 3 1 0 2 13 14 12 11 10 9 8 15 20 21 24 23 22 25 16 17 18 19 7
1050
6 7 8 18 19 17 25 22 23 24 21 20 16 15 9 10 11 12 14 13 2 0 1 3 5 4
1031
17 25 22 23 24 21 20 16 11 12 10 14 13 2 1 0 9 8 5 3 4 6 7 15 18 19
1064
7 4 5 3 1 0 2 13 14 12 11 10 9 21 24 23 22 25 20 16 17 19 18 15 8 6
1061
0 1 2 3 5 4 6 7 8 18 19 17 16 25 22 23 24 21 20 15 9 10 12 11 13 14
1036
5 3 4 1 0 2 14 13 11 12 10 9 8 15 18 16 20 21 24 23 22 25 17 19 7 6
1052
9 20 21 24 23 22 25 16 17 19 18 15 8 7 6 5 3 4 1 0 2 13 14 12 11 10
1038
21 20 16 11 12 10 14 0 1 2 13 9 8 3 5 4 6 7 15 18 19 17 25 22 23 24
1036
2 14 13 12 11 10 9 15 18 19 17 16 20 21 24 23 22 25 8 7 6 5 4 3 1 0
1058
22 23 24 21 20 16 10 11 12 14 0 1 2 13 9 8 4 3 5 6 7 15 18 19 17 25
1029
14 11 10 12 9 8 15 16 20 21 24 23 22 25 17 19 18 7 6 5 3 4 1 0 2 13
1046
8 4 3 5 6 7 18 19 17 16 25 22 23 24 21 20 15 10 11 12 14 0 1 2 13 9
1060
6 7 19 18 17 16 20 21 24 23 22 25 15 10 12 11 14 13 0 1 2 9 8 5 3 4
1104
13 9 8 3 5 4 6 7 15 19 18 17 16 20 25 22 23 24 21 10 12 11 14 0 1 2
1063
24 23 22 25 17 19 18 15 7 6 4 5 3 8 9 13 2 1 0 14 10 12 11 16 20 21
1036
5 3 4 1 0 2 14 10 11 12 13 9 15 25 22 23 24 21 20 16 17 19 18 8 7 6
1089
8 9 0 1 2 13 14 12 11 10 25 22 23 24 21 20 16 17 19 18 15 7 6 5 3 4
1070
14 11 12 10 9 15 25 22 23 24 21 20 16 17 19 18 8 7 6 5 3 4 1 0 2 13
1068
21 24 23 22 25 17 19 18 15 7 6 3 5 4 8 9 13 2 1 0 14 10 12 11 16 20
1037
5 6 7 19 18 17 25 22 23 24 21 20 16 15 8 9 10 11 12 13 14 0 2 1 4 3
1051
3 5 1 0 2 14 13 11 12 10 9 8 15 16 20 21 24 23 22 25 17 19 18 7 6 4
1039
0 1 2 4 3 5 6 7 8 18 19 17 25 22 23 24 21 20 16 15 9 10 12 11 13 14
1026
18 19 17 25 22 23 24 21 20 16 10 12 11 14 13 2 1 0 9 8 5 3 4 6 7 15
1061
18 15 7 6 4 3 5 8 9 13 2 1 0 14 10 12 11 16 20 21 24 23 22 25 17 19
1036
14 11 12 10 15 18 19 17 16 20 21 24 23 22 25 8 9 7 6 4 5 3 1 0 2 13
1073
12 14 13 2 0 1 3 5 4 6 7 19 18 17 25 22 23 24 21 20 16 15 8 9 10 11
1030
23 24 21 20 16 10 12 11 14 0 1 2 13 9 8 4 3 5 6 7 15 18 19 17 25 22
1029
15 7 6 4 5 3 8 9 13 2 1 0 14 10 12 11 16 20 21 24 23 22 25 17 19 18
1036
22 25 17 19 18 15 7 6 4 5 3 8 9 13 2 1 0 14 10 12 11 16 20 21 24 23
1036
7 5 3 4 1 0 2 13 14 12 11 10 9 15 16 20 21 24 23 22 25 17 19 18 8 6
1069
16 11 12 10 14 0 1 2 13 9 8 4 5 3 6 7 15 18 19 17 25 22 23 24 21 20
1037
4 1 2 0 14 13 12 11 10 9 15 18 19 17 16 20 21 24 23 22 25 8 7 6 5 3
1071
23 22 25 17 19 18 15 7 6 5 3 4 1 0 2 8 9 13 14 10 12 11 16 20 21 24
1049
0 11 12 10 9 8 15 18 16 20 21 24 23 22 25 17 19 7 6 5 4 3 1 2 13 14
1045
24 23 22 25 17 19 18 15 7 6 3 5 4 8 9 13 2 1 0 14 10 12 11 16 20 21
1037
2 13 9 8 5 3 4 6 7 15 18 19 17 16 25 22 23 24 21 20 12 11 10 14 0 1
1043
12 11 10 9 8 15 16 20 21 24 23 22 25 17 19 18 7 6 5 3 4 1 0 2 13 14
1033
13 14 11 10 12 9 8 15 16 20 21 24 23 22 25 17 19 18 7 6 5 4 3 1 0 2
1035
20 21 24 23 22 25 17 19 18 15 7 6 4 3 5 8 9 13 2 1 0 14 10 12 11 16
1036
15 7 6 8 9 4 5 3 1 0 2 13 14 10 12 11 16 20 21 24 23 22 25 17 19 18
1052
16 17 19 18 15 7 6 4 3 5 8 9 13 2 1 0 14 10 12 11 20 21 24 23 22 25
1027
16 20 21 24 23 22 25 17 19 18 15 7 6 4 5 3 8 9 13 2 1 0 14 10 12 11
1036
9 10 11 12 14 13 2 0 1 3 4 5 6 7 18 19 17 16 25 22 23 24 21 20 15 8
1038
8 15 20 21 24 23 22 25 16 17 19 18 7 6 5 4 3 1 0 2 13 14 12 11 10 9
1038
16 17 19 18 15 7 6 5 3 4 8 9 13 2 1 0 14 10 12 11 20 21 24 23 22 25
1023
6 5 3 4 1 0 2 13 14 11 12 10 9 15 16 20 21 24 23 22 25 17 19 18 8 7
1046
13 2 1 9 8 5 3 4 6 7 15 18 19 17 16 20 25 22 23 21 24 0 12 10 11 14
1111
24 23 22 25 17 19 18 15 7 6 5 3 4 8 9 2 1 0 13 14 10 12 11 16 20 21
1054
17 19 18 15 7 6 8 9 4 5 3 1 2 13 14 10 12 11 0 24 21 22 23 25 20 16
1066
12 10 9 8 15 16 20 21 24 23 22 25 17 19 18 7 6 5 3 4 1 0 2 13 14 11
1033
22 23 24 25 17 19 18 15 7 6 4 5 3 8 9 2 1 0 13 14 12 11 10 16 20 21
1072
17 16 20 25 22 23 24 21 11 12 10 14 0 1 2 13 9 8 3 5 4 6 7 15 18 19
1038
5 1 0 2 14 10 11 12 13 9 8 15 20 21 24 23 22 25 16 17 19 18 7 6 4 3
1068
13 14 11 12 10 9 8 15 25 22 23 24 21 20 16 17 19 18 7 6 5 4 3 1 0 2
1044
24 23 22 25 17 19 18 15 7 6 5 3 4 8 9 0 1 2 13 14 10 12 11 16 20 21
1060
5 3 4 1 2 0 14 10 12 11 13 9 8 15 16 20 21 24 23 22 25 17 19 18 7 6
1060
12 11 10 9 15 18 19 17 16 20 21 24 23 22 25 8 7 6 5 4 3 1 0 2 13 14
1054
17 25 22 23 24 21 20 16 11 12 10 14 0 1 2 13 9 8 5 3 4 6 7 15 18 19
1036
20 16 11 12 10 14 13 9 8 2 0 1 5 3 4 6 7 15 18 19 17 25 22 23 24 21
1047
22 23 24 21 20 16 10 12 11 14 13 2 1 0 9 8 5 3 4 6 7 15 18 19 17 25
1061
21 20 16 11 12 10 14 13 0 1 2 9 8 4 5 3 6 7 15 18 19 17 25 22 23 24
1059
24 20 16 11 12 10 14 13 9 8 2 0 1 4 5 3 6 7 15 18 19 17 25 21 22 23
1062
2 1 0 14 10 11 12 20 21 24 23 22 25 16 17 19 18 15 7 6 5 3 4 8 9 13
1039
20 21 24 23 22 25 17 19 18 15 7 6 4 5 3 8 9 13 2 1 0 14 10 12 11 16
1036
8 15 19 18 17 16 20 21 24 23 22 25 9 10 12 11 14 13 2 0 1 4 3 5 6 7
1069
10 11 12 14 0 1 2 13 9 8 4 3 5 6 7 15 18 19 17 16 20 25 22 23 24 21
1042
7 6 5 3 4 1 0 2 8 9 13 14 11 12 10 15 18 16 20 21 24 23 22 25 17 19
1072
16 17 19 18 15 7 6 4 5 3 8 9 13 2 1 0 14 10 12 11 24 21 23 22 25 20
1064
11 10 9 8 15 20 21 24 23 22 25 16 17 19 18 7 6 5 4 3 1 0 2 13 14 12
1038
21 24 23 22 25 17 19 18 15 7 6 8 9 4 5 3 1 0 2 13 14 10 12 11 16 20
1052
11 12 14 13 2 0 1 3 5 4 6 7 8 15 16 20 21 24 23 22 25 17 19 18 9 10
1031
16 20 25 21 22 23 24 11 12 10 14 0 1 2 13 9 8 4 3 5 6 7 15 18 19 17
1005
7 6 4 5 3 1 0 2 13 14 11 12 10 9 8 15 20 21 24 23 22 25 16 17 18 19
1046
12 14 13 2 0 1 3 5 4 9 8 6 7 15 18 19 17 16 20 25 22 23 24 21 10 11
1062
14 13 2 0 1 3 5 4 9 8 6 7 19 17 25 22 23 24 21 20 16 18 15 10 12 11
1075
12 11 10 21 24 23 22 25 20 16 17 19 18 15 7 6 4 3 5 8 9 13 2 1 0 14
1046
12 11 14 13 9 8 2 0 1 3 5 4 6 7 19 17 25 22 23 24 21 20 16 18 15 10
1057
20 21 24 23 22 25 17 19 18 15 7 6 4 3 5 8 9 13 2 1 0 14 10 12 11 16
1036
14 11 10 12 9 21 24 23 22 25 20 16 17 19 18 15 8 7 6 5 4 3 1 0 2 13
1055
3 4 1 2 0 14 13 12 11 10 9 8 15 20 21 24 23 22 25 16 17 19 18 7 6 5
1055
14 13 2 0 1 3 4 5 6 7 19 17 25 22 23 24 21 20 16 18 15 8 9 10 12 11
1033
7 19 17 25 22 23 24 21 20 16 18 15 8 9 13 12 10 11 14 2 0 1 3 4 5 6
1053
13 9 8 4 3 5 6 7 15 19 18 17 16 25 22 23 24 21 20 12 10 11 14 0 1 2
1055
2 13 0 1 3 5 4 6 7 19 17 25 22 23 24 21 20 16 18 15 8 9 10 12 11 14
1052
24 20 16 11 12 10 14 13 2 0 1 3 5 4 9 8 6 7 15 18 19 17 25 21 22 23
1060
11 12 10 9 8 15 18 16 20 21 24 23 22 25 17 19 7 6 4 5 3 1 0 2 13 14
1029
12 11 14 13 2 0 1 3 5 4 6 7 19 17 25 22 23 24 21 20 16 18 15 8 9 10
1029
24 23 22 25 17 19 18 15 7 6 4 5 3 8 9 13 2 1 0 14 12 11 10 16 20 21
1033
20 16 11 12 10 14 0 1 2 13 9 8 3 5 4 6 7 15 18 19 17 25 22 23 24 21
1036
9 13 2 1 0 14 12 11 10 20 21 24 23 22 25 16 17 19 18 15 7 6 3 5 4 8
1033
9 13 2 1 0 14 12 11 10 15 16 20 21 24 23 22 25 17 19 18 7 6 3 5 4 8
1049
12 11 10 25 22 23 24 21 20 16 17 19 18 15 7 6 8 9 4 5 3 1 0 2 13 14
1062
11 10 9 15 18 19 17 16 25 22 23 24 21 20 8 7 6 5 3 4 1 0 2 13 14 12
1054
22 23 24 21 20 16 11 12 10 14 13 2 1 0 9 8 4 3 5 6 7 15 18 19 17 25
1060
10 12 11 14 13 2 0 1 3 5 4 6 7 9 8 25 22 23 24 21 20 16 17 19 18 15
1073
19 17 16 25 22 23 24 21 20 11 12 10 14 13 2 1 0 9 8 5 3 4 6 7 15 18
1055
3 5 6 7 8 20 21 24 23 22 25 16 17 19 18 15 9 10 11 12 13 14 0 2 1 4
1060
9 8 5 3 4 6 7 15 18 19 17 16 25 22 23 24 21 20 10 11 12 14 0 1 2 13
1032
9 20 21 24 23 22 25 16 17 19 18 15 8 7 6 5 4 3 1 0 2 13 14 12 11 10
1027
7 6 4 5 3 8 10 11 12 14 13 2 1 0 9 15 18 16 20 21 24 23 22 25 17 19
1105
25 17 19 18 15 7 6 3 5 4 8 9 2 1 0 13 14 10 12 11 16 20 21 24 23 22
1059
15 7 6 3 5 4 8 9 2 1 0 13 14 10 12 11 20 21 24 23 22 25 16 17 19 18
1050
4 3 5 6 7 8 18 19 17 25 22 23 24 21 20 16 15 9 13 12 11 10 14 2 0 1
1067
24 20 16 11 12 10 14 0 1 2 13 9 8 3 5 4 6 7 15 18 19 17 25 21 22 23
1044
23 22 25 17 19 18 15 7 6 8 9 4 5 3 1 0 2 13 14 12 10 11 16 20 21 24
1051
20 21 24 23 22 25 17 19 18 15 7 6 5 3 4 8 9 13 2 1 0 14 10 12 11 16
1032
25 17 19 18 15 7 6 5 3 4 1 0 2 8 9 13 14 10 12 11 16 20 21 24 23 22
1049
3 5 1 0 2 14 13 12 11 10 9 8 15 16 20 21 24 23 22 25 17 18 19 7 6 4
1047
25 17 19 18 15 7 6 4 3 5 8 9 13 2 1 0 14 10 12 11 16 20 21 24 23 22
1036
23 22 21 20 16 11 12 10 14 13 9 8 2 0 1 3 5 4 6 7 15 18 19 17 25 24
1051
6 4 5 3 8 9 10 11 12 14 0 1 2 13 15 20 21 24 23 22 25 16 17 18 19 7
1096
17 19 18 15 7 6 3 5 4 8 9 13 2 1 0 14 10 12 11 24 23 22 21 25 20 16
1010
3 5 6 7 8 15 18 19 17 16 25 22 23 24 21 20 9 10 12 11 13 14 2 0 1 4
1046
15 18 19 17 16 25 22 23 24 21 20 11 12 10 14 13 2 0 1 3 5 4 9 8 6 7
1043
7 6 5 4 3 1 0 2 14 13 12 11 10 9 18 19 17 16 25 22 23 24 21 20 15 8
1055
5 3 4 1 0 2 14 13 11 12 10 9 8 15 16 20 21 24 23 22 25 17 18 19 7 6
1053
9 13 2 1 0 14 12 11 10 20 21 24 23 22 25 16 17 19 18 15 7 6 3 5 4 8
1033
8 9 13 14 12 11 10 21 24 23 22 25 20 16 17 18 19 15 7 6 4 5 3 1 0 2
1061
15 18 19 17 25 22 23 24 21 20 16 10 11 12 14 13 9 8 2 0 1 4 5 3 6 7
1051
18 15 7 6 8 9 4 5 3 1 0 2 13 14 10 12 11 16 20 21 24 23 22 25 17 19
1052
6 7 18 19 17 16 25 22 23 24 21 20 15 8 9 10 11 12 14 13 2 0 1 3 4 5
1038
19 18 15 7 6 3 5 4 1 0 2 8 9 13 14 10 12 11 16 20 21 24 23 22 25 17
1054
13 14 11 10 12 9 20 21 24 23 22 25 16 17 19 18 15 8 7 6 4 5 3 1 0 2
1036
17 25 22 23 24 21 20 16 10 11 12 14 13 2 0 1 3 5 4 9 8 6 7 15 18 19
1049
10 15 16 20 21 24 23 22 25 17 18 19 7 6 3 5 4 8 9 13 2 1 0 14 12 11
1061
16 17 19 18 15 7 6 4 3 5 8 9 13 2 1 0 14 10 12 11 20 21 24 23 22 25
1027
22 25 17 19 18 15 7 6 8 9 4 5 3 1 0 2 13 14 10 12 11 16 20 21 24 23
1052
9 10 11 12 14 13 2 0 1 3 4 5 6 7 8 21 24 23 22 25 20 16 17 19 18 15
1059
10 9 8 15 25 22 23 24 21 20 16 17 19 18 7 6 4 5 3 1 0 2 13 14 12 11
1040
4 1 0 2 14 13 11 12 10 9 8 15 18 16 20 21 24 23 22 25 17 19 7 6 5 3
1052
17 16 20 25 21 22 23 24 11 12 10 14 0 1 2 13 9 8 4 5 3 6 7 15 18 19
1010
22 25 17 19 18 15 7 6 4 3 5 8 9 13 2 1 0 14 10 12 11 16 20 21 24 23
1036
23 24 21 20 16 10 12 11 14 0 1 2 13 9 8 4 3 5 6 7 15 18 19 17 25 22
1029
14 11 10 12 25 22 23 24 21 20 16 17 19 18 15 7 6 8 9 4 5 3 1 0 2 13
1073
12 10 9 8 15 25 22 23 24 21 20 16 17 19 18 7 6 5 4 3 1 0 2 13 14 11
1044
25 22 23 24 21 20 16 11 12 10 14 13 9 8 2 0 1 3 5 4 6 7 15 18 19 17
1034
22 25 17 19 18 15 7 6 8 9 4 5 3 1 0 2 13 14 10 12 11 16 20 21 24 23
1052
10 12 11 14 13 2 0 1 3 5 4 6 7 18 19 17 25 22 23 24 21 20 16 15 8 9
1018
9 8 2 0 1 3 5 4 6 7 18 19 17 16 20 21 24 23 22 25 15 10 11 12 14 13
1068
4 3 5 6 7 8 15 16 20 21 24 23 22 25 17 19 18 9 10 11 12 13 14 0 2 1
1052
17 19 18 15 7 6 5 3 4 1 0 2 8 9 13 14 10 12 11 16 20 21 24 23 22 25
1049
8 15 16 20 21 24 23 22 25 17 19 18 7 6 5 3 4 1 0 2 13 14 11 12 10 9
1033
12 10 9 8 15 18 16 20 21 24 23 22 25 17 19 7 6 5 4 3 1 0 2 13 14 11
1033
23 24 21 20 16 11 12 10 14 0 1 2 13 9 8 4 3 5 6 7 15 18 19 17 25 22
1032
5 6 7 8 15 18 19 17 16 20 25 22 23 24 21 9 10 11 12 13 14 2 0 1 4 3
1057
10 12 11 14 13 2 0 1 3 4 5 6 7 18 19 17 16 25 22 23 24 21 20 15 8 9
1038
8 7 6 4 5 3 1 0 2 13 14 12 11 10 9 15 16 20 21 24 23 22 25 17 19 18
1031
6 7 19 18 17 16 25 22 23 24 21 20 15 10 12 11 14 13 9 8 2 0 1 4 5 3
1094
8 9 13 2 1 0 14 12 11 10 21 24 23 22 25 20 16 17 18 19 15 7 6 4 3 5
1063
12 14 13 2 0 1 3 4 5 6 7 18 19 17 25 22 23 24 21 20 16 15 8 9 10 11
1022
5 3 4 1 2 0 14 13 11 12 10 9 20 21 24 23 22 25 16 17 19 18 15 8 7 6
1048
16 10 12 11 14 0 1 2 13 9 8 5 3 4 6 7 15 18 19 17 25 22 23 24 21 20
1033
17 19 18 15 7 6 4 3 5 8 9 13 2 1 0 14 10 12 11 21 24 23 22 25 20 16
1038
25 22 23 24 21 20 16 11 12 10 14 0 1 2 13 9 8 4 3 5 6 7 15 18 19 17
1032
4 1 0 2 14 10 11 12 13 9 8 15 16 20 21 24 23 22 25 17 19 18 7 6 5 3
1054
23 22 25 17 19 18 15 7 6 4 5 3 8 9 13 2 1 0 14 12 11 10 16 20 21 24
1033
4 3 5 1 2 0 14 10 12 11 13 9 8 15 16 20 21 24 23 22 25 17 19 18 7 6
1058
8 7 6 5 3 4 1 0 2 13 14 12 11 10 9 15 18 19 17 16 20 21 24 23 22 25
1065
10 11 12 14 0 1 2 13 9 8 5 3 4 6 7 15 19 18 17 16 25 22 23 24 21 20
1049
24 21 20 16 11 12 10 14 13 2 0 1 3 5 4 9 8 6 7 15 18 19 17 25 22 23
1052
21 20 16 11 12 10 14 13 0 1 2 9 8 5 3 4 6 7 15 18 19 17 25 22 23 24
1058
24 20 16 11 12 10 14 13 2 0 1 3 5 4 9 8 6 7 15 18 19 17 25 21 22 23
1060
24 23 22 21 25 17 19 18 15 7 6 3 5 4 8 9 2 1 0 13 14 10 12 11 16 20
1067
22 25 17 19 18 15 7 6 4 3 5 8 9 0 1 2 13 14 10 12 11 16 20 21 24 23
1064
24 23 22 21 25 17 19 18 15 7 6 4 5 3 8 9 13 2 1 0 14 10 12 11 16 20
1044
10 12 11 14 13 9 8 2 0 1 3 5 4 6 7 15 19 18 17 16 20 21 24 23 22 25
1061
19 18 15 7 6 3 5 4 8 9 0 1 2 13 14 10 12 11 20 21 24 23 22 25 16 17
1056
10 11 12 14 13 2 0 1 3 4 5 6 7 18 19 17 16 20 21 24 23 22 25 15 8 9
1044
24 21 20 16 11 12 10 14 13 2 0 1 3 5 4 9 8 6 7 15 18 19 17 25 22 23
1052
21 20 16 11 12 10 14 13 2 0 1 3 5 4 9 8 6 7 15 18 19 17 25 22 23 24
1052
8 15 18 16 20 21 24 23 22 25 17 19 7 6 5 4 3 1 0 2 13 14 12 11 10 9
1033
8 9 10 11 12 14 13 2 0 1 3 5 4 6 7 19 18 17 25 22 23 24 21 20 16 15
1030
16 20 25 21 22 23 24 0 11 12 10 14 13 2 1 3 5 4 9 8 6 7 15 18 19 17
1014
13 2 0 1 3 5 4 6 7 19 17 25 22 23 24 21 20 16 18 15 8 9 12 10 11 14
1042
13 9 8 3 5 4 6 7 15 19 18 17 16 20 21 24 23 22 25 10 12 11 14 0 1 2
1063
20 16 11 12 10 14 13 9 8 2 0 1 5 3 4 6 7 15 18 19 17 25 22 23 24 21
1047
5 3 4 1 0 2 14 13 12 11 10 9 8 15 18 16 20 21 24 23 22 25 17 19 7 6
1048
15 7 6 4 5 3 8 9 13 2 1 0 14 10 12 11 20 21 24 23 22 25 16 17 19 18
1027
17 19 18 15 7 6 8 9 4 5 3 1 0 2 13 14 10 12 11 20 21 24 23 22 25 16
1043
3 4 1 2 0 14 13 11 12 10 9 8 15 25 22 23 24 21 20 16 17 18 19 7 6 5
1077
15 7 6 8 9 4 5 3 1 0 2 13 14 10 12 11 16 20 21 24 23 22 25 17 19 18
1052
3 4 1 2 0 14 13 12 11 10 9 15 25 22 23 24 21 20 16 17 19 18 8 7 6 5
1074
6 7 19 18 17 25 22 23 24 21 20 16 15 8 9 10 11 12 14 13 2 0 1 3 5 4
1030
21 20 16 11 12 10 14 13 0 1 2 9 8 5 3 4 6 7 15 18 19 17 25 22 23 24
1058
4 6 7 18 19 17 25 22 23 24 21 20 16 15 8 9 10 12 11 13 14 2 0 1 5 3
1039
24 20 16 10 11 12 14 13 2 1 0 9 8 4 5 3 6 7 15 18 19 17 25 21 22 23
1070
12 14 13 2 0 1 3 5 4 6 7 18 19 17 25 22 23 24 21 20 16 15 8 9 10 11
1018
11 14 13 2 0 1 3 4 5 6 7 19 17 25 22 23 24 21 20 16 18 15 8 9 10 12
1033
22 25 17 19 18 15 7 6 4 3 5 8 9 13 2 1 0 14 10 12 11 16 20 21 24 23
1036
16 10 11 12 14 0 1 2 13 9 8 3 5 4 6 7 15 18 19 17 25 22 23 24 21 20
1033
25 22 23 24 21 20 16 11 12 10 14 0 1 2 13 9 8 3 5 4 6 7 15 18 19 17
1036
6 3 5 4 1 0 2 8 10 12 11 14 13 9 15 18 16 20 21 24 23 22 25 17 19 7
1095
6 3 5 4 1 0 2 8 10 11 12 14 13 9 15 16 20 21 24 23 22 25 17 18 19 7
1096
25 17 19 18 15 7 6 8 9 4 5 3 1 0 2 13 14 10 12 11 16 20 21 24 23 22
1052
17 19 18 15 7 6 5 3 4 8 9 13 2 1 0 14 10 12 11 21 24 23 22 25 20 16
1034
5 6 7 19 18 17 25 22 23 24 21 20 16 15 8 9 10 11 12 13 14 0 2 1 4 3
1051
19 18 15 7 6 5 3 4 8 9 13 2 1 0 14 10 12 11 24 21 22 23 25 20 16 17
1057
18 15 7 6 8 9 4 5 3 1 0 2 13 14 12 11 10 16 20 21 24 23 22 25 17 19
1049
16 17 19 18 15 7 6 4 5 3 1 0 2 8 9 13 14 10 12 11 20 21 24 23 22 25
1025
9 8 2 0 1 4 3 5 6 7 19 18 17 25 22 23 24 21 20 16 15 10 11 12 14 13
1073
12 11 14 0 1 2 13 9 7 6 5 3 4 8 20 21 24 23 22 25 16 17 19 18 15 10
1081
22 25 17 19 18 15 7 6 4 3 5 8 9 13 2 1 0 14 10 12 11 16 20 21 24 23
1036
21 24 23 22 25 17 19 18 15 7 6 5 3 4 8 9 13 2 1 0 14 10 12 11 16 20
1032
13 9 8 5 3 4 6 7 19 17 25 22 23 24 21 20 16 18 15 10 12 11 14 0 1 2
1059
7 6 5 3 4 8 9 13 2 1 0 14 12 11 10 15 16 20 21 24 23 22 25 17 18 19
1056
25 17 19 18 15 7 6 8 9 4 5 3 1 0 2 13 14 12 11 10 16 20 21 24 23 22
1049
2 1 0 14 11 10 12 24 21 22 23 25 20 16 17 19 18 15 7 6 3 5 4 8 9 13
1079
15 18 19 17 16 25 22 23 24 21 20 11 12 10 14 0 1 2 13 9 8 5 3 4 6 7
1027
2 13 15 18 16 20 21 24 23 22 25 17 19 7 6 4 5 3 8 9 12 10 11 14 0 1
1092
15 18 19 17 16 20 25 22 23 24 21 11 12 10 14 13 2 0 1 3 5 4 9 8 6 7
1054
11 14 13 2 0 1 4 3 5 6 7 18 19 17 25 22 23 24 21 20 16 15 8 9 10 12
1033
13 14 11 10 12 20 21 24 23 22 25 16 17 19 18 15 7 6 4 3 5 8 9 0 1 2
1070
20 16 11 12 10 14 13 2 1 0 9 8 4 5 3 6 7 15 18 19 17 25 22 23 24 21
1065
18 19 17 16 20 25 22 23 21 24 11 12 10 14 0 1 2 13 9 8 3 5 4 6 7 15
1064
4 3 5 6 7 19 18 17 25 22 23 24 21 20 16 15 8 9 10 11 12 13 14 2 0 1
1049
10 9 8 15 25 22 23 24 21 20 16 17 19 18 7 6 4 5 3 1 0 2 13 14 11 12
1040
11 12 10 9 8 15 18 16 20 21 24 23 22 25 17 19 7 6 5 3 4 1 0 2 13 14
1044
8 9 13 2 1 0 14 12 11 10 15 18 19 17 16 20 21 24 23 22 25 7 6 5 3 4
1075
6 7 19 18 17 25 22 23 24 21 20 16 15 13 2 1 0 14 12 11 10 9 8 3 5 4
1080
14 11 12 10 9 8 15 25 22 23 24 21 20 16 17 19 18 7 6 5 4 3 1 0 2 13
1044
4 3 5 6 7 8 15 25 22 23 24 21 20 16 17 19 18 9 13 12 10 11 14 2 0 1
1088
3 5 1 0 2 14 12 11 10 13 9 15 18 19 17 16 20 21 24 23 22 25 8 7 6 4
1080
11 10 21 24 23 22 25 20 16 17 18 19 15 7 6 4 5 3 1 0 8 9 2 13 14 12
1104
10 12 11 14 0 1 2 13 9 8 5 3 4 6 7 25 22 23 24 21 20 16 17 19 18 15
1079
17 19 18 15 7 6 8 9 4 5 3 1 0 2 13 14 10 12 11 20 21 24 23 22 25 16
1043
16 11 12 10 14 13 2 1 0 9 8 4 5 3 6 7 15 18 19 17 25 22 23 24 21 20
1065
7 6 4 5 3 1 0 2 8 9 10 11 12 14 13 15 18 16 20 21 24 23 22 25 17 19
1077
3 5 6 7 19 17 25 22 23 24 21 20 16 18 15 8 9 13 12 10 11 14 0 2 1 4
1066
6 7 19 18 17 25 22 23 24 21 20 16 15 9 10 11 12 14 13 2 0 1 3 5 4 8
1068
16 17 19 18 15 7 6 4 3 5 8 9 2 1 0 13 14 10 12 11 20 21 24 23 22 25
1049
24 21 20 16 11 12 10 14 13 2 0 1 3 5 4 9 8 6 7 15 18 19 17 25 22 23
1052
24 21 20 16 11 12 10 14 0 1 2 13 9 8 4 5 3 6 7 15 18 19 17 25 22 23
1037
15 18 19 17 16 20 25 22 23 24 21 11 12 10 14 13 0 1 2 9 8 4 3 5 6 7
1056
1 0 2 14 11 12 10 13 9 8 15 18 16 20 21 24 23 22 25 17 19 7 6 4 5 3
1046
7 6 4 3 5 8 18 19 17 16 25 22 23 24 21 20 15 10 11 12 14 0 1 2 13 9
1093
16 20 21 24 23 22 25 17 19 18 15 7 6 5 3 4 8 9 13 2 1 0 14 10 12 11
1032
2 13 9 8 5 3 4 6 7 15 18 19 17 16 25 22 23 24 21 20 12 11 10 14 0 1
1043
24 23 22 21 25 17 19 18 15 7 6 4 5 3 8 9 13 2 1 0 14 10 12 11 16 20
1044
4 6 7 19 18 17 25 22 23 24 21 20 16 15 8 9 13 10 11 12 14 0 2 1 5 3
1062
18 19 17 16 25 22 23 24 21 20 11 12 10 14 0 1 2 13 9 8 4 5 3 6 7 15
1028
24 23 22 25 17 19 18 15 7 6 5 3 4 8 9 13 2 1 0 14 10 12 11 16 20 21
1032
20 16 11 12 10 14 0 1 2 13 9 8 4 3 5 6 7 15 18 19 17 25 22 23 24 21
1032
7 19 18 17 16 25 22 23 24 21 20 15 9 13 2 1 0 14 12 11 10 8 4 3 5 6
1090
19 17 25 22 23 24 21 20 16 11 12 10 14 13 9 8 2 0 1 5 3 4 6 7 15 18
1047
11 12 14 13 2 0 1 3 5 4 9 8 6 7 15 18 19 17 16 20 25 22 23 24 21 10
1062
24 23 22 21 25 17 19 18 15 7 6 5 3 4 8 9 13 2 1 0 14 10 12 11 16 20
1040
22 25 17 19 18 15 7 6 3 5 4 8 9 0 1 2 13 14 12 11 10 16 20 21 24 23
1062
1 0 14 13 11 12 10 9 8 15 16 20 21 24 23 22 25 17 18 19 7 6 5 4 3 2
1023
21 24 23 22 25 17 19 18 15 7 6 4 5 3 1 0 2 8 9 13 14 10 12 11 16 20
1034
12 11 14 13 9 8 2 0 1 4 5 3 6 7 19 18 17 25 22 23 24 21 20 16 15 10
1078
25 17 19 18 15 7 6 8 9 4 5 3 1 0 2 13 14 10 12 11 16 20 21 24 23 22
1052
15 18 19 17 16 20 25 22 23 24 21 11 12 10 14 0 1 2 13 9 8 4 3 5 6 7
1034
0 14 11 10 12 9 21 24 23 22 25 20 16 17 19 18 15 8 13 2 6 7 4 5 3 1
1112
24 23 22 25 17 19 18 15 7 6 5 3 4 8 9 13 2 1 0 14 10 12 11 16 20 21
1032
4 1 2 0 14 13 11 12 10 9 20 21 24 23 22 25 16 17 19 18 15 8 7 6 5 3
1048
8 9 10 12 11 14 13 2 0 1 3 4 5 6 7 18 19 17 16 20 21 24 23 22 25 15
1044
7 18 19 17 25 22 23 24 21 20 16 15 8 9 10 11 12 14 13 2 0 1 3 4 5 6
1022
10 15 18 16 20 21 24 23 22 25 17 19 7 6 4 3 5 8 9 0 1 2 13 14 11 12
1087
14 13 2 0 1 3 5 4 6 7 19 17 25 22 23 24 21 20 16 18 15 8 9 10 12 11
1029
12 14 13 2 1 0 9 8 4 5 3 6 7 15 19 18 17 16 25 22 23 24 21 20 10 11
1078
13 0 1 2 9 8 5 3 4 6 7 18 19 17 16 20 21 24 23 22 25 15 10 11 12 14
1092
20 16 11 12 10 14 0 1 2 13 9 8 4 5 3 6 7 15 18 19 17 25 22 23 24 21
1037
5 1 0 2 14 13 12 11 10 9 15 18 19 17 16 20 21 24 23 22 25 8 7 6 4 3
1067
0 11 12 10 20 21 24 23 22 25 16 17 19 18 15 7 6 8 9 13 14 2 4 5 3 1
1027
14 12 11 10 9 8 15 20 21 24 23 22 25 16 17 18 19 7 6 4 5 3 1 0 2 13
1046
14 11 12 10 9 8 15 18 16 20 21 24 23 22 25 17 19 7 6 5 4 3 1 0 2 13
1033
19 18 15 7 6 3 5 4 8 9 13 2 1 0 14 10 12 11 16 20 21 24 23 22 25 17
1037
5 3 4 1 0 2 14 13 12 11 10 9 20 21 24 23 22 25 16 17 19 18 15 8 7 6
1042
16 11 12 10 14 0 1 2 13 9 8 4 5 3 6 7 15 18 19 17 25 22 23 24 21 20
1037
5 3 4 1 0 2 14 13 12 11 10 9 15 20 21 24 23 22 25 16 17 19 18 8 7 6
1066
3 4 1 2 0 14 10 11 12 13 9 15 18 19 17 16 25 22 23 24 21 20 8 7 6 5
1077
13 9 8 4 3 5 6 7 19 17 25 22 23 24 21 20 16 18 15 10 12 11 14 0 1 2
1055
24 21 20 16 11 12 10 14 13 2 1 0 9 8 4 5 3 6 7 15 18 19 17 25 22 23
1065
4 6 7 18 19 17 25 22 23 24 21 20 16 15 8 9 13 11 12 10 14 2 0 1 5 3
1056
9 8 15 25 22 23 24 21 20 16 17 19 18 7 6 5 3 4 1 0 2 13 14 12 11 10
1055
15 7 6 5 3 4 8 9 2 1 0 13 14 10 12 11 24 21 23 22 25 20 16 17 19 18
1082
18 15 7 6 4 5 3 8 9 13 2 1 0 14 10 12 11 16 20 21 24 23 22 25 17 19
1036
12 14 13 2 0 1 3 4 5 6 7 19 18 17 16 25 22 23 24 21 20 15 8 9 10 11
1050
15 7 6 3 5 4 8 9 13 2 1 0 14 10 12 11 20 21 24 23 22 25 16 17 19 18
1028
21 24 23 22 25 17 19 18 15 7 6 8 9 4 5 3 1 0 2 13 14 10 12 11 16 20
1052
7 6 5 3 4 1 0 2 13 14 12 11 10 9 8 15 18 16 20 21 24 23 22 25 17 19
1044
23 25 17 19 18 15 7 6 4 3 5 1 0 2 8 9 13 14 10 12 11 16 20 21 24 22
1067
18 19 17 16 25 22 23 24 21 20 11 12 10 14 13 2 0 1 3 5 4 9 8 6 7 15
1043
14 12 11 10 21 24 23 22 25 20 16 17 18 19 15 7 6 4 3 5 8 9 13 2 1 0
1063
3 5 6 7 8 15 18 19 17 16 20 21 24 23 22 25 9 13 10 11 12 14 2 0 1 4
1069
2 1 4 3 5 6 7 8 15 18 19 17 16 25 22 23 24 21 20 9 10 11 12 13 14 0
1044
16 20 21 24 23 22 25 17 19 18 15 7 6 8 9 4 5 3 1 0 2 13 14 10 12 11
1052
6 4 5 3 1 0 2 13 14 12 11 10 9 8 15 16 20 21 24 23 22 25 17 18 19 7
1030
4 3 5 1 2 0 14 13 11 12 10 9 21 24 23 22 25 20 16 17 18 19 15 8 7 6
1078
25 22 23 24 21 20 16 11 12 10 14 0 1 2 13 9 8 3 5 4 6 7 15 18 19 17
1036
23 22 25 17 19 18 15 7 6 4 5 3 1 0 2 8 9 13 14 10 12 11 16 20 21 24
1034
15 18 19 17 25 22 23 24 21 20 16 11 12 10 14 0 1 2 13 9 8 4 5 3 6 7
1037
8 5 3 4 6 7 25 22 23 24 21 20 16 17 19 18 15 10 11 12 14 0 1 2 13 9
1079
10 15 25 22 23 24 21 20 16 17 19 18 7 6 3 5 4 8 9 13 2 1 0 14 11 12
1071
4 3 5 6 7 18 19 17 25 22 23 24 21 20 16 15 8 9 13 10 11 12 14 2 0 1
1050
25 22 23 24 21 20 16 11 12 10 14 13 9 8 2 0 1 4 3 5 6 7 15 18 19 17
1049
8 7 6 5 3 4 1 0 2 13 14 11 12 10 9 20 21 24 23 22 25 16 17 18 19 15
1055
5 1 0 2 14 13 11 12 10 9 18 19 17 25 22 23 24 21 20 16 15 8 7 6 4 3
1052
15 18 19 17 25 22 23 24 21 20 16 11 12 10 14 13 2 0 1 3 5 4 9 8 6 7
1052
11 10 9 15 16 20 21 24 23 22 25 17 19 18 8 7 6 5 3 4 1 0 2 13 14 12
1046
0 11 12 10 21 24 23 22 25 20 16 17 18 19 15 8 9 13 14 2 6 7 4 5 3 1
1085
19 17 25 22 23 24 21 20 16 11 12 10 14 0 1 2 13 9 8 5 3 4 6 7 15 18
1036
23 24 25 17 19 18 15 7 6 4 5 3 8 9 0 1 2 13 14 12 11 10 16 20 21 22
1078
