0 11 6 7 5 2 8 4 15 3 10 19 20 1 14 13 12 9 17 16 18
3154
13 12 17 9 19 16 18 15 2 8 4 5 7 6 11 0 3 10 14 20 1
3499
14 1 20 10 3 11 6 7 5 15 2 8 4 0 18 16 19 9 17 12 13
3238
12 9 17 19 10 3 0 6 7 5 15 2 8 4 11 18 16 20 1 14 13
3374
2 5 7 6 11 10 20 1 14 13 12 17 9 16 18 19 3 0 15 4 8
3204
17 12 13 14 1 20 19 10 3 11 4 8 2 15 5 7 6 0 18 16 9
3040
8 4 0 11 18 16 17 9 12 13 14 1 20 19 10 3 6 7 5 15 2
3259
1 14 13 12 17 9 16 18 0 15 2 8 4 5 7 6 11 3 10 19 20
3038
7 5 2 8 4 15 0 3 10 19 20 1 14 13 12 9 17 16 18 11 6
3207
15 4 8 2 5 7 6 11 0 18 16 9 17 12 13 14 1 20 19 10 3
3009
1 14 13 12 17 9 16 18 0 11 6 7 5 2 8 4 15 3 10 19 20
3009
13 12 17 9 19 10 3 0 6 7 5 15 2 8 4 11 18 16 14 20 1
3428
17 9 16 18 10 11 0 2 8 4 15 5 7 6 3 19 20 1 14 13 12
3091
4 8 2 5 7 6 11 0 18 16 17 9 12 13 14 1 20 19 10 3 15
3154
17 9 16 18 10 11 0 2 8 4 15 5 7 6 3 19 20 1 14 13 12
3091
6 7 5 15 2 8 4 11 10 18 16 9 17 12 13 14 1 20 19 3 0
3126
0 15 4 8 2 5 7 6 3 10 19 20 1 14 13 12 9 17 16 18 11
3214
0 6 7 5 4 8 2 15 11 3 10 19 20 1 14 13 12 9 17 16 18
3185
3 0 6 7 5 15 4 8 2 11 10 19 20 1 14 13 12 17 9 16 18
3081
6 0 18 16 17 9 12 13 14 1 20 19 10 3 11 2 8 4 15 5 7
3145
9 17 12 13 14 1 20 19 10 3 11 6 7 5 15 4 8 2 0 18 16
2998
16 17 9 12 13 14 1 20 19 10 3 15 2 8 4 5 7 6 11 0 18
3194
12 9 17 16 18 10 3 11 6 7 5 4 8 2 15 0 19 20 1 14 13
3278
9 17 12 13 14 1 20 19 3 0 6 7 5 4 8 2 15 11 10 18 16
3126
6 7 5 4 8 2 15 0 11 18 16 9 17 12 13 14 1 20 19 10 3
3109
19 20 1 14 13 12 17 9 16 18 3 0 15 4 8 2 5 7 6 11 10
3079
20 19 10 3 6 7 5 15 4 8 2 11 0 18 16 9 17 12 13 14 1
3009
2 5 7 6 0 3 19 18 16 17 9 12 13 14 1 20 10 11 15 4 8
3351
9 17 12 13 14 1 20 19 10 3 11 6 7 5 2 8 4 15 0 18 16
2998
14 1 20 19 3 0 4 8 2 15 5 7 6 11 10 18 16 9 17 12 13
3129
12 9 17 16 11 5 7 6 0 3 18 10 19 20 15 4 1 14 8 13 2
5545
2 8 4 15 0 11 10 20 1 14 13 12 9 17 16 18 19 3 6 7 5
3356
10 3 15 4 8 2 5 7 6 11 0 18 16 9 17 12 13 14 1 20 19
3009
3 2 8 4 15 5 7 6 11 0 18 16 9 17 12 13 14 1 20 19 10
3009
6 3 18 16 9 17 12 13 14 1 20 19 10 11 0 4 8 2 15 5 7
3131
20 19 3 0 4 8 2 15 5 7 6 11 10 18 16 9 17 12 13 14 1
3129
6 7 5 15 2 8 4 11 0 18 16 17 9 12 13 14 1 20 19 10 3
3194
15 0 3 18 16 17 9 12 13 14 1 20 19 10 11 6 7 5 4 8 2
3264
12 13 14 1 20 10 11 0 6 7 5 15 2 8 4 3 18 16 19 9 17
3323
16 18 0 11 6 7 5 15 4 8 2 3 10 19 20 1 14 13 12 9 17
3154
15 5 7 6 0 11 10 18 16 9 17 12 13 14 1 20 19 3 4 8 2
3133
2 8 4 15 11 0 18 16 17 9 12 13 14 1 20 19 10 3 6 7 5
3154
2 8 4 15 18 16 17 9 12 13 14 1 20 19 10 3 0 11 6 7 5
3215
5 7 6 0 3 18 16 9 17 12 13 14 1 20 19 10 11 15 2 8 4
3121
16 18 0 11 6 7 5 15 4 8 2 3 10 19 20 1 14 13 12 17 9
3009
0 11 6 7 5 4 8 2 15 3 10 19 20 1 14 13 12 17 9 16 18
3049
8 2 15 0 18 16 9 17 12 13 14 1 20 19 10 3 11 6 7 5 4
3038
4 15 18 16 9 17 12 13 14 1 20 19 10 3 0 11 6 7 5 2 8
3070
8 2 11 10 20 1 14 13 12 17 9 16 18 19 3 0 6 7 5 15 4
3206
18 0 15 2 8 4 5 7 6 11 3 10 19 20 1 14 13 12 9 17 16
3183
12 13 14 1 20 10 3 11 0 15 4 8 2 5 7 6 18 16 19 17 9
3403
2 0 11 10 20 1 14 13 12 17 9 16 18 19 3 6 7 5 15 4 8
3211
4 15 3 10 19 20 1 14 13 12 17 9 16 18 0 11 6 7 5 2 8
3009
11 18 16 9 17 12 13 14 1 20 19 10 3 0 4 8 2 15 5 7 6
3107
8 2 5 7 6 3 10 19 20 1 14 13 12 9 17 16 18 11 0 15 4
3214
13 1 20 14 10 3 0 11 2 8 4 15 5 7 6 18 16 19 9 17 12
3461
18 0 11 6 7 5 4 8 2 15 3 10 19 20 1 14 13 12 17 9 16
3049
15 4 8 2 0 3 10 19 20 1 14 13 12 9 17 16 18 11 6 7 5
3207
15 5 7 6 3 10 19 20 1 14 13 12 9 17 16 18 0 11 4 8 2
3194
3 10 19 20 1 14 13 12 9 17 16 18 11 6 7 5 2 8 4 15 0
3207
7 5 2 8 4 15 3 10 19 20 1 14 13 12 17 9 16 18 0 11 6
3009
18 0 11 6 7 5 4 8 2 15 3 10 19 20 1 14 13 12 17 9 16
3049
7 5 15 4 8 2 11 0 18 16 17 9 12 13 14 1 20 19 10 3 6
3154
15 11 0 18 16 9 17 12 13 14 1 20 19 10 3 6 7 5 4 8 2
3049
11 10 19 20 1 14 13 12 17 9 16 18 3 6 7 5 15 4 8 2 0
3086
20 19 10 3 11 4 8 2 15 5 7 6 0 18 16 9 17 12 13 14 1
3040
13 1 20 14 19 10 3 6 7 5 2 8 4 15 11 0 18 16 9 17 12
3203
13 12 17 9 16 18 0 11 4 8 2 15 5 7 6 3 10 19 14 20 1
3243
9 17 12 13 14 1 20 10 11 6 7 5 2 8 4 15 0 3 18 16 19
3274
3 10 19 20 1 14 13 12 9 17 16 18 11 6 7 5 15 2 8 4 0
3252
5 4 8 2 15 3 10 19 20 1 14 13 12 17 9 16 18 0 11 6 7
3049
12 17 9 16 18 10 11 0 6 7 5 15 4 8 2 3 19 20 1 14 13
3093
6 7 5 2 8 4 15 3 18 16 9 17 12 13 14 1 20 19 10 11 0
3088
15 4 8 2 1 13 12 14 20 19 9 17 16 18 10 3 11 0 6 7 5
2992
20 1 14 13 12 17 9 16 18 0 6 7 5 15 4 8 2 11 3 10 19
3000
11 6 7 5 2 8 4 15 0 18 16 17 9 12 13 14 1 20 19 10 3
3143
19 10 20 1 14 13 12 9 17 16 18 0 11 6 7 5 15 2 8 4 3
3361
17 12 13 14 1 20 10 11 0 15 4 8 2 5 7 6 3 18 16 19 9
3281
6 11 0 18 16 9 17 12 13 14 1 20 19 10 3 15 2 8 4 5 7
3049
11 0 2 8 4 15 5 7 6 3 10 19 20 1 14 13 12 9 17 16 18
3214
5 15 2 8 4 0 11 10 20 1 14 13 12 17 9 16 18 19 3 6 7
3256
5 4 8 2 15 11 10 18 16 17 9 12 13 14 1 20 19 3 0 6 7
3271
7 6 11 0 18 16 17 9 12 13 14 1 20 19 10 3 15 2 8 4 5
3194
4 8 2 11 18 16 17 9 12 13 14 1 20 19 10 3 0 6 7 5 15
3209
16 18 0 2 8 4 15 5 7 6 11 3 10 19 20 1 14 13 12 17 9
2998
11 0 6 7 5 4 8 2 15 3 10 19 20 1 14 13 12 17 9 16 18
3111
17 12 13 14 1 20 19 10 3 11 4 8 2 15 5 7 6 0 18 16 9
3040
9 19 16 18 3 0 6 7 5 4 8 2 15 11 10 20 1 14 13 12 17
3316
2 1 14 20 13 12 17 9 19 18 16 10 3 11 0 6 7 5 15 4 8
2833
12 17 9 16 18 0 11 6 7 5 15 2 8 4 3 10 19 20 1 14 13
3049
19 18 16 17 9 12 13 14 1 20 10 11 0 15 4 8 2 5 7 6 3
3356
16 17 9 12 13 14 1 20 19 10 3 11 6 7 5 4 8 2 15 0 18
3183
18 0 2 8 4 15 5 7 6 11 3 10 19 20 1 14 13 12 17 9 16
2998
11 10 19 20 1 14 13 12 17 9 16 18 3 4 8 2 15 5 7 6 0
3128
17 9 16 18 10 3 11 0 15 4 8 2 5 7 6 19 20 1 14 13 12
3078
9 19 3 2 8 4 15 5 7 6 11 0 18 16 10 20 1 14 13 12 17
3251
8 4 11 0 18 16 9 17 12 13 14 1 20 19 10 3 6 7 5 15 2
3049
4 15 5 7 6 0 11 3 10 18 16 19 9 17 12 13 14 1 20 2 8
2898
11 0 18 16 9 17 12 13 14 1 20 19 10 3 6 7 5 15 4 8 2
3009
4 15 0 11 18 16 9 17 12 13 14 1 20 19 10 3 6 7 5 2 8
3069
15 4 8 2 0 11 18 16 9 17 12 13 14 1 20 19 10 3 6 7 5
3069
6 7 5 2 8 4 15 3 10 19 20 1 14 13 12 17 9 16 18 0 11
3009
15 4 8 2 5 7 6 3 10 19 20 1 14 13 12 17 9 16 18 0 11
3009
3 6 7 5 4 8 2 15 0 11 18 16 17 9 12 13 14 1 20 19 10
3254
15 0 3 18 16 9 17 12 13 14 1 20 19 10 11 6 7 5 2 8 4
3079
1 14 13 12 17 9 16 18 0 15 2 8 4 5 7 6 11 3 10 19 20
3038
6 7 5 4 8 2 15 0 11 10 18 16 9 17 12 13 14 1 20 19 3
3131
10 3 15 4 8 2 5 7 6 11 0 18 16 9 17 12 13 14 1 20 19
3009
8 4 5 7 6 11 0 3 10 19 20 1 14 13 12 9 17 16 18 15 2
3255
8 4 15 5 7 6 0 18 16 9 17 12 13 14 1 20 19 10 3 11 2
3000
8 2 11 10 19 20 1 14 13 12 9 17 16 18 3 0 6 7 5 15 4
3226
7 5 15 4 8 2 3 10 19 20 1 14 13 12 17 9 16 18 0 11 6
3009
5 7 6 0 11 10 19 20 1 14 13 12 9 17 16 18 3 2 8 4 15
3233
11 0 15 2 8 4 5 7 6 3 10 19 20 1 14 13 12 17 9 16 18
3109
10 19 20 1 14 13 12 17 9 16 18 11 2 8 4 15 5 7 6 0 3
3064
11 0 2 8 4 15 5 7 6 3 10 19 20 1 14 13 12 17 9 16 18
3069
20 1 14 13 12 17 9 19 10 11 0 6 7 5 15 4 8 2 3 18 16
3218
3 15 2 8 4 5 7 6 11 0 18 16 17 9 12 13 14 1 20 19 10
3194
0 15 4 8 2 5 7 6 11 18 16 17 9 12 13 14 1 20 19 10 3
3207
17 9 19 16 18 3 0 15 4 8 2 5 7 6 11 10 20 1 14 13 12
3274
4 15 11 0 18 16 9 17 12 13 14 1 20 19 10 3 6 7 5 2 8
3009
8 2 15 5 7 6 3 10 19 20 1 14 13 12 9 17 16 18 0 11 4
3194
8 2 15 5 7 6 3 10 19 20 1 14 13 12 17 9 16 18 0 11 4
3049
20 1 14 13 12 17 9 19 10 3 15 4 8 2 5 7 6 11 0 18 16
3139
12 13 14 1 20 19 10 3 4 8 2 15 5 7 6 11 18 0 16 17 9
3464
20 1 14 13 12 17 9 16 18 0 15 2 8 4 5 7 6 11 3 10 19
3038
17 12 13 14 1 20 19 10 3 6 7 5 2 8 4 15 11 0 18 16 9
3009
20 1 14 13 12 17 9 16 18 0 11 6 7 5 2 8 4 15 3 10 19
3009
12 9 17 16 18 0 3 15 4 8 2 5 7 6 11 10 19 20 1 14 13
3204
19 20 1 14 13 12 9 17 16 18 6 7 5 2 8 4 15 0 11 3 10
3213
18 16 9 17 12 13 14 1 20 19 10 3 4 8 2 15 5 7 6 11 0
3049
8 4 11 0 18 16 9 17 12 13 14 1 20 19 10 3 6 7 5 15 2
3049
7 5 15 2 8 4 3 10 19 20 1 14 13 12 17 9 16 18 0 11 6
3049
5 15 4 8 2 0 3 19 20 1 14 13 12 9 17 16 18 10 11 6 7
3229
6 0 11 18 16 9 17 12 13 14 1 20 19 10 3 2 8 4 15 5 7
3071
9 16 18 10 3 11 6 7 5 2 8 4 15 0 19 20 1 14 13 12 17
3093
14 1 20 2 8 4 15 6 7 5 11 0 3 10 16 18 19 9 17 12 13
3018
17 12 13 14 1 20 10 3 11 6 7 5 4 8 2 15 0 18 16 19 9
3233
0 18 16 9 17 12 13 14 1 20 19 10 3 15 4 8 2 5 7 6 11
3009
5 7 6 0 11 10 18 16 9 17 12 13 14 1 20 19 3 2 8 4 15
3093
17 9 16 18 10 3 11 6 7 5 15 2 8 4 0 19 20 1 14 13 12
3138
0 6 7 5 4 8 2 15 3 18 16 9 17 12 13 14 1 20 19 10 11
3128
16 18 0 11 15 2 8 4 5 7 6 3 10 19 20 1 14 13 12 9 17
3194
0 11 6 7 5 15 2 8 4 3 10 19 20 1 14 13 12 9 17 16 18
3194
9 17 12 13 14 1 20 16 18 11 15 2 8 4 5 7 6 0 3 10 19
3234
12 13 14 1 20 19 10 3 15 4 8 2 5 7 6 11 0 18 16 9 17
3009
19 20 1 14 13 12 9 17 16 18 0 2 8 4 15 5 7 6 11 3 10
3143
13 12 17 9 16 18 10 3 0 11 6 7 2 8 4 15 5 19 14 20 1
3303
18 16 9 17 12 13 14 1 20 19 10 3 11 6 7 5 4 8 2 15 0
3038
10 18 16 9 17 12 13 14 1 20 19 3 6 7 5 4 8 2 15 0 11
3131
7 6 3 10 19 20 1 14 13 12 9 17 16 18 0 11 15 2 8 4 5
3194
15 11 0 18 16 9 17 12 13 14 1 20 19 10 3 6 7 5 4 8 2
3049
13 1 20 14 19 10 3 11 6 7 5 15 2 8 4 0 18 16 9 17 12
3237
18 16 17 9 12 13 14 1 20 19 10 3 11 6 7 5 2 8 4 15 0
3143
19 3 6 7 5 2 8 4 15 0 11 10 20 1 14 13 12 17 9 16 18
3211
16 18 0 11 6 7 5 15 2 8 4 3 10 19 20 1 14 13 12 9 17
3194
4 3 10 19 20 1 14 13 12 9 17 16 18 0 11 6 7 5 15 2 8
3194
11 4 8 2 15 5 7 6 3 10 19 20 1 14 13 12 9 17 16 18 0
3194
6 7 5 2 8 4 15 11 3 10 19 20 1 14 13 12 9 17 16 18 0
3145
4 8 2 20 1 14 13 12 17 9 19 16 18 10 3 0 11 6 7 5 15
2900
10 18 16 17 9 12 13 14 1 20 19 3 0 4 8 2 15 5 7 6 11
3274
12 9 17 16 18 0 3 15 4 8 2 5 7 6 11 10 19 20 1 14 13
3204
2 11 3 10 19 20 1 14 13 12 9 17 16 18 0 6 7 5 15 4 8
3145
16 9 17 12 13 14 1 20 19 10 3 6 7 5 4 8 2 15 11 0 18
3049
8 4 15 5 7 6 0 3 18 16 9 17 12 13 14 1 20 19 10 11 2
3081
18 16 9 17 12 13 14 1 20 19 10 3 6 7 5 15 4 8 2 11 0
3009
1 14 13 12 17 9 16 18 0 6 7 5 2 8 4 15 11 3 10 19 20
3000
1 14 13 12 17 9 16 18 0 6 7 5 4 8 2 15 11 3 10 19 20
3040
20 19 10 3 11 6 7 5 2 8 4 15 0 18 16 9 17 12 13 14 1
2998
14 13 12 17 9 19 10 16 18 0 11 6 7 5 4 8 2 15 3 20 1
3291
2 8 4 15 5 7 6 11 0 3 10 18 16 17 9 19 20 14 12 13 1
2994
0 6 7 5 15 4 8 2 3 10 19 20 1 14 13 12 17 9 16 18 11
3071
7 6 3 10 19 20 1 14 13 12 17 9 16 18 11 0 15 2 8 4 5
3109
9 16 18 10 3 0 11 4 8 2 15 5 7 6 19 20 1 14 13 12 17
3122
5 2 8 4 15 11 0 18 16 9 17 12 13 14 1 20 19 10 3 6 7
3009
15 4 8 2 5 7 6 3 10 19 20 1 14 13 12 9 17 16 18 11 0
3214
18 0 4 8 2 15 5 7 6 11 3 10 19 20 1 14 13 12 9 17 16
3188
13 1 20 14 10 3 11 15 4 8 2 5 7 6 0 18 16 19 9 17 12
3389
13 12 17 9 16 18 0 4 8 2 15 5 7 6 11 3 10 19 14 20 1
3237
16 9 17 12 13 14 1 20 19 10 3 11 6 7 5 15 2 8 4 0 18
3043
7 6 3 10 19 20 1 14 13 12 9 17 16 18 0 11 4 8 2 15 5
3194
15 4 8 2 0 3 18 16 9 17 12 13 14 1 20 19 10 11 6 7 5
3079
9 17 12 13 14 1 20 19 3 0 15 4 8 2 5 7 6 11 10 18 16
3084
18 0 6 7 5 4 8 2 15 11 3 10 19 20 1 14 13 12 9 17 16
3185
4 8 2 15 3 10 19 20 1 14 13 12 17 9 16 18 0 11 6 7 5
3049
7 6 3 10 19 20 1 14 13 12 17 9 16 18 0 11 15 4 8 2 5
3009
14 1 20 19 2 8 4 15 5 7 6 11 0 3 10 18 16 9 17 12 13
2940
10 18 16 17 9 12 13 14 1 20 19 3 0 6 7 5 15 4 8 2 11
3231
14 13 12 17 9 19 10 11 6 7 5 15 2 8 4 0 3 18 16 20 1
3254
6 0 18 16 9 17 12 13 14 1 20 19 10 3 11 4 8 2 15 5 7
3040
12 17 9 19 16 18 3 0 15 2 8 4 5 7 6 11 10 20 1 14 13
3314
4 15 0 18 16 17 9 12 13 14 1 20 19 10 3 11 6 7 5 2 8
3143
19 18 16 9 17 12 13 14 1 20 10 11 2 8 4 15 5 7 6 0 3
3206
8 2 15 5 7 6 3 10 19 20 1 14 13 12 17 9 16 18 11 0 4
3114
13 1 20 14 19 10 3 6 7 5 15 4 8 2 11 0 18 16 9 17 12
3203
13 12 17 9 19 10 11 0 4 8 2 15 5 7 6 3 18 16 14 20 1
3455
0 18 16 17 9 12 13 14 1 20 19 10 3 6 7 5 2 8 4 15 11
3154
16 17 9 12 13 14 1 20 19 10 3 11 2 8 4 15 5 7 6 0 18
3145
4 0 3 18 16 9 17 12 13 14 1 20 19 10 11 6 7 5 15 2 8
3124
12 17 9 16 18 10 11 0 2 8 4 15 5 7 6 3 19 20 1 14 13
3091
3 18 16 9 17 12 13 14 1 20 19 10 11 2 8 4 15 5 7 6 0
3081
15 0 11 10 19 20 1 14 13 12 17 9 16 18 3 6 7 5 4 8 2
3126
0 15 2 8 4 5 7 6 11 3 10 19 20 1 14 13 12 9 17 16 18
3183
2 11 18 16 17 9 12 13 14 1 20 19 10 3 0 6 7 5 15 4 8
3209
17 12 13 14 1 20 19 10 3 11 15 4 8 2 5 7 6 0 18 16 9
3000
16 17 9 12 13 14 1 20 19 10 3 11 2 8 4 15 5 7 6 0 18
3145
12 17 9 16 18 0 6 7 5 2 8 4 15 11 3 10 19 20 1 14 13
3000
6 11 0 18 16 9 17 12 13 14 1 20 19 10 3 15 4 8 2 5 7
3009
13 1 20 14 3 2 8 4 15 5 7 6 0 11 10 16 18 19 9 17 12
3477
16 9 17 12 13 14 1 20 19 10 3 11 6 7 5 2 8 4 15 0 18
2998
19 3 6 7 5 2 8 4 15 11 0 18 16 17 9 12 13 14 1 20 10
3321
8 2 15 5 7 6 0 18 16 9 17 12 13 14 1 20 19 10 3 11 4
3040
11 18 16 17 9 12 13 14 1 20 19 10 3 6 7 5 2 8 4 15 0
3214
2 8 4 15 5 7 6 0 11 3 10 16 18 19 9 17 12 13 20 14 1
2833
16 18 0 15 4 8 2 5 7 6 11 3 10 19 20 1 14 13 12 17 9
2998
13 12 17 9 19 10 16 18 0 11 15 2 8 4 5 7 6 3 14 20 1
3480
20 1 14 13 12 17 9 19 16 18 6 7 5 15 2 8 4 0 11 3 10
3308
5 2 8 4 15 0 11 18 16 17 9 12 13 14 1 20 19 10 3 6 7
3214
7 5 2 8 4 15 0 11 10 19 20 1 14 13 12 17 9 16 18 3 6
3086
12 13 14 1 20 10 3 0 11 6 7 5 15 4 8 2 18 16 19 17 9
3410
13 1 20 14 10 3 0 11 15 2 8 4 5 7 6 18 16 19 9 17 12
3501
15 0 11 10 19 20 1 14 13 12 9 17 16 18 3 6 7 5 2 8 4
3231
17 9 16 18 0 6 7 5 4 8 2 15 11 3 10 19 20 1 14 13 12
3040
10 19 20 1 14 13 12 17 9 16 18 11 15 4 8 2 5 7 6 0 3
3064
10 19 20 1 14 13 12 9 17 16 18 3 0 4 8 2 15 5 7 6 11
3269
14 1 20 19 6 7 5 15 2 8 4 0 11 3 10 18 16 9 17 12 13
3123
14 1 20 10 16 18 0 11 4 8 2 15 5 7 6 3 19 9 17 12 13
3291
2 0 11 18 16 9 17 12 13 14 1 20 19 10 3 6 7 5 15 4 8
3069
14 13 12 17 9 19 18 16 10 3 11 0 6 7 5 15 4 8 2 20 1
2898
4 8 2 15 5 7 6 11 3 10 19 20 1 14 13 12 17 9 16 18 0
3043
5 2 8 4 15 3 10 19 20 1 14 13 12 17 9 16 18 0 11 6 7
3009
15 2 8 4 5 7 6 3 19 20 1 14 13 12 17 9 16 18 10 11 0
3131
11 10 20 1 14 13 12 9 17 16 18 19 3 2 8 4 15 5 7 6 0
3358
0 11 10 20 1 14 13 12 9 17 16 18 19 3 6 7 5 4 8 2 15
3396
20 1 14 13 12 17 9 16 18 10 11 0 6 7 5 4 8 2 15 3 19
3133
3 10 19 20 1 14 13 12 17 9 16 18 0 11 6 7 5 2 8 4 15
3009
2 8 4 15 5 7 6 3 10 19 20 1 14 13 12 9 17 16 18 0 11
3154
6 3 10 19 20 1 14 13 12 9 17 16 18 0 11 15 4 8 2 5 7
3154
13 1 20 14 10 11 0 2 8 4 15 5 7 6 3 18 16 19 9 17 12
3475
14 13 12 17 9 16 18 0 11 6 7 5 2 8 4 15 3 10 19 20 1
3009
6 0 18 16 17 9 12 13 14 1 20 19 10 3 11 15 4 8 2 5 7
3145
16 18 0 11 2 8 4 15 5 7 6 3 10 19 20 1 14 13 12 9 17
3154
1 14 13 12 17 9 16 18 10 3 11 0 2 8 4 15 5 7 6 19 20
3078
4 8 2 15 0 3 19 20 1 14 13 12 9 17 16 18 10 11 6 7 5
3269
15 20 1 14 13 12 17 9 19 16 18 10 3 0 11 6 7 5 2 8 4
3155
5 7 6 11 10 19 20 1 14 13 12 17 9 16 18 3 0 15 2 8 4
3119
17 9 16 18 10 3 11 6 7 5 2 8 4 15 0 19 20 1 14 13 12
3093
8 4 15 5 7 6 11 18 16 9 17 12 13 14 1 20 19 10 3 0 2
3062
17 9 19 10 3 6 7 5 4 8 2 15 0 11 18 16 20 1 14 13 12
3239
4 8 2 5 7 6 11 18 16 9 17 12 13 14 1 20 19 10 3 0 15
3062
3 11 6 7 5 15 2 8 4 0 18 16 17 9 12 13 14 1 20 19 10
3188
14 1 20 19 6 7 5 4 8 2 15 0 11 3 10 18 16 9 17 12 13
3118
10 3 4 8 2 15 5 7 6 11 0 18 16 17 9 12 13 14 1 20 19
3194
14 13 12 17 9 19 16 18 3 0 6 7 5 15 4 8 2 11 10 20 1
3276
7 6 3 10 19 20 1 14 13 12 9 17 16 18 0 11 4 8 2 15 5
3194
18 16 9 17 12 13 14 1 20 19 10 3 4 8 2 15 5 7 6 11 0
3049
17 9 19 18 16 10 3 0 11 6 7 5 15 4 8 2 20 1 14 13 12
2900
9 17 12 13 14 1 20 2 8 4 15 5 7 6 0 11 3 10 16 18 19
2898
14 1 20 19 10 3 11 15 4 8 2 5 7 6 0 18 16 9 17 12 13
3000
5 15 4 8 2 11 0 18 16 9 17 12 13 14 1 20 19 10 3 6 7
3009
18 0 11 6 7 5 2 8 4 15 3 10 19 20 1 14 13 12 9 17 16
3154
5 7 6 3 10 19 20 1 14 13 12 9 17 16 18 0 11 15 4 8 2
3154
9 19 10 11 0 6 7 5 2 8 4 15 3 18 16 20 1 14 13 12 17
3218
0 4 8 2 15 5 7 6 11 18 16 9 17 12 13 14 1 20 19 10 3
3107
16 18 0 4 8 2 15 5 7 6 11 3 10 19 20 1 14 13 12 9 17
3188
18 0 11 2 8 4 15 5 7 6 3 10 19 20 1 14 13 12 17 9 16
3009
14 13 12 17 9 16 18 10 0 11 15 2 8 4 5 7 6 3 19 20 1
3136
3 10 19 20 1 14 13 12 9 17 16 18 0 11 2 8 4 15 5 7 6
3154
0 18 16 9 17 12 13 14 1 20 19 10 3 4 8 2 15 5 7 6 11
3049
14 1 20 10 3 11 0 6 7 5 15 2 8 4 18 16 19 9 17 12 13
3308
10 3 15 2 8 4 5 7 6 0 11 18 16 9 17 12 13 14 1 20 19
3111
18 16 17 9 12 13 14 1 20 19 10 3 2 8 4 15 5 7 6 11 0
3154
20 1 14 13 12 17 9 19 16 18 3 0 4 8 2 15 5 7 6 11 10
3319
18 0 11 15 4 8 2 5 7 6 3 10 19 20 1 14 13 12 9 17 16
3154
8 4 11 3 10 19 20 1 14 13 12 17 9 16 18 0 6 7 5 15 2
3040
0 18 16 17 9 12 13 14 1 20 19 10 3 2 8 4 15 5 7 6 11
3154
0 6 7 5 15 2 8 4 3 19 18 16 17 9 12 13 14 1 20 10 11
3398
10 11 15 4 8 2 5 7 6 0 3 18 16 9 17 12 13 14 1 20 19
3081
5 7 6 0 11 10 20 1 14 13 12 9 17 16 18 19 3 2 8 4 15
3358
16 18 0 6 7 5 4 8 2 15 11 3 10 19 20 1 14 13 12 9 17
3185
17 9 16 18 10 3 11 6 7 5 15 4 8 2 0 19 20 1 14 13 12
3093
0 11 6 7 5 15 2 8 4 3 10 19 20 1 14 13 12 17 9 16 18
3049
5 4 8 2 15 3 10 19 20 1 14 13 12 17 9 16 18 0 11 6 7
3049
12 13 14 1 20 19 3 15 2 8 4 5 7 6 0 11 10 18 16 9 17
3133
14 1 20 19 3 0 6 7 5 2 8 4 15 11 10 18 16 9 17 12 13
3086
4 15 3 10 19 20 1 14 13 12 9 17 16 18 11 0 6 7 5 2 8
3216
12 17 9 19 16 18 6 7 5 2 8 4 15 0 11 3 10 20 1 14 13
3263
2 5 7 6 3 10 19 20 1 14 13 12 17 9 16 18 0 11 15 4 8
3009
20 1 14 13 12 17 9 19 16 18 6 7 5 2 8 4 15 11 0 3 10
3267
16 18 0 11 6 7 5 4 8 2 15 3 10 19 20 1 14 13 12 17 9
3049
3 0 15 2 8 4 5 7 6 11 18 16 17 9 12 13 14 1 20 19 10
3247
19 20 1 14 13 12 9 17 16 18 15 2 8 4 5 7 6 11 0 3 10
3255
3 18 16 17 9 12 13 14 1 20 19 10 11 15 2 8 4 5 7 6 0
3266
4 8 2 15 5 7 6 3 10 19 20 1 14 13 12 17 9 16 18 0 11
3049
11 18 16 9 17 12 13 14 1 20 19 10 3 2 8 4 15 5 7 6 0
3071
14 1 20 19 10 3 6 7 5 2 8 4 15 11 0 18 16 9 17 12 13
3009
9 19 16 18 15 2 8 4 5 7 6 0 11 3 10 20 1 14 13 12 17
3303
16 18 0 11 15 4 8 2 5 7 6 3 10 19 20 1 14 13 12 9 17
3154
11 6 7 5 15 4 8 2 0 3 10 19 20 1 14 13 12 17 9 16 18
3062
1 20 19 6 7 5 4 8 2 15 0 11 3 10 18 16 9 17 12 13 14
3118
16 18 0 11 6 7 5 4 8 2 15 3 10 19 20 1 14 13 12 17 9
3049
0 6 7 5 4 8 2 15 11 18 16 17 9 12 13 14 1 20 19 10 3
3249
18 0 11 4 8 2 15 5 7 6 3 10 19 20 1 14 13 12 9 17 16
3194
6 0 3 18 16 9 17 12 13 14 1 20 19 10 11 15 4 8 2 5 7
3081
7 6 3 18 16 17 9 12 13 14 1 20 19 10 11 0 15 4 8 2 5
3231
1 20 10 3 11 15 4 8 2 5 7 6 0 18 16 19 9 17 12 13 14
3195
0 6 7 5 15 2 8 4 3 10 19 20 1 14 13 12 9 17 16 18 11
3256
16 17 9 12 13 14 1 20 19 10 3 11 6 7 5 2 8 4 15 0 18
3143
18 16 9 17 12 13 14 1 20 19 10 3 6 7 5 15 4 8 2 11 0
3009
20 19 10 3 6 7 5 15 2 8 4 11 0 18 16 9 17 12 13 14 1
3049
14 13 12 17 9 16 18 10 11 0 6 7 5 4 8 2 15 3 19 20 1
3133
15 5 7 6 0 3 18 16 17 9 12 13 14 1 20 19 10 11 4 8 2
3266
9 17 12 13 14 1 20 10 3 11 0 4 8 2 15 5 7 6 18 16 19
3308
4 8 2 15 10 19 20 1 14 13 12 17 9 16 18 3 0 11 6 7 5
3142
8 4 3 10 19 20 1 14 13 12 9 17 16 18 0 11 6 7 5 15 2
3194
9 17 12 13 14 1 20 10 11 2 8 4 15 5 7 6 0 3 18 16 19
3276
0 11 10 18 16 9 17 12 13 14 1 20 19 3 6 7 5 15 4 8 2
3091
6 7 5 15 2 8 4 3 10 19 20 1 14 13 12 9 17 16 18 0 11
3194
14 13 12 17 9 16 18 0 6 7 5 15 2 8 4 11 3 10 19 20 1
3040
15 18 16 17 9 12 13 14 1 20 19 10 3 0 11 6 7 5 4 8 2
3255
17 9 16 18 10 11 4 8 2 15 5 7 6 0 3 19 20 1 14 13 12
3126
9 19 16 18 3 0 15 4 8 2 5 7 6 11 10 20 1 14 13 12 17
3274
5 15 2 8 4 0 11 18 16 9 17 12 13 14 1 20 19 10 3 6 7
3114
9 17 12 13 14 1 20 19 10 3 15 2 8 4 5 7 6 11 0 18 16
3049
14 1 20 19 5 2 8 4 15 7 6 11 0 3 10 18 16 9 17 12 13
3104
3 10 19 20 1 14 13 12 9 17 16 18 0 11 6 7 5 15 4 8 2
3154
5 2 8 4 15 3 10 19 20 1 14 13 12 17 9 16 18 0 11 6 7
3009
16 9 17 12 13 14 1 20 19 10 3 15 2 8 4 5 7 6 11 0 18
3049
14 1 20 19 3 6 7 5 2 8 4 15 11 0 10 18 16 9 17 12 13
3096
9 16 18 0 11 15 2 8 4 5 7 6 3 10 19 20 1 14 13 12 17
3049
14 1 20 19 10 3 15 4 8 2 5 7 6 11 0 18 16 9 17 12 13
3009
17 12 13 14 1 20 19 10 3 6 7 5 4 8 2 15 11 0 18 16 9
3049
18 0 11 4 8 2 15 5 7 6 3 10 19 20 1 14 13 12 9 17 16
3194
11 3 10 19 20 1 14 13 12 17 9 16 18 0 15 4 8 2 5 7 6
2998
9 19 10 3 0 4 8 2 15 5 7 6 11 18 16 20 1 14 13 12 17
3237
1 20 19 10 3 15 2 8 4 5 7 6 11 0 18 16 9 17 12 13 14
3049
7 5 2 8 4 15 0 11 18 16 17 9 12 13 14 1 20 19 10 3 6
3214
1 14 13 12 17 9 16 18 10 3 11 0 4 8 2 15 5 7 6 19 20
3123
19 20 1 14 13 12 17 9 16 18 3 0 6 7 5 4 8 2 15 11 10
3121
9 17 12 13 14 1 20 19 10 3 11 6 7 5 2 8 4 15 0 18 16
2998
1 20 19 10 3 6 7 5 2 8 4 15 11 0 18 16 9 17 12 13 14
3009
5 7 6 0 18 16 17 9 12 13 14 1 20 19 10 3 11 2 8 4 15
3145
4 8 2 15 11 0 18 16 9 17 12 13 14 1 20 19 10 3 6 7 5
3049
14 1 20 19 3 15 4 8 2 5 7 6 0 11 10 18 16 9 17 12 13
3093
10 20 1 14 13 12 17 9 16 18 19 3 0 15 2 8 4 5 7 6 11
3244
17 9 16 18 10 3 11 0 6 7 15 2 8 4 5 19 20 1 14 13 12
3142
10 3 15 2 8 4 5 7 6 11 0 18 16 9 17 12 13 14 1 20 19
3049
5 2 8 4 15 11 0 18 16 9 17 12 13 14 1 20 19 10 3 6 7
3009
3 10 19 20 1 14 13 12 17 9 16 18 11 0 2 8 4 15 5 7 6
3069
6 3 10 19 20 1 14 13 12 17 9 16 18 0 11 15 4 8 2 5 7
3009
16 9 17 12 13 14 1 20 19 10 3 4 8 2 15 5 7 6 11 0 18
3049
2 1 12 13 14 20 19 17 9 16 18 10 3 0 11 6 7 5 15 4 8
2989
6 0 18 16 9 17 12 13 14 1 20 19 10 3 11 2 8 4 15 5 7
3000
19 10 3 11 0 15 4 8 2 5 7 6 18 16 17 9 12 13 14 1 20
3213
20 16 18 3 0 15 2 8 4 5 7 6 11 10 19 9 17 12 13 14 1
3249
9 19 16 18 6 7 5 4 8 2 15 0 11 3 10 20 1 14 13 12 17
3303
5 7 6 3 10 19 20 1 14 13 12 17 9 16 18 0 11 2 8 4 15
3009
13 12 17 9 16 18 10 0 11 2 8 4 15 5 7 6 3 19 14 20 1
3290
12 13 14 1 20 19 10 3 6 7 5 4 8 2 15 11 0 18 16 9 17
3049
20 10 16 18 0 11 6 7 5 15 4 8 2 3 19 9 17 12 13 14 1
3251
17 9 16 18 10 11 6 7 5 4 8 2 15 0 3 19 20 1 14 13 12
3124
1 14 13 12 17 9 16 18 10 11 0 6 7 5 15 2 8 4 3 19 20
3133
2 0 11 18 16 17 9 12 13 14 1 20 19 10 3 6 7 5 15 4 8
3214
1 20 10 16 18 0 11 4 8 2 15 5 7 6 3 19 9 17 12 13 14
3291
11 15 4 8 2 5 7 6 0 3 18 16 9 17 12 13 14 1 20 19 10
3081
9 16 18 10 3 11 4 8 2 15 5 7 6 0 19 20 1 14 13 12 17
3135
3 11 15 4 8 2 5 7 6 0 18 16 9 17 12 13 14 1 20 19 10
3000
15 5 7 6 0 18 16 9 17 12 13 14 1 20 19 10 3 11 4 8 2
3040
0 11 18 16 9 17 12 13 14 1 20 19 10 3 4 8 2 15 5 7 6
3111
15 2 8 4 5 7 6 3 10 19 20 1 14 13 12 9 17 16 18 11 0
3254
4 8 2 15 5 7 6 3 10 19 20 1 14 13 12 9 17 16 18 0 11
3194
9 17 12 13 14 1 20 10 11 0 6 7 5 4 8 2 15 3 18 16 19
3323
15 4 8 2 3 18 16 9 17 12 13 14 1 20 19 10 11 0 6 7 5
3088
2 8 4 15 5 7 6 11 0 3 10 16 18 19 9 17 12 13 20 14 1
2835
20 10 11 0 6 7 5 15 4 8 2 3 18 16 19 9 17 12 13 14 1
3283
4 15 11 3 10 19 20 1 14 13 12 17 9 16 18 0 6 7 5 2 8
3000
18 16 17 9 12 13 14 1 20 19 10 3 11 15 4 8 2 5 7 6 0
3145
3 15 2 8 4 5 7 6 0 11 10 20 1 14 13 12 9 17 16 18 19
3398
12 13 14 1 20 10 11 0 6 7 5 15 4 8 2 3 18 16 19 9 17
3283
19 10 3 11 0 4 8 2 15 5 7 6 18 16 9 17 12 13 14 1 20
3113
18 0 11 6 7 5 15 2 8 4 3 10 19 20 1 14 13 12 17 9 16
3049
19 20 1 14 13 12 17 9 16 18 15 2 8 4 5 7 6 11 0 3 10
3110
12 13 14 1 20 19 10 11 6 7 5 2 8 4 15 0 3 18 16 17 9
3224
11 6 7 5 4 8 2 15 3 10 19 20 1 14 13 12 9 17 16 18 0
3194
16 18 0 6 7 5 2 8 4 15 11 3 10 19 20 1 14 13 12 9 17
3145
3 18 16 9 17 12 13 14 1 20 19 10 11 0 15 2 8 4 5 7 6
3126
12 13 14 1 20 3 2 8 4 15 5 7 6 0 11 10 18 16 19 17 9
3428
10 19 20 1 14 13 12 17 9 16 18 11 0 4 8 2 15 5 7 6 3
3114
6 0 11 18 16 17 9 12 13 14 1 20 19 10 3 4 8 2 15 5 7
3256
1 20 19 10 3 11 2 8 4 15 5 7 6 0 18 16 9 17 12 13 14
3000
3 6 7 5 2 8 4 15 0 11 18 16 17 9 12 13 14 1 20 19 10
3214
2 5 7 6 11 10 18 16 17 9 12 13 14 1 20 19 3 0 15 4 8
3229
14 1 20 10 16 18 0 11 15 4 8 2 5 7 6 3 19 9 17 12 13
3251
2 11 3 10 19 20 1 14 13 12 9 17 16 18 0 6 7 5 15 4 8
3145
14 1 20 19 10 3 6 7 5 15 4 8 2 11 0 18 16 9 17 12 13
3009
5 15 2 8 4 11 10 18 16 9 17 12 13 14 1 20 19 3 0 6 7
3126
9 17 12 13 14 1 20 16 18 0 6 7 5 4 8 2 15 11 3 10 19
3170
7 5 15 2 8 4 0 11 10 19 20 1 14 13 12 17 9 16 18 3 6
3131
14 13 12 17 9 16 18 10 3 11 15 2 8 4 5 7 6 0 19 20 1
3135
18 16 17 9 12 13 14 1 20 19 10 3 11 4 8 2 15 5 7 6 0
3185
6 7 5 2 8 4 15 0 11 10 20 1 14 13 12 9 17 16 18 19 3
3356
6 7 5 15 4 8 2 3 10 19 20 1 14 13 12 9 17 16 18 0 11
3154
13 1 20 14 3 6 7 5 2 8 4 15 11 0 18 16 10 19 9 17 12
3440
0 15 4 8 2 5 7 6 11 3 10 19 20 1 14 13 12 9 17 16 18
3143
3 10 19 20 1 14 13 12 9 17 16 18 11 0 15 4 8 2 5 7 6
3214
14 13 12 17 9 16 18 0 11 15 2 8 4 5 7 6 3 10 19 20 1
3049
1 14 13 12 17 9 19 16 18 10 3 0 11 6 7 5 15 4 8 2 20
2900
18 16 17 9 12 13 14 1 20 19 10 3 11 6 7 5 2 8 4 15 0
3143
13 12 17 9 16 18 10 3 0 11 6 7 2 8 4 15 5 19 14 20 1
3303
20 1 14 13 12 17 9 19 10 16 18 0 11 6 7 5 2 8 4 15 3
3251
15 11 3 10 19 20 1 14 13 12 9 17 16 18 0 6 7 5 4 8 2
3185
13 12 17 9 19 16 18 4 8 2 15 5 7 6 11 0 3 10 14 20 1
3504
6 0 11 10 20 1 14 13 12 9 17 16 18 19 3 15 2 8 4 5 7
3398
8 4 15 11 0 18 16 17 9 12 13 14 1 20 19 10 3 6 7 5 2
3154
14 13 12 17 9 16 18 10 11 4 8 2 15 5 7 6 0 3 19 20 1
3126
10 19 20 1 14 13 12 9 17 16 18 11 0 2 8 4 15 5 7 6 3
3214
3 10 19 20 1 14 13 12 9 17 16 18 11 2 8 4 15 5 7 6 0
3209
8 2 15 5 7 6 0 18 16 17 9 12 13 14 1 20 19 10 3 11 4
3185
6 3 10 19 20 1 14 13 12 9 17 16 18 0 11 2 8 4 15 5 7
3154
9 16 18 0 11 15 2 8 4 5 7 6 3 10 19 20 1 14 13 12 17
3049
10 20 1 14 13 12 9 17 16 18 19 3 6 7 5 15 2 8 4 0 11
3401
14 13 12 17 9 19 18 16 10 3 11 0 6 7 5 15 4 8 2 20 1
2898
10 3 0 6 7 5 15 4 8 2 11 18 16 9 17 12 13 14 1 20 19
3064
11 0 6 7 5 4 8 2 15 3 10 19 20 1 14 13 12 9 17 16 18
3256
12 17 9 19 16 18 4 8 2 15 5 7 6 0 11 3 10 20 1 14 13
3308
12 13 14 1 20 19 3 15 2 8 4 5 7 6 11 0 10 18 16 17 9
3281
4 8 2 15 11 0 18 16 9 17 12 13 14 1 20 19 10 3 6 7 5
3049
13 12 17 9 19 16 18 6 7 5 2 8 4 15 11 0 3 10 14 20 1
3461
12 13 14 1 20 19 3 0 6 7 5 4 8 2 15 11 10 18 16 9 17
3126
12 17 9 19 10 3 11 2 8 4 15 5 7 6 0 18 16 20 1 14 13
3130
16 9 17 12 13 14 1 20 19 10 3 6 7 5 2 8 4 15 11 0 18
3009
5 15 4 8 2 11 10 20 1 14 13 12 17 9 16 18 19 3 0 6 7
3206
17 9 16 18 0 11 6 7 5 2 8 4 15 3 10 19 20 1 14 13 12
3009
15 5 7 6 3 10 19 20 1 14 13 12 9 17 16 18 11 0 2 8 4
3214
9 19 3 15 4 8 2 5 7 6 11 0 18 16 10 20 1 14 13 12 17
3251
14 13 12 17 9 19 10 3 0 6 7 5 15 4 8 2 11 18 16 20 1
3194
0 4 8 2 15 5 7 6 3 10 19 20 1 14 13 12 9 17 16 18 11
3259
4 8 2 0 11 10 19 20 1 14 13 12 9 17 16 18 3 6 7 5 15
3231
9 19 16 18 3 6 7 5 15 2 8 4 0 11 10 20 1 14 13 12 17
3326
12 13 14 1 20 19 6 7 5 2 8 4 15 11 0 3 10 18 16 17 9
3227
16 18 0 11 4 8 2 15 5 7 6 3 10 19 20 1 14 13 12 9 17
3194
19 10 20 1 14 13 12 9 17 16 18 0 11 2 8 4 15 5 7 6 3
3321
11 18 16 9 17 12 13 14 1 20 19 10 3 15 2 8 4 5 7 6 0
3111
7 5 4 8 2 15 0 11 18 16 17 9 12 13 14 1 20 19 10 3 6
3254
16 17 9 12 13 14 1 20 19 10 3 11 6 7 5 15 4 8 2 0 18
3143
3 2 8 4 15 5 7 6 11 0 18 16 17 9 12 13 14 1 20 19 10
3154
2 8 4 15 0 3 18 16 17 9 12 13 14 1 20 19 10 11 6 7 5
3224
9 17 12 13 14 1 20 19 10 3 2 8 4 15 5 7 6 11 0 18 16
3009
5 7 6 3 10 19 20 1 14 13 12 17 9 16 18 11 0 2 8 4 15
3069
0 18 16 9 17 12 13 14 1 20 19 10 3 11 6 7 5 15 2 8 4
3043
19 20 1 14 13 12 9 17 16 18 0 2 8 4 15 5 7 6 11 3 10
3143
1 14 13 12 17 9 19 16 18 6 7 5 4 8 2 15 0 11 3 10 20
3303
10 3 0 6 7 5 15 4 8 2 11 18 16 17 9 12 13 14 1 20 19
3209
14 13 12 17 9 16 18 0 11 6 7 5 15 4 8 2 3 10 19 20 1
3009
20 19 10 3 6 7 5 15 4 8 2 11 0 18 16 9 17 12 13 14 1
3009
0 11 10 19 20 1 14 13 12 9 17 16 18 3 6 7 5 15 4 8 2
3231
0 6 7 5 2 8 4 15 3 18 16 9 17 12 13 14 1 20 19 10 11
3088
0 18 16 17 9 12 13 14 1 20 19 10 3 6 7 5 4 8 2 15 11
3194
17 12 13 14 1 20 16 18 3 0 6 7 5 15 2 8 4 11 10 19 9
3251
18 16 9 17 12 13 14 1 20 19 10 3 6 7 5 2 8 4 15 11 0
3009
5 15 2 8 4 11 10 18 16 17 9 12 13 14 1 20 19 3 0 6 7
3271
16 17 9 12 13 14 1 20 19 10 3 11 6 7 5 2 8 4 15 0 18
3143
20 10 3 11 0 2 8 4 15 5 7 6 18 16 19 9 17 12 13 14 1
3263
16 17 9 12 13 14 1 20 19 10 3 11 6 7 5 15 2 8 4 0 18
3188
20 19 10 3 15 2 8 4 5 7 6 11 0 18 16 9 17 12 13 14 1
3049
11 6 7 5 4 8 2 15 3 10 19 20 1 14 13 12 9 17 16 18 0
3194
8 4 15 5 7 6 0 11 3 10 16 18 19 9 17 12 13 14 1 20 2
2898
11 2 8 4 15 5 7 6 0 18 16 17 9 12 13 14 1 20 19 10 3
3145
16 18 0 11 2 8 4 15 5 7 6 3 10 19 20 1 14 13 12 17 9
3009
11 6 7 5 4 8 2 15 0 3 19 18 16 9 17 12 13 14 1 20 10
3244
7 6 0 3 10 19 20 1 14 13 12 17 9 16 18 11 2 8 4 15 5
3064
6 0 11 10 18 16 17 9 12 13 14 1 20 19 3 4 8 2 15 5 7
3278
7 6 3 10 19 20 1 14 13 12 9 17 16 18 0 11 4 8 2 15 5
3194
6 7 5 15 2 8 4 11 3 10 19 20 1 14 13 12 17 9 16 18 0
3040
12 13 14 1 20 19 10 3 15 2 8 4 5 7 6 11 0 18 16 9 17
3049
13 12 17 9 16 18 10 11 0 6 7 5 15 4 8 2 3 19 14 20 1
3287
1 14 13 12 17 9 19 10 3 0 4 8 2 15 5 7 6 11 18 16 20
3237
17 12 13 14 1 20 10 3 0 11 6 7 5 2 8 4 15 18 16 19 9
3265
3 19 20 1 14 13 12 9 17 16 18 10 11 0 15 4 8 2 5 7 6
3236
2 0 11 18 16 9 17 12 13 14 1 20 19 10 3 6 7 5 15 4 8
3069
6 11 0 18 16 9 17 12 13 14 1 20 19 10 3 2 8 4 15 5 7
3009
16 18 0 6 7 5 4 8 2 15 11 3 10 19 20 1 14 13 12 9 17
3185
14 13 12 17 9 16 18 10 0 11 6 7 5 15 2 8 4 3 19 20 1
3136
18 16 17 9 12 13 14 1 20 19 10 3 11 15 2 8 4 5 7 6 0
3185
5 7 6 0 11 10 19 20 1 14 13 12 9 17 16 18 3 4 8 2 15
3273
16 9 17 12 13 14 1 20 19 10 3 6 7 5 4 8 2 15 11 0 18
3049
8 4 15 5 7 6 3 10 19 20 1 14 13 12 17 9 16 18 11 0 2
3069
10 19 20 1 14 13 12 17 9 16 18 3 0 4 8 2 15 5 7 6 11
3124
5 15 4 8 2 0 3 18 16 9 17 12 13 14 1 20 19 10 11 6 7
3079
0 11 2 8 4 15 5 7 6 3 10 19 20 1 14 13 12 17 9 16 18
3009
17 9 16 18 10 11 0 6 7 5 2 8 4 15 3 19 20 1 14 13 12
3093
20 1 14 13 12 17 9 19 10 16 18 0 11 6 7 5 15 4 8 2 3
3251
18 0 11 6 7 5 15 2 8 4 3 10 19 20 1 14 13 12 17 9 16
3049
19 18 16 17 9 12 13 14 1 20 10 3 11 0 15 2 8 4 5 7 6
3383
10 3 6 7 5 15 4 8 2 11 0 18 16 9 17 12 13 14 1 20 19
3009
13 12 17 9 16 18 10 3 0 11 6 7 15 4 8 2 5 19 14 20 1
3298
20 19 3 15 2 8 4 5 7 6 0 11 10 18 16 9 17 12 13 14 1
3133
20 1 14 13 12 17 9 16 18 0 11 6 7 5 15 2 8 4 3 10 19
3049
8 4 15 11 3 10 19 20 1 14 13 12 17 9 16 18 0 6 7 5 2
3000
0 18 16 17 9 12 13 14 1 20 19 10 3 6 7 5 15 4 8 2 11
3154
20 1 14 13 12 17 9 16 18 10 11 0 4 8 2 15 5 7 6 3 19
3136
15 3 18 16 9 17 12 13 14 1 20 19 10 11 0 6 7 5 2 8 4
3088
2 8 4 15 0 3 19 20 1 14 13 12 17 9 16 18 10 11 6 7 5
3084
15 2 8 4 0 3 19 18 16 9 17 12 13 14 1 20 10 11 6 7 5
3249
18 0 6 7 5 15 2 8 4 11 3 10 19 20 1 14 13 12 9 17 16
3185
18 16 17 9 12 13 14 1 20 19 10 3 6 7 5 4 8 2 15 11 0
3194
18 16 17 9 12 13 14 1 20 19 10 3 6 7 5 4 8 2 15 11 0
3194
1 20 10 16 18 0 11 6 7 5 2 8 4 15 3 19 9 17 12 13 14
3251
13 12 17 9 16 18 0 11 15 2 8 4 5 7 6 3 10 19 14 20 1
3243
9 17 12 13 14 1 20 3 6 7 5 15 2 8 4 11 0 18 16 10 19
3291
20 1 14 13 12 17 9 16 18 10 3 11 0 15 2 8 4 5 7 6 19
3118
14 13 12 17 9 19 16 18 15 2 8 4 5 7 6 11 0 3 10 20 1
3305
5 15 4 8 2 0 18 16 17 9 12 13 14 1 20 19 10 3 11 6 7
3143
1 14 13 12 17 9 16 18 0 11 4 8 2 15 5 7 6 3 10 19 20
3049
2 1 14 20 13 12 17 9 19 18 16 10 3 0 11 6 7 5 15 4 8
2835
20 2 8 4 15 6 7 5 11 0 3 10 16 18 19 9 17 12 13 14 1
3018
17 12 13 14 1 20 10 11 6 7 5 2 8 4 15 0 3 18 16 19 9
3274
1 20 10 3 0 11 15 4 8 2 5 7 6 18 16 19 9 17 12 13 14
3267
1 14 13 12 17 9 19 16 18 6 7 5 2 8 4 15 11 0 3 10 20
3267
15 4 8 2 5 7 6 11 0 3 18 16 9 17 12 13 14 1 20 19 10
3102
0 11 15 4 8 2 5 7 6 3 10 19 20 1 14 13 12 17 9 16 18
3009
6 3 19 20 1 14 13 12 17 9 16 18 10 11 0 15 2 8 4 5 7
3131
1 20 2 8 4 15 5 7 6 0 11 3 10 16 18 19 9 17 12 13 14
2898
14 1 20 19 10 3 11 2 8 4 15 5 7 6 0 18 16 9 17 12 13
3000
7 5 2 8 4 15 0 18 16 9 17 12 13 14 1 20 19 10 3 11 6
2998
16 9 17 12 13 14 1 20 19 10 3 11 15 2 8 4 5 7 6 0 18
3040
5 15 2 8 4 3 10 19 20 1 14 13 12 9 17 16 18 11 0 6 7
3256
18 0 11 6 7 5 15 2 8 4 3 10 19 20 1 14 13 12 17 9 16
3049
12 13 14 1 20 19 10 3 11 5 7 6 18 16 0 15 4 8 2 17 9
3396
6 0 11 18 16 17 9 12 13 14 1 20 19 10 3 4 8 2 15 5 7
3256
8 4 5 7 6 3 10 19 20 1 14 13 12 17 9 16 18 11 0 15 2
3109
12 17 9 19 16 18 3 15 2 8 4 5 7 6 0 11 10 20 1 14 13
3323
9 19 10 3 6 7 5 4 8 2 15 0 11 18 16 20 1 14 13 12 17
3239
8 2 0 18 16 17 9 12 13 14 1 20 19 10 3 11 6 7 5 15 4
3143
11 0 18 16 9 17 12 13 14 1 20 19 10 3 6 7 5 15 4 8 2
3009
19 10 11 6 7 5 2 8 4 15 0 3 18 16 17 9 12 13 14 1 20
3224
14 13 12 17 9 16 18 0 11 6 7 5 2 8 4 15 3 10 19 20 1
3009
16 18 0 6 7 5 4 8 2 15 11 3 10 19 20 1 14 13 12 17 9
3040
4 8 2 3 10 19 20 1 14 13 12 9 17 16 18 11 0 6 7 5 15
3216
12 17 9 16 18 10 11 0 6 7 5 15 4 8 2 3 19 20 1 14 13
3093
1 14 13 12 17 9 16 18 0 6 7 5 15 2 8 4 11 3 10 19 20
3040
8 4 3 18 16 17 9 12 13 14 1 20 19 10 11 0 6 7 5 15 2
3273
2 5 7 6 11 3 10 19 20 1 14 13 12 9 17 16 18 0 15 4 8
3143
9 19 16 18 6 7 5 2 8 4 15 11 0 3 10 20 1 14 13 12 17
3267
2 5 7 6 11 18 16 17 9 12 13 14 1 20 19 10 3 0 15 4 8
3207
9 19 16 18 3 6 7 5 2 8 4 15 0 11 10 20 1 14 13 12 17
3281
10 18 16 9 17 12 13 14 1 20 19 3 15 2 8 4 5 7 6 0 11
3133
16 9 17 12 13 14 1 20 19 10 3 11 6 7 5 15 4 8 2 0 18
2998
12 13 14 1 20 19 3 2 8 4 15 5 7 6 11 0 10 18 16 9 17
3096
15 5 7 6 11 18 16 9 17 12 13 14 1 20 19 10 3 0 2 8 4
3062
19 20 1 14 13 12 17 9 16 18 15 4 8 2 5 7 6 11 0 3 10
3070
4 15 5 7 6 3 10 19 20 1 14 13 12 17 9 16 18 11 0 2 8
3069
20 19 10 3 11 6 7 5 15 2 8 4 0 18 16 9 17 12 13 14 1
3043
8 4 5 7 6 3 19 20 1 14 13 12 17 9 16 18 10 11 0 15 2
3131
8 4 5 7 6 11 3 10 19 20 1 14 13 12 17 9 16 18 0 15 2
3038
17 12 13 14 1 20 10 16 18 0 11 15 4 8 2 5 7 6 3 19 9
3251
18 16 17 9 12 13 14 1 20 19 10 3 11 15 4 8 2 5 7 6 0
3145
15 11 0 18 16 9 17 12 13 14 1 20 19 10 3 6 7 5 4 8 2
3049
16 18 0 4 8 2 15 5 7 6 11 3 10 19 20 1 14 13 12 17 9
3043
19 10 3 11 6 7 5 2 8 4 15 0 18 16 17 9 12 13 14 1 20
3143
8 2 5 7 6 0 3 10 19 20 1 14 13 12 17 9 16 18 11 15 4
3064
20 1 14 13 12 17 9 16 18 10 11 0 6 7 5 15 4 8 2 3 19
3093
10 11 0 2 8 4 15 5 7 6 3 18 16 9 17 12 13 14 1 20 19
3086
10 3 4 8 2 15 5 7 6 11 0 18 16 9 17 12 13 14 1 20 19
3049
16 18 0 15 4 8 2 5 7 6 11 3 10 19 20 1 14 13 12 9 17
3143
14 13 12 17 9 16 18 10 11 0 4 8 2 15 5 7 6 3 19 20 1
3136
4 8 2 5 7 6 11 0 18 16 9 17 12 13 14 1 20 19 10 3 15
3009
9 16 18 10 3 0 11 2 8 4 15 5 7 6 19 20 1 14 13 12 17
3082
7 6 11 10 20 1 14 13 12 9 17 16 18 19 3 0 2 8 4 15 5
3349
8 4 15 5 7 6 3 10 19 20 1 14 13 12 9 17 16 18 0 11 2
3154
14 1 20 19 3 15 4 8 2 5 7 6 0 11 10 18 16 9 17 12 13
3093
19 20 1 14 13 12 9 17 16 18 6 7 5 15 2 8 4 0 11 3 10
3258
18 16 9 17 12 13 14 1 20 19 10 3 2 8 4 15 5 7 6 11 0
3009
4 8 2 3 18 16 9 17 12 13 14 1 20 19 10 11 0 6 7 5 15
3088
5 7 6 11 3 10 19 20 1 14 13 12 17 9 16 18 0 4 8 2 15
3043
9 17 12 13 14 1 20 19 3 6 7 5 4 8 2 15 11 0 10 18 16
3136
16 9 17 12 13 14 1 20 19 10 3 6 7 5 4 8 2 15 11 0 18
3049
18 16 9 17 12 13 14 1 20 19 10 3 11 6 7 5 4 8 2 15 0
3038
5 15 2 8 4 0 3 18 16 17 9 12 13 14 1 20 19 10 11 6 7
3269
8 4 15 10 19 20 1 14 13 12 9 17 16 18 3 0 11 6 7 5 2
3247
20 19 2 8 4 15 5 7 6 0 11 3 10 18 16 9 17 12 13 14 1
2938
19 20 1 14 13 12 9 17 16 18 0 2 8 4 15 5 7 6 11 3 10
3143
12 13 14 1 20 19 10 3 11 6 7 5 4 8 2 15 0 18 16 9 17
3038
3 19 20 1 14 13 12 17 9 16 18 10 11 6 7 5 15 2 8 4 0
3129
20 1 14 13 12 17 9 19 16 18 6 7 5 4 8 2 15 11 0 3 10
3307
15 5 7 6 0 11 10 20 1 14 13 12 17 9 16 18 19 3 4 8 2
3253
14 1 20 10 11 0 6 7 5 15 4 8 2 3 18 16 19 9 17 12 13
3283
2 8 4 15 0 11 10 19 20 1 14 13 12 17 9 16 18 3 6 7 5
3086
20 19 3 15 2 8 4 5 7 6 11 0 10 18 16 9 17 12 13 14 1
3136
7 5 4 8 2 15 0 11 18 16 9 17 12 13 14 1 20 19 10 3 6
3109
4 8 2 15 5 7 6 3 19 20 1 14 13 12 9 17 16 18 10 11 0
3281
16 18 0 15 2 8 4 5 7 6 11 3 10 19 20 1 14 13 12 9 17
3183
19 20 1 14 13 12 17 9 16 18 10 11 6 7 5 4 8 2 15 0 3
3124
13 12 17 9 16 18 0 6 7 5 15 4 8 2 11 3 10 19 14 20 1
3194
16 18 0 11 6 7 5 4 8 2 15 3 10 19 20 1 14 13 12 17 9
3049
5 7 6 11 0 18 16 17 9 12 13 14 1 20 19 10 3 15 4 8 2
3154
16 17 9 12 13 14 1 20 19 10 3 11 6 7 5 2 8 4 15 0 18
3143
16 17 9 12 13 14 1 20 19 10 3 11 6 7 5 4 8 2 15 0 18
3183
4 8 2 15 5 7 6 11 0 18 16 9 17 12 13 14 1 20 19 10 3
3049
9 16 18 0 6 7 5 4 8 2 15 11 3 10 19 20 1 14 13 12 17
3040
12 17 9 16 18 10 0 11 4 8 2 15 5 7 6 3 19 20 1 14 13
3136
5 7 6 11 0 18 16 17 9 12 13 14 1 20 19 10 3 2 8 4 15
3154
15 2 8 4 5 7 6 0 11 3 10 18 16 19 9 17 12 13 14 1 20
3193
17 9 19 16 18 3 6 7 5 15 2 8 4 0 11 10 20 1 14 13 12
3326
7 5 4 8 2 15 0 3 19 20 1 14 13 12 17 9 16 18 10 11 6
3124
6 7 5 2 8 4 15 3 10 19 20 1 14 13 12 17 9 16 18 11 0
3071
19 10 3 0 11 6 7 5 15 4 8 2 18 16 17 9 12 13 14 1 20
3220
3 10 19 20 1 14 13 12 17 9 16 18 11 6 7 5 2 8 4 15 0
3062
4 8 2 15 5 7 6 3 10 19 20 1 14 13 12 9 17 16 18 0 11
3194
6 7 5 2 8 4 15 0 11 18 16 17 9 12 13 14 1 20 19 10 3
3214
13 1 20 14 19 3 0 15 2 8 4 5 7 6 11 10 18 16 9 17 12
3318
18 16 17 9 12 13 14 1 20 19 10 3 2 8 4 15 5 7 6 11 0
3154
17 9 16 18 0 11 6 7 5 15 4 8 2 3 10 19 20 1 14 13 12
3009
2 8 4 15 11 0 18 16 17 9 12 13 14 1 20 19 10 3 6 7 5
3154
16 18 0 11 6 7 5 15 2 8 4 3 10 19 20 1 14 13 12 17 9
3049
19 10 3 0 11 6 7 5 2 8 4 15 18 16 9 17 12 13 14 1 20
3070
7 5 2 8 4 15 11 0 18 16 17 9 12 13 14 1 20 19 10 3 6
3154
10 19 20 1 14 13 12 17 9 16 18 11 6 7 5 4 8 2 15 0 3
3102
0 18 16 9 17 12 13 14 1 20 19 10 3 15 4 8 2 5 7 6 11
3009
8 2 0 11 10 19 20 1 14 13 12 17 9 16 18 3 6 7 5 15 4
3086
2 5 7 6 11 10 18 16 9 17 12 13 14 1 20 19 3 0 15 4 8
3084
10 11 0 4 8 2 15 5 7 6 3 18 16 9 17 12 13 14 1 20 19
3131
10 19 20 1 14 13 12 9 17 16 18 0 11 6 7 5 2 8 4 15 3
3154
7 5 15 2 8 4 3 10 19 20 1 14 13 12 9 17 16 18 0 11 6
3194
9 19 16 18 3 0 4 8 2 15 5 7 6 11 10 20 1 14 13 12 17
3319
6 7 5 15 4 8 2 0 3 10 19 20 1 14 13 12 17 9 16 18 11
3062
15 2 8 4 5 7 6 11 18 16 9 17 12 13 14 1 20 19 10 3 0
3102
4 15 5 7 6 0 18 16 9 17 12 13 14 1 20 19 10 3 11 2 8
3000
10 3 6 7 5 15 4 8 2 11 0 18 16 9 17 12 13 14 1 20 19
3009
16 9 17 12 13 14 1 20 19 10 3 11 4 8 2 15 5 7 6 0 18
3040
11 0 2 8 4 15 5 7 6 3 10 19 20 1 14 13 12 9 17 16 18
3214
0 15 2 8 4 5 7 6 3 18 16 17 9 12 13 14 1 20 19 10 11
3271
18 16 17 9 12 13 14 1 20 19 10 3 11 6 7 5 4 8 2 15 0
3183
12 17 9 16 18 10 3 0 11 6 7 5 15 4 8 2 19 20 1 14 13
2940
20 1 14 13 12 17 9 16 18 10 3 0 11 6 7 15 2 8 4 5 19
3144
16 9 17 12 13 14 1 20 19 10 3 15 2 8 4 5 7 6 11 0 18
3049
1 20 10 11 4 8 2 15 5 7 6 0 3 18 16 19 9 17 12 13 14
3316
10 3 6 7 5 2 8 4 15 0 11 18 16 9 17 12 13 14 1 20 19
3069
11 2 8 4 15 5 7 6 0 3 19 18 16 9 17 12 13 14 1 20 10
3206
5 4 8 2 15 3 10 19 20 1 14 13 12 17 9 16 18 0 11 6 7
3049
2 8 4 15 11 0 18 16 17 9 12 13 14 1 20 19 10 3 6 7 5
3154
17 12 13 14 1 20 19 2 8 4 15 5 7 6 11 0 3 10 18 16 9
2940
8 4 5 7 6 0 3 18 16 9 17 12 13 14 1 20 19 10 11 15 2
3121
14 13 12 17 9 19 3 6 7 5 15 4 8 2 11 0 18 16 10 20 1
3251
14 1 20 3 6 7 5 4 8 2 15 11 0 18 16 10 19 9 17 12 13
3291
7 5 4 8 2 15 11 10 20 1 14 13 12 9 17 16 18 19 3 0 6
3391
7 6 3 19 20 1 14 13 12 17 9 16 18 10 11 0 15 4 8 2 5
3091
5 4 8 2 15 11 18 16 17 9 12 13 14 1 20 19 10 3 0 6 7
3249
6 11 0 18 16 9 17 12 13 14 1 20 19 10 3 4 8 2 15 5 7
3049
9 16 18 0 15 2 8 4 5 7 6 11 3 10 19 20 1 14 13 12 17
3038
6 7 5 4 8 2 15 3 10 19 20 1 14 13 12 17 9 16 18 11 0
3111
17 12 13 14 1 20 10 11 0 2 8 4 15 5 7 6 3 18 16 19 9
3281
19 10 11 0 15 2 8 4 5 7 6 3 18 16 9 17 12 13 14 1 20
3126
5 7 6 0 3 10 19 20 1 14 13 12 17 9 16 18 11 4 8 2 15
3104
11 18 16 17 9 12 13 14 1 20 19 10 3 0 2 8 4 15 5 7 6
3207
4 15 0 11 10 20 1 14 13 12 17 9 16 18 19 3 6 7 5 2 8
3211
10 20 1 14 13 12 17 9 16 18 19 3 6 7 5 2 8 4 15 0 11
3211
17 9 19 10 3 0 11 2 8 4 15 5 7 6 18 16 20 1 14 13 12
3202
11 6 7 5 2 8 4 15 0 18 16 17 9 12 13 14 1 20 19 10 3
3143
16 9 17 12 13 14 1 20 19 10 3 11 15 4 8 2 5 7 6 0 18
3000
4 8 2 5 7 6 11 0 18 16 17 9 12 13 14 1 20 19 10 3 15
3154
11 15 4 8 2 5 7 6 0 3 10 19 20 1 14 13 12 17 9 16 18
3064
11 0 18 16 9 17 12 13 14 1 20 19 10 3 6 7 5 15 2 8 4
3049
11 0 6 7 5 15 4 8 2 3 19 20 1 14 13 12 17 9 16 18 10
3093
5 2 8 4 15 3 18 16 17 9 12 13 14 1 20 19 10 11 0 6 7
3233
20 19 10 3 11 4 8 2 15 5 7 6 0 18 16 9 17 12 13 14 1
3040
9 19 18 16 10 3 11 0 6 7 5 15 4 8 2 20 1 14 13 12 17
2898
16 17 9 12 13 14 1 20 19 10 3 15 2 8 4 5 7 6 11 0 18
3194
9 17 12 13 14 1 20 10 3 11 0 2 8 4 15 5 7 6 18 16 19
3263
14 1 20 3 15 2 8 4 5 7 6 11 0 18 16 10 19 9 17 12 13
3291
12 13 14 1 20 19 10 3 11 4 8 2 15 5 7 6 0 18 16 17 9
3185
7 6 11 0 18 16 17 9 12 13 14 1 20 19 10 3 15 2 8 4 5
3194
16 17 9 12 13 14 1 20 19 10 3 11 2 8 4 15 5 7 6 0 18
3145
20 3 15 2 8 4 5 7 6 11 0 18 16 10 19 9 17 12 13 14 1
3291
4 15 5 7 6 3 10 19 20 1 14 13 12 17 9 16 18 0 11 2 8
3009
11 6 7 5 15 4 8 2 3 10 19 20 1 14 13 12 17 9 16 18 0
3009
3 19 18 16 17 9 12 13 14 1 20 10 11 0 2 8 4 15 5 7 6
3356
17 12 13 14 1 20 19 3 6 7 5 15 4 8 2 11 0 10 18 16 9
3096
2 1 13 12 14 20 17 9 19 18 16 10 3 11 0 6 7 5 15 4 8
2987
13 1 20 14 10 11 0 6 7 5 15 2 8 4 3 18 16 19 9 17 12
3517
18 0 6 7 5 15 2 8 4 11 3 10 19 20 1 14 13 12 9 17 16
3185
14 1 20 10 3 11 6 7 5 4 8 2 15 0 18 16 19 9 17 12 13
3233
19 10 3 11 0 15 4 8 2 5 7 6 18 16 17 9 12 13 14 1 20
3213
3 19 20 1 14 13 12 9 17 16 18 10 11 0 2 8 4 15 5 7 6
3236
8 4 15 5 7 6 11 0 18 16 17 9 12 13 14 1 20 19 10 3 2
3154
4 15 3 18 16 9 17 12 13 14 1 20 19 10 11 0 6 7 5 2 8
3088
9 19 18 16 10 11 6 7 5 2 8 4 15 0 3 20 1 14 13 12 17
3279
8 2 3 10 19 20 1 14 13 12 17 9 16 18 11 0 6 7 5 15 4
3071
13 12 17 9 16 18 0 6 7 5 4 8 2 15 11 3 10 19 14 20 1
3234
10 19 20 1 14 13 12 9 17 16 18 11 0 6 7 5 2 8 4 15 3
3216
14 1 20 19 3 4 8 2 15 5 7 6 0 11 10 18 16 9 17 12 13
3133
18 16 17 9 12 13 14 1 20 19 10 3 15 4 8 2 5 7 6 11 0
3154
6 7 5 2 8 4 15 11 0 18 16 9 17 12 13 14 1 20 19 10 3
3009
12 17 9 19 3 15 4 8 2 5 7 6 11 0 18 16 10 20 1 14 13
3251
16 17 9 12 13 14 1 20 19 10 3 4 8 2 15 5 7 6 11 0 18
3194
19 20 1 14 13 12 9 17 16 18 10 3 11 0 2 8 4 15 5 7 6
3223
15 2 8 4 5 7 6 0 3 18 16 17 9 12 13 14 1 20 19 10 11
3266
16 18 0 11 6 7 5 2 8 4 15 3 10 19 20 1 14 13 12 17 9
3009
19 6 7 5 15 2 8 4 0 11 3 10 20 1 14 13 12 17 9 16 18
3243
13 1 20 14 10 16 18 0 11 6 7 5 4 8 2 15 3 19 9 17 12
3485
16 18 0 6 7 5 4 8 2 15 11 3 10 19 20 1 14 13 12 9 17
3185
6 0 3 10 19 20 1 14 13 12 9 17 16 18 11 4 8 2 15 5 7
3249
11 3 10 19 20 1 14 13 12 17 9 16 18 0 4 8 2 15 5 7 6
3043
20 19 10 3 11 6 7 5 15 2 8 4 0 18 16 9 17 12 13 14 1
3043
1 20 19 5 2 8 4 15 7 6 0 11 3 10 18 16 9 17 12 13 14
3102
16 9 17 12 13 14 1 20 19 10 3 11 4 8 2 15 5 7 6 0 18
3040
1 20 19 6 7 5 15 4 8 2 0 11 3 10 18 16 9 17 12 13 14
3078
3 10 19 20 1 14 13 12 17 9 16 18 11 0 6 7 5 15 4 8 2
3071
13 1 20 14 2 8 4 15 5 7 6 0 11 3 10 18 16 19 9 17 12
2927
4 8 2 15 5 7 6 3 18 16 17 9 12 13 14 1 20 19 10 11 0
3276
20 19 10 3 2 8 4 15 5 7 6 11 0 18 16 9 17 12 13 14 1
3009
3 15 2 8 4 5 7 6 0 11 18 16 9 17 12 13 14 1 20 19 10
3111
1 20 19 10 3 11 6 7 5 15 2 8 4 0 18 16 9 17 12 13 14
3043
4 8 2 15 5 7 6 3 10 19 20 1 14 13 12 9 17 16 18 0 11
3194
15 11 18 16 17 9 12 13 14 1 20 19 10 3 0 6 7 5 2 8 4
3209
5 7 6 0 11 10 20 1 14 13 12 9 17 16 18 19 3 15 4 8 2
3358
12 13 14 1 20 19 3 15 2 8 4 5 7 6 0 11 10 18 16 9 17
3133
17 9 16 18 10 11 0 6 7 5 2 8 4 15 3 19 20 1 14 13 12
3093
9 16 18 0 6 7 5 15 4 8 2 11 3 10 19 20 1 14 13 12 17
3000
5 2 8 4 15 3 19 18 16 9 17 12 13 14 1 20 10 11 0 6 7
3213
1 20 10 3 11 6 7 5 2 8 4 15 0 18 16 19 9 17 12 13 14
3193
12 17 9 19 3 6 7 5 15 4 8 2 11 0 18 16 10 20 1 14 13
3251
9 17 12 13 14 1 20 10 3 11 0 15 4 8 2 5 7 6 18 16 19
3263
10 19 20 1 14 13 12 17 9 16 18 11 2 8 4 15 5 7 6 0 3
3064
0 11 10 20 1 14 13 12 17 9 16 18 19 3 4 8 2 15 5 7 6
3253
8 4 0 18 16 17 9 12 13 14 1 20 19 10 3 11 6 7 5 15 2
3188
2 11 10 19 20 1 14 13 12 9 17 16 18 3 0 6 7 5 15 4 8
3226
1 20 19 10 3 11 6 7 5 2 8 4 15 0 18 16 9 17 12 13 14
2998
11 15 4 8 2 5 7 6 0 3 10 19 20 1 14 13 12 9 17 16 18
3209
19 20 1 14 13 12 9 17 16 18 3 0 15 2 8 4 5 7 6 11 10
3264
0 2 8 4 15 5 7 6 11 10 19 20 1 14 13 12 17 9 16 18 3
3079
5 7 6 3 10 19 20 1 14 13 12 9 17 16 18 0 11 2 8 4 15
3154
11 0 15 4 8 2 5 7 6 3 19 18 16 9 17 12 13 14 1 20 10
3211
5 15 2 8 4 0 11 18 16 17 9 12 13 14 1 20 19 10 3 6 7
3259
13 12 17 9 16 18 10 11 0 6 7 5 2 8 4 15 3 19 14 20 1
3287
0 3 10 19 20 1 14 13 12 9 17 16 18 11 15 2 8 4 5 7 6
3249
13 12 17 9 19 10 11 0 6 7 5 2 8 4 15 3 18 16 14 20 1
3412
10 19 20 1 14 13 12 9 17 16 18 0 11 6 7 5 4 8 2 15 3
3194
17 9 19 16 18 15 2 8 4 5 7 6 11 0 3 10 20 1 14 13 12
3305
19 10 20 1 14 13 12 17 9 16 18 0 11 15 4 8 2 5 7 6 3
3176
14 13 12 17 9 16 18 0 6 7 5 15 2 8 4 11 3 10 19 20 1
3040
2 8 4 15 0 3 10 19 20 1 14 13 12 9 17 16 18 11 6 7 5
3207
14 13 12 17 9 19 16 18 3 0 6 7 5 15 4 8 2 11 10 20 1
3276
20 1 14 13 12 17 9 16 18 10 3 0 11 15 2 8 4 5 7 6 19
3122
16 17 9 12 13 14 1 20 19 10 3 11 6 7 5 2 8 4 15 0 18
3143
4 15 5 7 6 3 10 19 20 1 14 13 12 9 17 16 18 0 11 2 8
3154
20 1 14 13 12 17 9 19 10 3 11 0 15 2 8 4 5 7 6 18 16
3238
1 20 19 10 3 11 4 8 2 15 5 7 6 0 18 16 9 17 12 13 14
3040
14 1 20 16 18 11 0 2 8 4 15 5 7 6 3 10 19 9 17 12 13
3199
9 16 18 0 11 15 2 8 4 5 7 6 3 10 19 20 1 14 13 12 17
3049
0 11 10 19 20 1 14 13 12 17 9 16 18 3 6 7 5 2 8 4 15
3086
3 15 2 8 4 5 7 6 11 0 18 16 17 9 12 13 14 1 20 19 10
3194
10 3 0 6 7 5 15 2 8 4 11 18 16 9 17 12 13 14 1 20 19
3104
2 5 7 6 0 18 16 9 17 12 13 14 1 20 19 10 3 11 15 4 8
3000
3 19 20 1 14 13 12 9 17 16 18 10 11 0 4 8 2 15 5 7 6
3281
20 1 14 13 12 17 9 19 10 16 18 0 11 6 7 5 2 8 4 15 3
3251
15 2 8 4 0 18 16 9 17 12 13 14 1 20 19 10 3 11 6 7 5
3043
16 18 0 15 2 8 4 5 7 6 11 3 10 19 20 1 14 13 12 17 9
3038
1 20 3 0 15 4 8 2 5 7 6 11 10 18 16 19 9 17 12 13 14
3279
15 5 7 6 0 11 18 16 17 9 12 13 14 1 20 19 10 3 2 8 4
3216
20 1 14 13 12 17 9 19 10 3 15 4 8 2 5 7 6 0 11 18 16
3201
20 1 14 13 12 17 9 19 10 3 0 15 2 8 4 5 7 6 11 18 16
3232
7 5 2 8 4 15 11 0 18 16 9 17 12 13 14 1 20 19 10 3 6
3009
2 5 7 6 0 11 18 16 17 9 12 13 14 1 20 19 10 3 15 4 8
3216
0 3 18 16 17 9 12 13 14 1 20 19 10 11 6 7 5 15 4 8 2
3224
19 18 16 9 17 12 13 14 1 20 10 11 15 4 8 2 5 7 6 0 3
3206
8 4 5 7 6 3 10 19 20 1 14 13 12 17 9 16 18 0 11 15 2
3049
5 2 8 4 15 0 3 18 16 17 9 12 13 14 1 20 19 10 11 6 7
3224
14 13 12 17 9 19 16 18 4 8 2 15 5 7 6 11 0 3 10 20 1
3310
6 3 18 16 17 9 12 13 14 1 20 19 10 11 0 2 8 4 15 5 7
3231
14 1 20 3 6 7 5 2 8 4 15 11 0 18 16 10 19 9 17 12 13
3251
3 6 7 5 4 8 2 15 11 0 18 16 9 17 12 13 14 1 20 19 10
3049
7 6 0 18 16 17 9 12 13 14 1 20 19 10 3 11 15 4 8 2 5
3145
12 17 9 16 18 0 6 7 5 2 8 4 15 11 3 10 19 20 1 14 13
3000
5 2 8 4 15 0 18 16 9 17 12 13 14 1 20 19 10 3 11 6 7
2998
12 9 17 18 0 11 5 7 6 3 2 15 10 8 19 4 20 1 14 13 16
5685
8 4 15 5 7 6 0 11 3 10 18 16 9 17 19 14 13 12 1 20 2
3267
15 0 18 16 17 9 12 13 14 1 20 19 10 3 11 6 7 5 4 8 2
3183
3 6 7 5 15 2 8 4 11 0 18 16 17 9 12 13 14 1 20 19 10
3194
7 6 3 10 19 20 1 14 13 12 17 9 16 18 0 11 15 2 8 4 5
3049
5 7 6 11 0 18 16 17 9 12 13 14 1 20 19 10 3 4 8 2 15
3194
6 0 11 18 16 17 9 12 13 14 1 20 19 10 3 15 2 8 4 5 7
3256
2 5 7 6 11 0 18 16 9 17 12 13 14 1 20 19 10 3 15 4 8
3009
11 2 8 4 15 5 7 6 3 10 19 20 1 14 13 12 17 9 16 18 0
3009
12 9 17 19 16 18 6 7 5 4 8 2 15 11 0 3 10 20 1 14 13
3447
18 0 11 6 7 5 15 2 8 4 3 10 19 20 1 14 13 12 9 17 16
3194
2 5 7 6 0 3 10 19 20 1 14 13 12 17 9 16 18 11 15 4 8
3064
7 5 4 8 2 15 11 18 16 17 9 12 13 14 1 20 19 10 3 0 6
3249
9 19 16 18 3 15 2 8 4 5 7 6 0 11 10 20 1 14 13 12 17
3323
4 8 2 5 7 6 3 10 19 20 1 14 13 12 9 17 16 18 0 11 15
3154
20 1 14 13 12 17 9 16 18 0 4 8 2 15 5 7 6 11 3 10 19
3043
7 5 2 8 4 15 3 19 20 1 14 13 12 9 17 16 18 10 11 0 6
3238
8 4 5 7 6 0 3 19 18 16 9 17 12 13 14 1 20 10 11 15 2
3246
3 10 19 20 1 14 13 12 17 9 16 18 11 6 7 5 4 8 2 15 0
3102
5 15 2 8 4 11 10 18 16 9 17 12 13 14 1 20 19 3 0 6 7
3126
12 13 14 1 20 19 10 3 11 2 8 4 15 5 7 6 0 18 16 9 17
3000
17 12 13 14 1 20 19 5 15 4 8 2 7 6 11 0 3 10 18 16 9
3109
4 8 2 11 0 18 16 9 17 12 13 14 1 20 19 10 3 6 7 5 15
3009
14 1 20 3 2 8 4 15 5 7 6 11 0 18 16 10 19 9 17 12 13
3251
16 9 17 12 13 14 1 20 19 10 3 6 7 5 2 8 4 15 11 0 18
3009
16 18 0 11 4 8 2 15 5 7 6 3 10 19 20 1 14 13 12 9 17
3194
19 20 1 14 13 12 9 17 16 18 3 0 15 4 8 2 5 7 6 11 10
3224
6 3 10 19 20 1 14 13 12 9 17 16 18 11 0 2 8 4 15 5 7
3214
8 2 15 5 7 6 3 10 19 20 1 14 13 12 9 17 16 18 11 0 4
3259
0 6 7 5 15 4 8 2 11 3 10 19 20 1 14 13 12 17 9 16 18
3000
5 15 2 8 4 0 11 18 16 9 17 12 13 14 1 20 19 10 3 6 7
3114
7 6 3 18 16 9 17 12 13 14 1 20 19 10 11 0 15 4 8 2 5
3086
11 6 7 5 4 8 2 15 0 18 16 17 9 12 13 14 1 20 19 10 3
3183
12 17 9 16 18 10 11 4 8 2 15 5 7 6 0 3 19 20 1 14 13
3126
16 18 0 15 4 8 2 5 7 6 11 3 10 19 20 1 14 13 12 17 9
2998
8 4 15 5 7 6 3 19 18 16 9 17 12 13 14 1 20 10 11 0 2
3211
12 13 14 1 20 19 10 11 6 7 5 15 4 8 2 0 3 18 16 17 9
3224
13 1 20 14 19 10 3 11 2 8 4 15 5 7 6 0 18 16 9 17 12
3194
1 14 13 12 17 9 19 16 18 3 15 2 8 4 5 7 6 0 11 10 20
3323
20 1 14 13 12 17 9 19 10 16 18 0 11 6 7 5 15 4 8 2 3
3251
8 2 15 11 0 18 16 9 17 12 13 14 1 20 19 10 3 6 7 5 4
3049
7 5 15 2 8 4 3 10 19 20 1 14 13 12 9 17 16 18 0 11 6
3194
13 1 20 14 3 0 2 8 4 15 5 7 6 11 10 16 18 19 9 17 12
3468
6 11 0 18 16 9 17 12 13 14 1 20 19 10 3 15 2 8 4 5 7
3049
4 15 5 7 6 11 18 16 17 9 12 13 14 1 20 19 10 3 0 2 8
3207
11 18 16 9 17 12 13 14 1 20 19 10 3 15 2 8 4 5 7 6 0
3111
14 1 20 10 11 0 6 7 5 2 8 4 15 3 18 16 19 9 17 12 13
3283
10 18 16 17 9 12 13 14 1 20 19 3 15 4 8 2 5 7 6 0 11
3238
6 7 5 4 8 2 15 3 10 19 20 1 14 13 12 9 17 16 18 0 11
3194
13 12 17 9 19 10 11 0 6 7 5 15 2 8 4 3 18 16 14 20 1
3452
6 7 5 15 4 8 2 0 3 19 18 16 9 17 12 13 14 1 20 10 11
3204
2 11 0 18 16 17 9 12 13 14 1 20 19 10 3 6 7 5 15 4 8
3154
7 6 11 0 18 16 17 9 12 13 14 1 20 19 10 3 15 2 8 4 5
3194
13 1 20 14 19 10 3 6 7 5 15 4 8 2 11 0 18 16 9 17 12
3203
1 20 19 3 6 7 5 4 8 2 15 11 0 10 18 16 9 17 12 13 14
3136
19 10 3 11 0 2 8 4 15 5 7 6 18 16 17 9 12 13 14 1 20
3213
5 7 6 0 11 18 16 9 17 12 13 14 1 20 19 10 3 15 4 8 2
3071
19 3 2 8 4 15 5 7 6 11 0 18 16 17 9 12 13 14 1 20 10
3321
2 8 4 15 11 3 10 19 20 1 14 13 12 17 9 16 18 0 6 7 5
3000
12 13 14 1 20 19 2 8 4 15 5 7 6 11 0 3 10 18 16 17 9
3085
4 8 2 15 0 3 19 18 16 17 9 12 13 14 1 20 10 11 6 7 5
3389
3 6 7 5 2 8 4 15 11 0 18 16 9 17 12 13 14 1 20 19 10
3009
12 17 9 16 18 10 0 11 15 4 8 2 5 7 6 3 19 20 1 14 13
3096
10 19 20 1 14 13 12 17 9 16 18 11 0 4 8 2 15 5 7 6 3
3114
5 4 8 2 15 3 10 19 20 1 14 13 12 17 9 16 18 0 11 6 7
3049
20 1 14 13 12 17 9 19 16 18 3 6 7 5 15 2 8 4 0 11 10
3326
2 1 13 12 14 20 17 9 19 18 16 10 3 11 0 6 7 5 15 4 8
2987
8 4 15 11 3 10 19 20 1 14 13 12 17 9 16 18 0 6 7 5 2
3000
9 17 12 13 14 1 20 19 10 3 11 6 7 5 15 2 8 4 0 18 16
3043
12 17 9 16 18 10 3 0 11 15 2 8 4 5 7 6 19 20 1 14 13
3122
3 10 19 20 1 14 13 12 17 9 16 18 0 6 7 5 15 2 8 4 11
3040
5 7 6 3 10 19 20 1 14 13 12 9 17 16 18 0 11 4 8 2 15
3194
11 0 18 16 17 9 12 13 14 1 20 19 10 3 6 7 5 4 8 2 15
3194
13 12 17 9 16 18 0 15 4 8 2 5 7 6 11 3 10 19 14 20 1
3192
15 11 0 18 16 9 17 12 13 14 1 20 19 10 3 6 7 5 2 8 4
3009
3 10 19 20 1 14 13 12 17 9 16 18 0 11 15 2 8 4 5 7 6
3049
7 6 11 18 16 17 9 12 13 14 1 20 19 10 3 0 4 8 2 15 5
3252
18 16 9 17 12 13 14 1 20 19 10 3 11 6 7 5 2 8 4 15 0
2998
16 18 0 6 7 5 15 4 8 2 11 3 10 19 20 1 14 13 12 9 17
3145
15 11 0 18 16 9 17 12 13 14 1 20 19 10 3 6 7 5 2 8 4
3009
18 0 15 4 8 2 5 7 6 11 3 10 19 20 1 14 13 12 9 17 16
3143
6 7 5 2 8 4 15 11 0 18 16 17 9 12 13 14 1 20 19 10 3
3154
4 5 7 6 3 10 19 20 1 14 13 12 17 9 16 18 0 11 15 2 8
3049
20 10 11 2 8 4 15 5 7 6 0 3 18 16 19 9 17 12 13 14 1
3276
13 12 17 9 16 18 0 6 7 5 15 4 8 2 11 3 10 19 14 20 1
3194
9 17 12 13 14 1 20 3 6 7 5 15 4 8 2 11 0 18 16 10 19
3251
15 5 7 6 11 3 10 19 20 1 14 13 12 17 9 16 18 0 2 8 4
2998
7 5 15 4 8 2 11 18 16 9 17 12 13 14 1 20 19 10 3 0 6
3064
19 3 4 8 2 15 5 7 6 0 11 10 18 16 17 9 12 13 14 1 20
3278
10 3 0 6 7 5 15 4 8 2 11 18 16 9 17 12 13 14 1 20 19
3064
19 20 1 14 13 12 17 9 16 18 10 3 11 0 15 2 8 4 5 7 6
3118
8 2 15 5 7 6 11 0 18 16 9 17 12 13 14 1 20 19 10 3 4
3049
15 2 8 4 5 7 6 0 11 18 16 17 9 12 13 14 1 20 19 10 3
3256
3 0 15 2 8 4 5 7 6 11 18 16 9 17 12 13 14 1 20 19 10
3102
15 2 8 4 3 10 19 20 1 14 13 12 17 9 16 18 0 11 6 7 5
3049
16 18 0 11 6 7 5 15 4 8 2 3 10 19 20 1 14 13 12 9 17
3154
0 6 7 5 4 8 2 15 11 3 10 19 20 1 14 13 12 9 17 16 18
3185
13 1 20 14 16 18 0 11 6 7 5 15 2 8 4 3 10 19 9 17 12
3373
19 10 3 11 0 6 7 5 2 8 4 15 18 16 17 9 12 13 14 1 20
3213
16 17 9 12 13 14 1 20 19 10 3 6 7 5 15 2 8 4 11 0 18
3194
4 8 2 5 7 6 0 3 10 19 20 1 14 13 12 9 17 16 18 11 15
3209
11 6 7 5 15 2 8 4 3 10 19 20 1 14 13 12 9 17 16 18 0
3194
1 14 13 12 17 9 19 16 18 0 15 4 8 2 5 7 6 11 3 10 20
3193
4 8 2 5 7 6 0 3 10 19 20 1 14 13 12 9 17 16 18 11 15
3209
0 18 16 17 9 12 13 14 1 20 19 10 3 6 7 5 2 8 4 15 11
3154
2 8 4 15 11 0 18 16 17 9 12 13 14 1 20 19 10 3 6 7 5
3154
3 15 2 8 4 5 7 6 11 0 18 16 17 9 12 13 14 1 20 19 10
3194
8 2 15 5 7 6 3 10 19 20 1 14 13 12 17 9 16 18 0 11 4
3049
14 1 20 19 3 15 2 8 4 5 7 6 0 11 10 18 16 9 17 12 13
3133
11 0 6 7 5 15 4 8 2 3 19 20 1 14 13 12 17 9 16 18 10
3093
13 12 17 9 19 10 3 0 2 8 4 15 5 7 6 11 18 16 14 20 1
3386
0 6 7 5 15 2 8 4 11 3 10 19 20 1 14 13 12 17 9 16 18
3040
4 5 7 6 3 10 19 20 1 14 13 12 17 9 16 18 0 11 15 2 8
3049
5 15 2 8 4 11 0 18 16 9 17 12 13 14 1 20 19 10 3 6 7
3049
12 17 9 16 18 0 4 8 2 15 5 7 6 11 3 10 19 20 1 14 13
3043
10 19 20 1 14 13 12 9 17 16 18 0 11 6 7 5 2 8 4 15 3
3154
14 1 20 19 2 8 4 15 5 7 6 11 0 3 10 18 16 9 17 12 13
2940
16 17 9 12 13 14 1 20 19 10 3 11 6 7 5 4 8 2 15 0 18
3183
14 13 12 17 9 19 16 18 6 7 5 4 8 2 15 11 0 3 10 20 1
3307
20 1 14 13 12 17 9 16 18 10 11 6 7 5 15 4 8 2 0 3 19
3084
16 17 9 12 13 14 1 20 19 10 3 11 2 8 4 15 5 7 6 0 18
3145
14 13 12 17 9 19 16 18 6 7 5 4 8 2 15 0 11 3 10 20 1
3303
1 14 13 12 17 9 16 18 10 3 0 11 15 4 8 2 5 7 6 19 20
3082
4 15 10 19 20 1 14 13 12 17 9 16 18 3 0 11 6 7 5 2 8
3102
14 13 12 17 9 16 18 0 6 7 5 15 4 8 2 11 3 10 19 20 1
3000
3 10 19 20 1 14 13 12 17 9 16 18 11 6 7 5 4 8 2 15 0
3102
3 0 6 7 5 15 4 8 2 11 18 16 9 17 12 13 14 1 20 19 10
3064
2 0 11 18 16 9 17 12 13 14 1 20 19 10 3 6 7 5 15 4 8
3069
20 19 10 3 2 8 4 15 5 7 6 11 0 18 16 9 17 12 13 14 1
3009
12 9 17 19 16 18 2 8 4 15 5 7 6 11 0 3 10 20 1 14 13
3410
5 7 6 3 18 16 17 9 12 13 14 1 20 19 10 11 0 15 2 8 4
3271
12 13 14 1 20 16 18 6 7 5 15 2 8 4 0 11 3 10 19 17 9
3383
12 13 14 1 20 19 3 4 8 2 15 5 7 6 0 11 10 18 16 9 17
3133
19 10 20 1 14 13 12 9 17 16 18 0 11 4 8 2 15 5 7 6 3
3361
10 19 20 1 14 13 12 9 17 16 18 3 0 6 7 5 15 2 8 4 11
3266
4 5 7 6 0 11 10 19 20 1 14 13 12 9 17 16 18 3 15 2 8
3273
11 15 4 8 2 5 7 6 0 3 18 16 9 17 12 13 14 1 20 19 10
3081
8 4 15 0 11 18 16 17 9 12 13 14 1 20 19 10 3 6 7 5 2
3214
11 0 15 2 8 4 5 7 6 3 18 16 9 17 12 13 14 1 20 19 10
3126
20 1 14 13 12 17 9 16 18 10 3 0 11 2 8 4 15 5 7 6 19
3082
18 16 17 9 12 13 14 1 20 19 10 3 11 4 8 2 15 5 7 6 0
3185
8 4 15 11 10 19 20 1 14 13 12 17 9 16 18 3 0 6 7 5 2
3081
6 11 0 18 16 9 17 12 13 14 1 20 19 10 3 2 8 4 15 5 7
3009
17 9 19 16 18 10 3 11 0 2 8 4 15 5 7 6 20 1 14 13 12
3278
8 4 5 7 6 0 18 16 17 9 12 13 14 1 20 19 10 3 11 15 2
3185
6 11 0 18 16 9 17 12 13 14 1 20 19 10 3 15 2 8 4 5 7
3049
15 2 8 4 0 11 18 16 9 17 12 13 14 1 20 19 10 3 6 7 5
3114
5 7 6 0 18 16 9 17 12 13 14 1 20 19 10 3 11 15 2 8 4
3040
15 4 8 2 5 7 6 0 18 16 17 9 12 13 14 1 20 19 10 3 11
3145
9 19 16 18 6 7 5 15 2 8 4 11 0 3 10 20 1 14 13 12 17
3307
20 1 14 13 12 17 9 16 18 10 11 6 7 5 15 2 8 4 0 3 19
3129
1 14 13 12 17 9 19 16 18 3 6 7 5 4 8 2 15 0 11 10 20
3321
11 0 18 16 9 17 12 13 14 1 20 19 10 3 6 7 5 2 8 4 15
3009
12 13 14 1 20 19 10 11 15 2 8 4 5 7 6 0 3 18 16 17 9
3266
2 8 4 15 5 7 6 0 3 10 19 20 1 14 13 12 17 9 16 18 11
3064
13 1 20 14 19 10 3 6 7 5 4 8 2 15 11 0 18 16 9 17 12
3243
14 13 12 17 9 19 16 18 0 2 8 4 15 5 7 6 11 3 10 20 1
3193
4 15 5 7 6 3 19 18 16 17 9 12 13 14 1 20 10 11 0 2 8
3356
20 1 14 13 12 17 9 19 10 16 18 0 11 4 8 2 15 5 7 6 3
3291
4 3 19 18 16 9 17 12 13 14 1 20 10 11 0 6 7 5 15 2 8
3253
1 20 19 3 6 7 5 2 8 4 15 0 11 10 18 16 9 17 12 13 14
3091
19 10 11 0 2 8 4 15 5 7 6 3 18 16 17 9 12 13 14 1 20
3231
19 20 1 14 13 12 17 9 16 18 2 8 4 15 5 7 6 11 0 3 10
3075
16 9 17 12 13 14 1 20 19 10 3 6 7 5 15 4 8 2 11 0 18
3009
15 0 11 18 16 17 9 12 13 14 1 20 19 10 3 6 7 5 4 8 2
3254
16 18 0 11 6 7 5 15 2 8 4 3 10 19 20 1 14 13 12 17 9
3049
7 6 11 3 10 19 20 1 14 13 12 17 9 16 18 0 15 4 8 2 5
2998
2 0 11 18 16 17 9 12 13 14 1 20 19 10 3 6 7 5 15 4 8
3214
10 19 20 1 14 13 12 9 17 16 18 0 11 15 4 8 2 5 7 6 3
3154
13 12 17 9 19 10 16 18 0 11 6 7 5 2 8 4 15 3 14 20 1
3440
2 1 12 13 14 20 17 9 19 18 16 10 3 11 0 6 7 5 15 4 8
2987
16 9 17 12 13 14 1 20 19 10 3 11 6 7 5 2 8 4 15 0 18
2998
15 4 8 2 11 18 16 17 9 12 13 14 1 20 19 10 3 0 6 7 5
3209
16 18 0 6 7 5 15 2 8 4 11 3 10 19 20 1 14 13 12 17 9
3040
13 1 20 14 19 5 2 8 4 15 7 6 11 0 3 10 18 16 9 17 12
3298
16 18 0 6 7 5 4 8 2 15 11 3 10 19 20 1 14 13 12 9 17
3185
20 19 6 7 5 15 2 8 4 0 11 3 10 18 16 9 17 12 13 14 1
3123
15 0 3 19 20 1 14 13 12 17 9 16 18 10 11 6 7 5 4 8 2
3124
2 11 18 16 17 9 12 13 14 1 20 19 10 3 0 6 7 5 15 4 8
3209
0 3 19 18 16 17 9 12 13 14 1 20 10 11 4 8 2 15 5 7 6
3391
8 4 11 0 18 16 17 9 12 13 14 1 20 19 10 3 6 7 5 15 2
3194
16 18 0 11 6 7 5 4 8 2 15 3 10 19 20 1 14 13 12 9 17
3194
7 6 3 19 18 16 9 17 12 13 14 1 20 10 11 0 4 8 2 15 5
3256
7 5 4 8 2 15 11 0 18 16 17 9 12 13 14 1 20 19 10 3 6
3194
9 17 12 13 14 1 20 19 6 7 5 4 8 2 15 0 11 3 10 18 16
3118
19 20 1 14 13 12 9 17 16 18 0 2 8 4 15 5 7 6 11 3 10
3143
1 14 13 12 17 9 19 16 18 3 0 6 7 5 15 2 8 4 11 10 20
3316
3 0 15 2 8 4 5 7 6 11 18 16 9 17 12 13 14 1 20 19 10
3102
16 9 17 12 13 14 1 20 19 10 3 6 7 5 2 8 4 15 11 0 18
3009
12 13 14 1 20 19 10 3 11 15 2 8 4 5 7 6 0 18 16 9 17
3040
20 10 3 0 11 15 2 8 4 5 7 6 18 16 19 9 17 12 13 14 1
3307
12 17 9 19 10 3 0 11 15 4 8 2 5 7 6 18 16 20 1 14 13
3202
19 10 3 0 11 2 8 4 15 5 7 6 18 16 17 9 12 13 14 1 20
3217
16 18 0 11 4 8 2 15 5 7 6 3 10 19 20 1 14 13 12 17 9
3049
19 20 1 14 13 12 9 17 16 18 10 11 0 4 8 2 15 5 7 6 3
3281
5 4 8 2 15 3 10 19 20 1 14 13 12 17 9 16 18 11 0 6 7
3111
6 7 5 4 8 2 15 0 11 10 19 20 1 14 13 12 17 9 16 18 3
3126
15 5 7 6 3 10 19 20 1 14 13 12 17 9 16 18 0 11 2 8 4
3009
19 20 1 14 13 12 9 17 16 18 4 8 2 15 5 7 6 11 0 3 10
3260
8 4 15 11 0 18 16 17 9 12 13 14 1 20 19 10 3 6 7 5 2
3154
9 19 16 18 10 3 0 11 6 7 5 15 4 8 2 20 1 14 13 12 17
2900
8 4 15 11 0 18 16 17 9 12 13 14 1 20 19 10 3 6 7 5 2
3154
10 19 20 1 14 13 12 17 9 16 18 11 0 15 4 8 2 5 7 6 3
3069
4 8 2 15 5 7 6 0 3 19 18 16 17 9 12 13 14 1 20 10 11
3391
19 10 3 11 0 6 7 5 15 4 8 2 18 16 17 9 12 13 14 1 20
3218
20 1 14 13 12 17 9 16 18 10 3 11 0 15 2 8 4 5 7 6 19
3118
18 0 15 2 8 4 5 7 6 11 3 10 19 20 1 14 13 12 17 9 16
3038
10 3 2 8 4 15 5 7 6 11 0 18 16 17 9 12 13 14 1 20 19
3154
2 1 14 20 13 12 17 9 19 18 16 10 3 0 11 6 7 5 15 4 8
2835
4 8 2 15 5 7 6 0 18 16 17 9 12 13 14 1 20 19 10 3 11
3185
13 1 20 14 19 10 3 15 4 8 2 5 7 6 11 0 18 16 9 17 12
3203
3 10 19 20 1 14 13 12 17 9 16 18 11 4 8 2 15 5 7 6 0
3104
10 19 20 1 14 13 12 9 17 16 18 0 11 6 7 5 15 2 8 4 3
3194
16 18 0 11 2 8 4 15 5 7 6 3 10 19 20 1 14 13 12 9 17
3154
7 6 0 18 16 17 9 12 13 14 1 20 19 10 3 11 4 8 2 15 5
3185
0 11 6 7 5 2 8 4 15 3 10 19 20 1 14 13 12 9 17 16 18
3154
10 19 20 1 14 13 12 9 17 16 18 11 6 7 5 2 8 4 15 0 3
3207
11 10 19 20 1 14 13 12 17 9 16 18 3 0 15 4 8 2 5 7 6
3079
7 5 15 2 8 4 0 3 18 16 9 17 12 13 14 1 20 19 10 11 6
3124
13 1 20 14 10 11 6 7 5 4 8 2 15 0 3 18 16 19 9 17 12
3508
9 17 12 13 14 1 20 19 10 3 6 7 5 2 8 4 15 11 0 18 16
3009
19 10 11 0 6 7 5 4 8 2 15 3 18 16 9 17 12 13 14 1 20
3128
2 1 12 13 14 20 17 9 19 18 16 10 3 11 0 6 7 5 15 4 8
2987
4 15 18 16 9 17 12 13 14 1 20 19 10 3 11 0 6 7 5 2 8
3068
9 17 12 13 14 1 20 3 15 4 8 2 5 7 6 0 11 10 16 18 19
3288
