13 9 16 19 1 14 18 21 17 2 10 20 7 6 15 0 11 3 5 23 4 22 8 12
1389
5 11 3 0 15 6 7 20 10 2 16 17 21 18 14 1 19 12 8 22 13 9 4 23
1372
4 9 16 13 22 8 12 19 1 14 18 21 17 2 10 20 6 15 0 3 11 5 23 7
1414
19 1 13 12 8 22 4 23 5 3 11 0 15 6 2 10 7 20 9 16 21 17 18 14
1413
12 8 22 4 23 5 15 0 3 11 7 6 10 2 20 16 17 21 18 14 1 19 9 13
1419
0 3 11 5 23 4 9 16 13 22 8 12 19 1 14 18 21 17 2 10 20 7 6 15
1384
1 19 14 18 17 21 16 9 20 7 10 2 6 15 5 0 3 11 23 4 22 8 12 13
1440
23 4 9 13 22 8 12 19 1 14 18 21 17 16 20 7 10 2 6 15 5 0 3 11
1408
2 6 5 23 4 9 13 22 12 8 19 1 14 18 21 17 16 20 7 11 3 0 15 10
1401
4 9 16 13 22 8 12 19 1 14 18 21 17 2 10 20 6 15 0 3 11 5 7 23
1415
12 13 9 19 1 14 18 17 21 16 20 10 2 6 7 11 3 0 15 5 23 4 22 8
1419
19 14 18 21 17 16 9 20 10 2 6 7 11 3 0 15 5 23 4 22 8 12 13 1
1418
20 10 2 17 21 18 14 1 19 8 12 22 13 16 9 4 23 7 5 3 11 0 15 6
1456
4 9 16 13 22 8 12 19 1 14 18 21 17 2 10 20 6 15 0 11 3 5 7 23
1424
12 13 9 16 19 1 14 18 21 17 2 10 20 6 15 0 3 11 5 23 7 4 22 8
1410
10 2 7 20 17 21 18 14 1 19 12 8 22 13 16 9 4 23 5 6 11 3 0 15
1419
14 18 21 17 10 2 16 9 20 7 6 11 3 0 15 5 23 4 22 8 12 13 1 19
1431
11 3 23 4 9 16 13 12 8 22 19 1 14 18 21 17 2 10 20 7 6 5 15 0
1413
20 10 2 17 21 18 14 1 19 12 8 22 13 16 9 4 23 7 5 11 3 0 15 6
1415
8 22 3 11 4 23 5 0 15 6 7 20 10 2 17 21 18 14 1 19 16 9 13 12
1394
22 8 12 13 9 16 19 1 14 18 21 17 2 10 20 6 7 11 3 0 15 5 23 4
1406
14 18 21 17 16 9 20 10 2 6 7 5 15 0 11 3 23 4 22 8 12 13 1 19
1413
6 7 20 10 2 17 21 18 14 1 19 12 8 22 13 16 9 4 23 5 11 3 0 15
1384
4 7 23 5 3 11 0 15 6 2 10 20 16 21 17 18 14 1 19 22 8 12 13 9
1428
3 11 0 15 5 6 7 20 10 2 17 21 18 14 1 19 22 8 12 13 16 9 4 23
1413
9 4 23 7 5 11 3 0 15 6 2 10 20 16 21 17 18 14 1 19 13 12 8 22
1398
21 17 18 14 1 19 13 12 8 22 4 23 5 15 0 3 11 6 10 2 7 20 9 16
1363
7 6 15 5 0 11 3 23 4 9 16 13 22 8 12 19 1 14 18 21 17 2 10 20
1428
2 10 7 20 17 21 18 14 1 19 12 8 22 13 16 9 4 23 5 11 3 0 15 6
1422
7 6 15 0 3 11 5 23 4 9 16 13 22 8 12 19 1 14 18 21 17 2 10 20
1384
4 9 22 8 12 13 19 1 14 18 17 21 16 20 2 10 6 15 0 11 3 5 7 23
1407
20 6 15 0 5 11 3 23 7 4 9 16 13 22 8 12 19 1 14 18 21 17 2 10
1458
3 23 4 9 22 8 12 13 19 1 14 18 17 21 16 2 10 20 7 6 5 15 0 11
1379
21 17 18 14 1 19 13 12 8 22 4 23 5 11 3 0 15 6 2 10 7 20 9 16
1358
10 2 7 20 16 17 21 18 14 1 19 22 8 12 13 9 4 23 3 11 0 5 6 15
1437
7 6 15 0 11 3 5 23 4 9 13 22 8 12 19 1 14 18 17 21 16 2 10 20
1381
20 2 10 6 15 5 0 11 3 23 7 4 9 13 22 12 8 19 1 14 18 17 21 16
1466
9 4 23 5 11 3 0 15 6 2 10 7 20 16 17 21 18 14 1 19 22 8 12 13
1401
22 3 11 4 23 5 0 15 6 7 20 10 2 17 21 18 14 1 19 16 9 13 12 8
1394
1 13 12 8 22 4 23 3 11 0 15 5 7 6 10 2 20 9 16 17 21 18 14 19
1413
12 8 22 4 23 11 3 0 5 15 6 7 20 16 2 10 17 21 18 14 1 19 9 13
1463
0 3 11 23 4 9 16 13 22 8 12 19 1 14 18 21 17 2 10 20 7 6 5 15
1376
17 18 14 1 19 13 12 8 22 4 7 23 5 11 3 0 15 6 10 2 20 9 16 21
1376
14 1 19 13 12 8 22 4 7 23 5 15 0 3 11 6 2 10 20 9 16 17 21 18
1381
4 9 13 22 12 8 19 1 14 18 21 17 16 20 10 2 6 15 0 11 3 5 23 7
1431
5 11 3 23 4 9 16 13 12 8 22 19 1 14 18 21 17 2 10 20 7 6 15 0
1457
7 6 15 5 0 3 11 23 4 9 16 13 12 8 22 19 1 14 18 21 17 2 10 20
1449
14 19 1 13 12 8 22 4 23 5 15 0 3 11 6 10 2 7 20 9 16 21 17 18
1409
18 17 21 16 9 20 10 2 6 11 3 0 15 5 7 23 4 22 8 12 13 19 1 14
1382
19 14 18 17 21 16 9 20 23 10 2 6 11 3 0 15 5 7 4 22 8 12 13 1
1461
14 18 17 21 16 9 20 7 2 10 6 15 5 0 11 3 23 4 22 8 12 13 1 19
1448
7 20 10 2 17 21 18 14 1 19 12 8 22 13 16 9 4 23 5 11 3 0 15 6
1384
19 14 18 17 21 16 9 20 2 10 6 7 5 15 0 11 3 23 4 22 8 12 13 1
1413
8 12 13 9 16 19 1 14 18 21 17 2 10 20 7 6 11 3 0 15 5 23 4 22
1385
15 0 11 3 5 23 4 9 22 8 12 13 19 1 14 18 17 21 16 20 7 2 10 6
1388
22 3 11 4 23 5 0 15 6 2 10 7 20 16 17 21 18 14 1 19 9 13 12 8
1419
19 14 18 17 21 16 9 20 23 6 2 10 15 0 3 11 5 7 4 22 8 12 13 1
1413
20 16 17 21 18 14 1 19 13 12 8 22 9 4 23 7 5 11 3 0 15 6 2 10
1398
15 6 7 20 10 2 17 21 18 14 1 19 12 8 22 13 16 9 4 23 5 3 11 0
1393
16 9 20 7 6 15 0 5 11 3 23 4 22 8 12 13 19 1 14 18 21 17 10 2
1424
20 7 2 10 6 15 0 5 11 3 23 4 9 13 22 12 8 19 1 14 18 17 21 16
1448
7 20 16 17 21 18 14 1 19 12 8 22 13 9 4 23 5 11 3 0 15 6 10 2
1372
22 8 12 13 9 19 1 14 18 17 21 16 20 10 2 6 7 11 3 0 15 5 23 4
1419
15 0 5 11 3 23 4 9 16 13 22 8 12 19 1 14 18 21 17 2 10 20 7 6
1428
1 19 14 18 21 17 16 9 20 2 10 6 7 5 15 0 3 11 23 4 22 8 12 13
1405
15 6 7 20 10 2 17 21 18 14 1 19 12 8 22 13 16 9 4 23 5 3 11 0
1393
11 3 0 15 6 20 10 2 17 21 18 14 1 19 8 12 22 13 16 9 4 7 5 23
1447
11 0 15 5 6 7 20 10 2 17 21 18 14 1 19 12 8 22 13 16 9 4 23 3
1384
7 2 10 6 15 5 0 3 11 23 4 9 22 8 12 13 19 1 14 18 17 21 16 20
1415
13 9 16 19 1 14 18 21 17 2 10 20 6 15 5 0 3 11 23 7 4 22 8 12
1446
1 13 12 8 22 4 23 3 11 0 15 5 7 6 2 10 20 9 16 21 17 18 14 19
1413
5 0 3 11 23 4 9 13 22 12 8 19 1 14 18 17 21 16 20 7 2 10 6 15
1440
20 10 2 17 21 18 14 1 19 12 8 22 13 16 9 4 7 23 5 3 11 0 15 6
1423
7 20 16 21 17 18 14 1 19 13 12 8 22 9 4 23 5 3 11 0 15 6 2 10
1388
4 9 16 13 12 8 22 19 1 14 18 21 17 2 10 20 7 6 15 0 3 11 5 23
1413
20 2 10 6 15 0 11 3 5 7 23 4 9 22 8 12 13 19 1 14 18 17 21 16
1407
17 18 14 1 19 13 12 8 22 4 23 5 15 0 3 11 6 10 2 7 20 9 16 21
1363
12 13 9 19 1 14 18 21 17 16 20 2 10 6 7 11 3 0 15 5 23 4 22 8
1419
8 12 13 9 16 19 1 14 18 21 17 2 10 20 6 7 11 3 0 15 5 23 4 22
1406
15 6 10 2 7 20 16 21 17 18 14 1 19 13 12 8 22 9 4 23 5 11 3 0
1379
20 6 15 0 3 11 5 23 7 4 9 16 13 12 8 22 19 1 14 18 21 17 2 10
1443
15 6 7 20 10 2 17 21 18 14 1 19 22 8 12 13 16 9 4 23 3 11 0 5
1457
17 21 18 14 1 19 13 12 8 22 4 23 3 11 5 0 15 6 7 20 9 16 2 10
1424
20 16 21 17 18 14 1 19 12 8 22 13 9 4 23 7 5 11 3 0 15 6 10 2
1391
2 7 20 17 21 18 14 1 19 12 8 22 13 16 9 4 23 5 6 11 3 0 15 10
1419
23 5 11 3 0 15 6 10 2 7 20 16 17 21 18 14 1 19 22 8 12 13 9 4
1401
18 17 21 16 9 20 2 10 6 7 15 0 3 11 5 23 4 22 8 12 13 19 1 14
1378
18 21 17 10 2 16 9 20 23 6 15 0 3 11 5 7 4 22 8 12 13 19 1 14
1416
23 4 9 22 8 12 13 19 1 14 18 17 21 16 2 10 20 7 6 15 0 3 11 5
1379
16 17 21 18 14 1 19 13 12 8 22 4 23 5 11 3 0 15 6 10 2 7 20 9
1358
23 3 11 5 0 15 6 7 20 10 2 17 21 18 14 1 19 8 12 22 13 16 9 4
1460
19 14 18 21 17 16 9 20 2 10 6 15 5 0 11 3 23 7 4 22 8 12 13 1
1466
2 6 11 3 0 15 5 23 4 9 16 13 12 8 22 19 1 14 18 21 17 20 7 10
1456
3 0 15 5 6 7 20 10 2 16 21 17 18 14 1 19 13 12 8 22 9 4 23 11
1371
2 10 15 0 3 11 6 5 23 4 9 16 13 22 8 12 19 1 14 18 21 17 20 7
1419
9 20 7 2 10 6 15 0 3 11 5 23 4 22 8 12 13 19 1 14 18 21 17 16
1358
4 23 5 3 11 0 15 6 7 20 10 2 16 21 17 18 14 1 19 12 8 22 13 9
1381
23 4 9 16 13 22 8 12 19 1 14 18 21 17 2 10 20 7 6 15 0 3 11 5
1384
7 20 10 2 17 21 18 14 1 19 12 8 22 13 16 9 4 23 5 3 11 0 15 6
1393
3 11 23 5 7 4 9 16 13 22 8 12 19 1 14 18 21 17 2 10 20 6 15 0
1415
17 18 14 1 19 13 12 8 22 4 23 5 3 11 0 15 6 10 2 7 20 9 16 21
1367
19 14 18 17 21 16 9 20 2 10 6 7 11 3 0 15 5 23 4 22 8 12 13 1
1418
20 7 6 15 0 5 11 3 23 4 9 16 13 22 12 8 19 1 14 18 21 17 2 10
1460
5 0 15 6 10 2 7 20 16 21 17 18 14 1 19 8 12 22 13 9 4 23 3 11
1448
12 8 22 4 23 5 15 0 3 11 6 10 2 7 20 16 21 17 18 14 1 19 9 13
1410
3 23 5 7 4 9 13 22 8 12 19 1 14 18 17 21 16 20 10 2 6 15 0 11
1399
1 13 12 8 22 4 23 5 3 11 0 15 6 10 2 7 20 9 16 21 17 18 14 19
1413
2 10 15 0 3 11 6 5 23 4 9 16 13 12 8 22 19 1 14 18 21 17 20 7
1448
15 5 0 3 11 23 4 9 13 22 12 8 19 1 14 18 17 21 16 2 10 20 7 6
1440
0 15 6 7 20 10 2 16 21 17 18 14 1 19 8 12 22 13 9 4 23 5 11 3
1404
18 21 17 16 9 20 7 10 2 6 15 0 11 3 5 23 4 22 8 12 13 19 1 14
1367
14 18 21 17 10 2 16 9 20 7 6 15 0 3 11 5 23 4 22 8 12 13 1 19
1426
19 1 13 12 8 22 4 7 5 15 0 3 11 6 23 20 9 16 2 10 17 21 18 14
1467
15 0 3 11 5 23 4 9 13 22 8 12 19 1 14 18 17 21 16 20 7 2 10 6
1372
18 21 17 10 2 16 9 20 7 6 15 0 11 3 5 23 4 22 8 12 13 19 1 14
1389
23 3 11 0 5 15 6 2 10 7 20 16 17 21 18 14 1 19 13 12 8 22 9 4
1423
7 20 10 2 16 21 17 18 14 1 19 22 8 12 13 9 4 23 3 11 5 0 15 6
1445
16 21 17 18 14 1 19 12 8 22 13 9 4 23 7 5 11 3 0 15 6 10 2 20
1391
23 4 9 22 8 12 13 19 1 14 18 17 21 16 20 7 10 2 6 15 0 3 11 5
1379
2 10 15 0 3 11 7 20 17 21 18 14 1 19 12 8 22 13 16 9 4 23 5 6
1419
18 17 21 16 9 20 7 2 10 6 11 3 0 15 5 23 4 22 8 12 13 19 1 14
1363
12 13 9 16 19 1 14 18 21 17 2 10 20 6 7 11 3 0 15 5 23 4 22 8
1406
2 10 15 0 3 11 7 20 16 21 17 18 14 1 19 13 12 8 22 9 4 23 5 6
1376
0 15 6 7 20 16 2 10 17 21 18 14 1 19 13 12 8 22 9 4 23 5 11 3
1401
17 16 9 20 7 2 10 6 15 0 3 11 5 23 4 22 8 12 13 19 1 14 18 21
1358
17 21 18 14 1 19 13 12 8 22 4 23 5 11 3 0 15 7 6 10 2 20 9 16
1378
19 1 13 12 8 22 4 23 5 15 0 3 11 6 2 10 7 20 9 16 17 21 18 14
1409
10 2 7 20 16 21 17 18 14 1 19 13 12 8 22 9 4 23 3 11 0 5 6 15
1415
23 5 3 11 0 15 6 7 20 16 2 10 17 21 18 14 1 19 22 8 12 13 9 4
1432
2 10 15 0 3 11 7 20 17 21 18 14 1 19 22 8 12 13 16 9 4 23 5 6
1448
16 17 21 18 14 1 19 13 12 8 22 9 4 23 5 3 11 0 15 6 7 20 10 2
1388
19 1 13 12 8 22 4 23 7 5 15 0 3 11 6 2 10 20 9 16 21 17 18 14
1428
15 6 7 20 10 2 16 21 17 18 14 1 19 12 8 22 13 9 4 23 5 3 11 0
1381
9 4 23 7 5 11 3 0 15 6 10 2 20 16 17 21 18 14 1 19 8 12 22 13
1423
1 13 12 8 22 4 23 3 11 0 15 5 7 6 2 10 20 9 16 17 21 18 14 19
1413
12 13 9 16 19 1 14 18 21 17 2 10 20 7 6 15 0 5 23 4 11 3 22 8
1394
9 4 23 7 5 11 3 0 15 6 20 10 2 17 21 18 14 1 19 12 8 22 13 16
1415
23 3 11 5 0 15 6 10 2 7 20 16 17 21 18 14 1 19 8 12 22 13 9 4
1448
14 18 17 21 16 9 20 7 2 10 6 11 3 0 15 5 23 4 22 8 12 13 19 1
1363
9 4 7 23 11 3 0 5 15 6 20 10 2 17 21 18 14 1 19 12 8 22 13 16
1450
17 16 9 20 7 2 10 6 15 0 11 3 5 23 4 22 8 12 13 19 1 14 18 21
1367
14 18 17 21 16 9 20 7 2 10 6 15 0 5 11 3 23 4 22 8 12 13 1 19
1448
16 17 21 18 14 1 19 13 12 8 22 4 23 5 11 3 0 15 6 10 2 7 20 9
1358
4 23 11 3 0 5 15 6 7 20 10 2 16 21 17 18 14 1 19 12 8 22 13 9
1408
6 15 0 11 3 5 23 4 9 16 13 12 8 22 19 1 14 18 21 17 2 10 20 7
1422
11 3 23 4 9 16 13 22 8 12 19 1 14 18 21 17 2 10 20 7 6 5 15 0
1384
7 20 10 2 16 21 17 18 14 1 19 12 8 22 13 9 4 23 3 11 5 0 15 6
1416
21 17 10 2 16 9 20 7 6 11 3 0 15 5 23 4 22 8 12 13 19 1 14 18
1385
20 6 15 0 3 11 5 23 7 4 9 16 13 22 8 12 19 1 14 18 21 17 2 10
1414
22 8 12 13 9 19 1 14 18 21 17 16 20 10 2 6 15 0 11 3 5 7 23 4
1433
18 17 21 16 9 20 2 10 6 7 5 15 0 3 11 23 4 22 8 12 13 19 1 14
1359
14 19 1 13 12 8 22 4 23 5 15 0 3 11 6 10 2 7 20 9 16 21 17 18
1409
2 10 7 20 16 17 21 18 14 1 19 13 12 8 22 9 4 23 5 3 11 0 15 6
1388
2 10 15 0 3 11 6 5 23 4 9 13 12 8 22 19 1 14 18 21 17 16 20 7
1398
12 8 22 4 23 5 15 0 3 11 6 7 20 10 2 17 21 18 14 1 19 16 9 13
1385
2 10 15 0 3 11 7 20 17 21 18 14 1 19 22 8 12 13 16 9 4 23 5 6
1448
9 20 2 10 6 15 0 3 11 5 7 23 4 22 8 12 13 19 1 14 18 21 17 16
1377
16 21 17 18 14 1 19 13 12 8 22 9 4 23 5 3 11 0 15 6 7 20 10 2
1388
3 0 15 5 6 2 10 7 20 16 21 17 18 14 1 19 12 8 22 13 9 4 23 11
1364
15 0 3 11 5 23 4 9 16 13 22 12 8 19 1 14 18 21 17 2 10 20 7 6
1416
7 6 15 0 3 11 5 23 4 9 16 13 22 8 12 19 1 14 18 21 17 2 10 20
1384
19 1 13 12 8 22 4 23 5 15 0 3 11 7 6 2 10 20 9 16 21 17 18 14
1418
7 6 15 5 0 11 3 23 4 9 13 22 8 12 19 1 14 18 17 21 16 2 10 20
1416
13 12 8 22 4 23 7 5 3 11 0 15 6 20 10 2 17 21 18 14 1 19 16 9
1420
12 8 22 4 7 23 3 11 0 5 15 6 2 10 20 16 21 17 18 14 1 19 9 13
1467
7 20 10 2 17 21 18 14 1 19 12 8 22 13 16 9 4 23 11 3 0 5 15 6
1420
16 9 20 2 10 6 7 5 15 0 11 3 23 4 22 8 12 13 19 1 14 18 21 17
1367
8 22 4 23 7 5 15 0 3 11 6 10 2 20 16 21 17 18 14 1 19 9 13 12
1429
14 18 21 17 16 9 20 10 2 6 7 5 15 0 3 11 23 4 22 8 12 13 1 19
1405
15 6 7 20 10 2 17 21 18 14 1 19 12 8 22 13 16 9 4 23 11 3 0 5
1420
3 11 0 15 5 6 10 2 7 20 16 17 21 18 14 1 19 22 8 12 13 9 4 23
1401
6 15 0 3 11 5 23 4 9 16 13 22 8 12 19 1 14 18 21 17 2 10 20 7
1384
14 18 17 21 16 9 20 7 2 10 6 11 3 0 15 5 23 4 22 8 12 13 1 19
1409
12 8 22 4 23 3 11 0 5 15 6 7 20 10 2 17 21 18 14 1 19 16 9 13
1424
17 21 18 14 1 19 13 12 8 22 4 23 5 3 11 0 15 6 7 20 9 16 2 10
1389
21 17 10 2 16 9 20 7 6 15 0 3 11 5 23 4 22 8 12 13 19 1 14 18
1380
5 15 6 2 10 7 20 16 21 17 18 14 1 19 13 12 8 22 9 4 23 3 11 0
1423
12 13 9 16 19 1 14 18 21 17 2 10 20 7 6 15 0 3 11 5 23 4 22 8
1380
21 16 9 20 7 2 10 6 11 3 0 15 5 23 4 22 8 12 13 19 1 14 18 17
1363
0 3 11 5 23 4 9 13 22 8 12 19 1 14 18 17 21 16 20 7 2 10 6 15
1372
2 10 15 0 3 11 7 20 17 21 18 14 1 19 12 8 22 13 16 9 4 23 5 6
1419
20 6 15 0 11 3 5 23 7 4 9 16 13 22 8 12 19 1 14 18 21 17 2 10
1423
22 4 23 3 11 0 5 15 6 2 10 7 20 16 21 17 18 14 1 19 9 13 12 8
1449
14 18 21 17 16 9 20 7 10 2 6 15 5 0 11 3 23 4 22 8 12 13 1 19
1448
20 6 15 5 0 3 11 23 7 4 9 16 13 22 12 8 19 1 14 18 21 17 2 10
1482
0 15 5 6 7 20 10 2 17 21 18 14 1 19 12 8 22 13 16 9 4 23 11 3
1376
16 9 20 10 2 6 7 5 15 0 11 3 23 4 22 8 12 13 19 1 14 18 21 17
1367
16 9 20 10 2 6 7 5 15 0 11 3 23 4 22 8 12 13 19 1 14 18 17 21
1367
3 11 0 15 5 6 7 20 10 2 17 21 18 14 1 19 8 12 22 13 16 9 4 23
1416
18 21 17 16 9 20 2 10 6 7 5 15 0 11 3 23 4 22 8 12 13 19 1 14
1367
21 16 9 20 10 2 6 7 11 3 0 15 5 23 4 22 8 12 13 19 1 14 18 17
1372
1 13 12 8 22 4 23 11 3 0 15 5 7 6 10 2 20 9 16 21 17 18 14 19
1405
8 22 3 11 4 23 5 0 15 6 7 20 10 2 17 21 18 14 1 19 16 9 13 12
1394
11 23 5 7 4 9 16 13 22 12 8 19 1 14 18 21 17 2 10 20 6 15 0 3
1447
5 23 4 9 13 12 8 22 19 1 14 18 17 21 16 2 10 20 7 6 15 0 11 3
1410
8 12 13 9 16 19 1 14 18 21 17 2 10 20 7 6 15 0 5 11 3 23 4 22
1424
9 20 2 10 6 7 5 15 0 3 11 23 4 22 8 12 13 19 1 14 18 17 21 16
1359
6 15 0 3 11 5 23 4 9 22 8 12 13 19 1 14 18 21 17 16 20 7 10 2
1379
4 9 13 12 8 22 19 1 14 18 17 21 16 20 2 10 6 15 0 11 3 5 23 7
1428
12 13 9 19 1 14 18 17 21 16 20 7 10 2 6 15 5 0 11 3 23 4 22 8
1449
3 0 15 5 6 7 20 10 2 16 21 17 18 14 1 19 13 12 8 22 9 4 23 11
1371
15 6 7 20 10 2 17 21 18 14 1 19 12 8 22 13 16 9 4 23 11 3 0 5
1420
11 23 4 9 16 13 22 12 8 19 1 14 18 21 17 2 10 20 7 6 5 15 0 3
1408
15 6 7 20 10 2 17 21 18 14 1 19 12 8 22 13 16 9 4 23 3 11 0 5
1428
8 22 4 23 11 3 0 5 15 6 7 20 10 2 17 21 18 14 1 19 16 9 13 12
1416
23 4 9 13 12 8 22 19 1 14 18 21 17 10 2 16 20 7 6 15 5 0 11 3
1467
18 21 17 10 2 16 9 20 23 6 15 0 3 11 5 7 4 22 8 12 13 19 1 14
1416
0 3 11 23 5 7 4 9 16 13 22 8 12 19 1 14 18 21 17 2 10 20 6 15
1415
22 8 12 13 9 16 19 1 14 18 21 17 2 10 20 6 11 3 0 15 5 23 7 4
1415
15 6 7 20 10 2 17 21 18 14 1 19 12 8 22 13 16 9 4 23 11 3 0 5
1420
17 21 18 14 1 19 13 12 8 22 4 7 5 3 11 0 15 6 23 20 9 16 2 10
1425
17 16 9 20 2 10 6 7 15 0 3 11 5 23 4 22 8 12 13 19 1 14 18 21
1378
10 15 0 3 11 6 5 23 4 9 13 22 8 12 19 1 14 18 17 21 16 20 7 2
1369
21 17 18 14 1 19 13 12 8 22 4 23 3 11 5 0 15 6 2 10 7 20 9 16
1402
22 8 12 13 9 19 1 14 18 17 21 16 20 7 2 10 6 11 3 0 15 5 23 4
1410
5 23 4 9 13 22 12 8 19 1 14 18 17 21 16 2 10 20 7 6 15 0 3 11
1404
18 21 17 16 9 20 2 10 6 11 3 0 15 5 23 7 4 22 8 12 13 19 1 14
1381
15 6 10 2 7 20 16 21 17 18 14 1 19 13 12 8 22 9 4 23 3 11 0 5
1423
14 19 1 13 12 8 22 4 23 3 11 5 0 15 6 7 20 9 16 2 10 17 21 18
1470
16 9 20 2 10 6 7 15 0 3 11 5 23 4 22 8 12 13 19 1 14 18 21 17
1378
22 8 12 13 9 19 1 14 18 17 21 16 20 10 2 6 7 11 3 0 15 5 23 4
1419
21 17 10 2 16 9 20 23 6 15 0 11 3 5 7 4 22 8 12 13 19 1 14 18
1425
9 16 13 12 8 22 19 1 14 18 21 17 2 10 20 6 15 0 3 11 5 7 23 4
1444
17 18 14 1 19 13 12 8 22 4 23 5 3 11 0 15 6 2 10 7 20 9 16 21
1367
3 23 4 9 13 22 12 8 19 1 14 18 17 21 16 20 7 10 2 6 5 15 0 11
1404
1 13 12 8 22 4 23 3 11 0 15 5 7 6 10 2 20 9 16 17 21 18 14 19
1413
15 6 7 20 10 2 17 21 18 14 1 19 12 8 22 13 16 9 4 23 3 11 5 0
1428
2 6 15 0 11 3 5 23 4 9 22 8 12 13 19 1 14 18 21 17 16 20 7 10
1388
11 0 15 5 6 7 20 10 2 17 21 18 14 1 19 8 12 22 13 16 9 4 23 3
1416
6 10 2 7 20 16 21 17 18 14 1 19 22 8 12 13 9 4 23 3 11 5 0 15
1445
9 16 21 17 18 14 1 19 13 12 8 22 4 23 11 3 0 15 5 7 6 2 10 20
1359
15 0 3 11 5 23 4 9 16 13 22 8 12 19 1 14 18 21 17 2 10 20 7 6
1384
11 3 23 4 9 22 8 12 13 19 1 14 18 17 21 16 2 10 20 7 6 5 15 0
1379
11 23 4 9 22 8 12 13 19 1 14 18 17 21 16 2 10 20 7 6 5 15 0 3
1371
15 0 11 3 5 23 4 9 16 13 22 8 12 19 1 14 18 21 17 2 10 20 7 6
1393
5 15 6 10 2 7 20 16 21 17 18 14 1 19 12 8 22 13 9 4 23 11 3 0
1408
9 20 7 10 2 6 15 5 0 3 11 23 4 22 8 12 13 19 1 14 18 21 17 16
1394
7 6 15 0 11 3 5 23 4 9 16 13 22 8 12 19 1 14 18 21 17 2 10 20
1393
22 4 23 11 3 0 5 15 6 10 2 7 20 16 21 17 18 14 1 19 9 13 12 8
1441
0 3 11 5 23 4 9 22 8 12 13 19 1 14 18 17 21 16 2 10 20 7 6 15
1379
13 9 16 19 1 14 18 21 17 2 10 20 7 6 15 5 0 3 11 23 4 22 8 12
1416
21 16 9 20 10 2 6 7 11 3 0 15 5 23 4 22 8 12 13 19 1 14 18 17
1372
12 8 22 3 11 4 23 7 5 0 15 6 10 2 20 16 17 21 18 14 1 19 9 13
1438
10 7 20 16 17 21 18 14 1 19 13 12 8 22 9 4 23 5 15 0 3 11 6 2
1384
1 13 12 8 22 4 7 23 5 15 0 3 11 6 10 2 20 9 16 17 21 18 14 19
1427
3 0 15 5 6 7 20 10 2 16 21 17 18 14 1 19 13 12 8 22 9 4 23 11
1371
7 20 10 2 17 21 18 14 1 19 12 8 22 13 16 9 4 23 3 11 5 0 15 6
1428
13 9 19 1 14 18 21 17 16 2 10 20 7 6 15 0 11 3 5 23 4 22 8 12
1414
20 7 4 9 13 22 8 12 19 1 14 18 21 17 16 2 10 23 3 11 5 0 15 6
1463
10 2 6 15 5 0 11 3 23 4 9 13 12 8 22 19 1 14 18 21 17 16 20 7
1445
14 18 17 21 16 9 20 7 10 2 6 15 5 0 3 11 23 4 22 8 12 13 19 1
1394
4 23 5 11 3 0 15 6 7 20 10 2 17 21 18 14 1 19 12 8 22 13 16 9
1384
4 23 5 3 11 0 15 6 7 20 10 2 17 21 18 14 1 19 8 12 22 13 16 9
1425
12 13 9 16 19 1 14 18 21 17 2 10 20 7 6 15 0 5 23 4 11 3 22 8
1394
21 16 9 20 7 2 10 6 15 0 11 3 5 23 4 22 8 12 13 19 1 14 18 17
1367
23 4 9 13 22 8 12 19 1 14 18 21 17 16 2 10 20 7 6 15 0 11 3 5
1381
10 2 6 5 23 4 9 16 13 22 8 12 19 1 14 18 21 17 20 7 11 3 0 15
1419
2 10 15 6 5 0 11 3 23 4 9 22 8 12 13 19 1 14 18 21 17 16 20 7
1415
5 15 6 7 20 10 2 16 21 17 18 14 1 19 12 8 22 13 9 4 23 11 3 0
1408
3 11 0 15 6 20 10 2 17 21 18 14 1 19 8 12 22 13 16 9 4 7 5 23
1455
15 0 3 11 5 23 4 9 16 13 22 12 8 19 1 14 18 21 17 2 10 20 7 6
1416
18 21 17 16 9 20 10 2 6 11 3 0 15 5 23 7 4 22 8 12 13 19 1 14
1381
16 9 20 10 2 6 11 3 0 15 5 7 23 4 22 8 12 13 19 1 14 18 21 17
1382
2 6 15 5 0 3 11 23 4 9 22 8 12 13 19 1 14 18 21 17 16 20 7 10
1415
21 16 9 20 7 2 10 6 15 0 3 11 5 23 4 22 8 12 13 19 1 14 18 17
1358
2 7 20 16 17 21 18 14 1 19 13 12 8 22 9 4 23 5 6 11 3 0 15 10
1376
2 10 7 20 17 21 18 14 1 19 12 8 22 13 16 9 4 23 5 3 11 0 15 6
1431
6 15 0 5 11 3 23 4 9 13 22 12 8 19 1 14 18 21 17 10 2 16 20 7
1470
11 3 23 5 7 4 9 16 13 22 12 8 19 1 14 18 21 17 2 10 20 6 15 0
1455
14 1 19 13 12 8 22 4 7 5 15 0 3 11 6 23 20 9 16 2 10 17 21 18
1421
19 1 13 12 8 22 4 23 11 3 0 15 5 7 6 2 10 20 9 16 21 17 18 14
1405
5 15 6 7 20 16 2 10 17 21 18 14 1 19 12 8 22 13 9 4 23 11 3 0
1430
2 10 15 6 5 0 11 3 23 4 9 16 13 22 12 8 19 1 14 18 21 17 20 7
1490
6 15 0 3 11 5 23 4 9 22 8 12 13 19 1 14 18 17 21 16 20 7 10 2
1379
6 15 5 0 3 11 23 4 9 16 13 12 8 22 19 1 14 18 21 17 2 10 20 7
1449
20 6 15 0 3 11 5 23 7 4 9 16 13 22 8 12 19 1 14 18 21 17 2 10
1414
9 16 13 22 8 12 19 1 14 18 21 17 2 10 20 6 15 0 11 3 5 7 23 4
1424
17 21 16 9 20 2 10 6 7 11 3 0 15 5 23 4 22 8 12 13 19 1 14 18
1372
22 8 12 13 9 19 1 14 18 21 17 10 2 16 20 7 6 15 5 0 3 11 23 4
1463
5 11 3 0 15 6 7 20 10 2 16 21 17 18 14 1 19 22 8 12 13 9 4 23
1401
17 16 9 20 7 2 10 6 15 0 3 11 5 23 4 22 8 12 13 19 1 14 18 21
1358
9 16 2 10 17 21 18 14 1 19 13 12 8 22 4 7 5 3 11 0 15 6 23 20
1425
9 20 7 2 10 6 15 0 3 11 5 23 4 22 8 12 13 19 1 14 18 17 21 16
1358
8 22 4 23 5 15 0 3 11 7 6 20 10 2 17 21 18 14 1 19 16 9 13 12
1406
10 15 6 5 0 3 11 23 4 9 13 22 8 12 19 1 14 18 17 21 16 20 7 2
1400
13 9 19 1 14 18 17 21 16 20 2 10 6 15 0 3 11 5 7 23 4 22 8 12
1424
23 4 9 22 8 12 13 19 1 14 18 17 21 16 20 7 2 10 6 15 5 0 3 11
1415
7 6 15 5 0 11 3 23 4 9 13 22 12 8 19 1 14 18 17 21 16 2 10 20
1448
15 6 2 10 7 20 16 21 17 18 14 1 19 13 12 8 22 9 4 23 5 11 3 0
1379
14 1 19 13 12 8 22 4 23 3 11 5 0 15 6 7 20 9 16 2 10 17 21 18
1424
23 4 9 13 12 8 22 19 1 14 18 21 17 16 2 10 20 7 6 15 0 5 11 3
1445
19 14 18 21 17 16 9 20 2 10 6 7 15 0 11 3 5 23 4 22 8 12 13 1
1433
21 18 14 1 19 13 12 8 22 4 23 7 5 15 0 3 11 6 2 10 20 9 16 17
1382
8 12 13 9 16 19 1 14 18 21 17 2 10 20 6 7 5 15 0 11 3 23 4 22
1401
18 14 1 19 13 12 8 22 4 23 5 11 3 0 15 6 7 20 9 16 2 10 17 21
1380
6 7 20 10 2 17 21 18 14 1 19 22 8 12 13 16 9 4 23 5 3 11 0 15
1422
13 9 16 19 1 14 18 21 17 2 10 20 7 6 15 0 11 3 5 23 4 22 8 12
1389
13 12 8 22 4 7 23 5 11 3 0 15 6 20 10 2 17 21 18 14 1 19 16 9
1410
18 21 17 16 9 20 10 2 6 11 3 0 15 5 7 23 4 22 8 12 13 19 1 14
1382
15 0 5 11 3 23 4 9 22 8 12 13 19 1 14 18 21 17 10 2 16 20 7 6
1445
15 6 7 20 10 2 17 21 18 14 1 19 8 12 22 13 16 9 4 23 3 11 5 0
1460
14 19 1 13 12 8 22 4 23 5 3 11 0 15 6 2 10 7 20 9 16 21 17 18
1413
1 13 12 8 22 4 23 3 11 0 5 15 6 2 10 7 20 9 16 21 17 18 14 19
1448
13 12 8 22 4 23 11 3 0 5 15 6 7 20 10 2 17 21 18 14 1 19 16 9
1416
22 8 12 13 9 16 19 1 14 18 21 17 2 10 20 7 6 15 0 5 23 4 11 3
1394
1 13 12 8 22 4 23 3 11 5 0 15 6 2 10 7 20 9 16 21 17 18 14 19
1448
6 7 20 10 2 17 21 18 14 1 19 12 8 22 13 16 9 4 23 11 3 0 5 15
1420
10 15 0 3 11 7 20 16 17 21 18 14 1 19 12 8 22 13 9 4 23 5 6 2
1369
4 23 7 5 11 3 0 15 6 20 10 2 17 21 18 14 1 19 8 12 22 13 16 9
1447
3 11 0 15 5 6 7 20 10 2 17 21 18 14 1 19 8 12 22 13 16 9 4 23
1416
17 21 18 14 1 19 13 12 8 22 4 23 3 11 0 15 5 7 6 10 2 20 9 16
1367
10 15 0 3 11 7 20 16 17 21 18 14 1 19 13 12 8 22 9 4 23 5 6 2
1376
20 2 10 6 15 0 11 3 5 23 7 4 9 13 12 8 22 19 1 14 18 21 17 16
1428
19 14 18 17 21 16 9 20 2 10 6 7 15 0 3 11 5 23 4 22 8 12 13 1
1424
11 3 0 15 6 7 20 10 2 17 21 18 14 1 19 12 8 22 13 16 9 4 23 5
1384
23 3 11 0 5 15 6 7 20 10 2 17 21 18 14 1 19 12 8 22 13 16 9 4
1428
12 8 22 4 23 11 3 0 15 5 7 6 10 2 20 16 17 21 18 14 1 19 9 13
1406
23 3 11 0 5 15 6 2 10 7 20 16 21 17 18 14 1 19 13 12 8 22 9 4
1423
4 23 5 11 3 0 15 6 7 20 10 2 16 21 17 18 14 1 19 13 12 8 22 9
1379
4 9 16 13 22 8 12 19 1 14 18 21 17 2 10 20 6 15 0 5 11 3 23 7
1458
7 20 10 2 17 21 18 14 1 19 22 8 12 13 16 9 4 23 11 3 0 5 15 6
1449
10 2 6 15 0 3 11 5 23 4 9 13 12 8 22 19 1 14 18 21 17 16 20 7
1401
16 2 10 17 21 18 14 1 19 13 12 8 22 4 7 5 11 3 0 15 6 23 20 9
1416
13 12 8 22 4 23 3 11 0 5 15 6 7 20 10 2 17 21 18 14 1 19 16 9
1424
2 10 15 0 3 11 6 5 23 4 9 16 13 22 8 12 19 1 14 18 21 17 20 7
1419
16 20 2 10 6 15 0 11 3 5 7 23 4 9 13 22 8 12 19 1 14 18 17 21
1400
5 0 3 11 23 4 9 16 13 12 8 22 19 1 14 18 21 17 2 10 20 7 6 15
1449
6 15 0 3 11 5 23 4 9 16 13 22 8 12 19 1 14 18 21 17 2 10 20 7
1384
22 8 12 13 9 19 1 14 18 21 17 16 20 10 2 6 7 11 3 0 15 5 23 4
1419
22 4 23 5 15 0 3 11 6 7 20 10 2 17 21 18 14 1 19 16 9 13 12 8
1385
3 0 15 5 6 7 20 10 2 17 21 18 14 1 19 12 8 22 13 16 9 4 23 11
1376
19 14 18 21 17 10 2 16 9 20 7 6 11 3 0 15 5 23 4 22 8 12 13 1
1431
19 1 13 12 8 22 4 23 5 15 0 3 11 6 10 2 7 20 9 16 21 17 18 14
1409
0 15 5 6 7 20 10 2 17 21 18 14 1 19 12 8 22 13 16 9 4 23 11 3
1376
22 8 12 13 9 16 19 1 14 18 21 17 2 10 20 6 15 0 11 3 5 7 23 4
1420
23 5 11 3 0 15 6 7 20 10 2 16 21 17 18 14 1 19 8 12 22 13 9 4
1404
12 8 22 4 7 23 5 15 0 3 11 6 2 10 20 16 21 17 18 14 1 19 9 13
1428
1 19 14 18 17 21 16 9 20 7 10 2 6 15 0 5 11 3 23 4 22 8 12 13
1448
19 14 18 21 17 16 9 20 7 2 10 6 11 3 0 15 5 23 4 22 8 12 13 1
1409
3 23 4 9 16 13 22 12 8 19 1 14 18 21 17 2 10 20 7 6 5 15 0 11
1416
8 22 4 23 7 5 11 3 0 15 6 10 2 20 16 17 21 18 14 1 19 9 13 12
1424
21 16 9 20 2 10 6 7 5 15 0 11 3 23 4 22 8 12 13 19 1 14 18 17
1367
0 3 11 5 23 4 9 16 13 22 8 12 19 1 14 18 21 17 2 10 20 7 6 15
1384
4 9 13 12 8 22 19 1 14 18 21 17 16 20 2 10 6 15 0 11 3 5 23 7
1428
4 9 22 8 12 13 19 1 14 18 17 21 16 20 2 10 6 15 0 3 11 5 7 23
1398
18 14 1 19 13 12 8 22 4 23 5 11 3 0 15 6 7 20 9 16 2 10 17 21
1380
20 10 2 17 21 18 14 1 19 12 8 22 13 16 9 4 23 5 3 11 0 15 6 7
1393
5 11 3 0 15 6 7 20 10 2 16 21 17 18 14 1 19 13 12 8 22 9 4 23
1379
12 13 9 16 19 1 14 18 21 17 2 10 20 6 11 3 0 15 5 7 23 4 22 8
1416
0 15 6 7 20 10 2 16 21 17 18 14 1 19 13 12 8 22 9 4 23 5 11 3
1379
14 19 1 13 12 8 22 4 23 5 3 11 0 15 6 10 2 7 20 9 16 21 17 18
1413
21 18 14 1 19 13 12 8 22 4 23 11 3 0 15 5 7 6 10 2 20 9 16 17
1359
2 10 7 20 17 21 18 14 1 19 12 8 22 13 16 9 4 23 5 15 0 3 11 6
1427
1 19 14 18 21 17 16 9 20 10 2 6 15 5 0 3 11 23 7 4 22 8 12 13
1458
17 18 14 1 19 13 12 8 22 4 23 5 3 11 0 15 6 2 10 7 20 9 16 21
1367
20 2 10 6 15 0 5 11 3 23 7 4 9 22 8 12 13 19 1 14 18 17 21 16
1441
6 7 20 10 2 17 21 18 14 1 19 12 8 22 13 16 9 4 23 5 11 3 0 15
1384
8 12 13 9 16 19 1 14 18 21 17 2 10 20 7 6 15 5 0 3 11 23 4 22
1416
10 2 6 11 3 0 15 5 23 4 9 22 8 12 13 19 1 14 18 21 17 16 20 7
1384
10 7 20 16 17 21 18 14 1 19 22 8 12 13 9 4 23 5 3 11 0 15 6 2
1410
20 7 6 15 5 0 3 11 23 4 9 13 22 8 12 19 1 14 18 17 21 16 2 10
1408
4 9 16 13 22 8 12 19 1 14 18 21 17 2 10 20 6 15 0 3 11 5 23 7
1414
2 7 20 16 21 17 18 14 1 19 8 12 22 13 9 4 23 3 11 0 5 6 15 10
1440
23 4 9 16 13 22 12 8 19 1 14 18 21 17 2 10 20 7 6 15 0 3 11 5
1416
3 11 0 15 5 6 7 20 10 2 16 21 17 18 14 1 19 12 8 22 13 9 4 23
1372
6 7 20 16 2 10 17 21 18 14 1 19 12 8 22 13 9 4 23 11 3 0 5 15
1430
18 17 21 16 9 20 7 10 2 6 11 3 0 15 5 23 4 22 8 12 13 19 1 14
1363
9 20 2 10 6 7 11 3 0 15 5 23 4 22 8 12 13 19 1 14 18 21 17 16
1372
13 12 8 22 4 23 11 3 0 5 15 6 7 20 10 2 17 21 18 14 1 19 16 9
1416
20 10 2 17 21 18 14 1 19 12 8 22 13 16 9 4 7 23 5 11 3 0 15 6
1414
7 6 15 5 0 3 11 23 4 9 16 13 12 8 22 19 1 14 18 21 17 2 10 20
1449
4 23 3 11 0 5 15 6 7 20 16 2 10 17 21 18 14 1 19 13 12 8 22 9
1445
8 12 13 9 16 19 1 14 18 21 17 2 10 20 6 7 5 15 0 11 3 23 4 22
1401
21 17 10 2 16 9 20 7 6 15 0 3 11 5 23 4 22 8 12 13 19 1 14 18
1380
20 7 4 9 22 8 12 13 19 1 14 18 21 17 16 23 5 3 11 0 15 6 10 2
1439
1 19 14 18 17 21 16 9 20 23 6 2 10 11 3 0 15 5 7 4 22 8 12 13
1461
2 7 20 16 17 21 18 14 1 19 13 12 8 22 9 4 23 3 11 0 5 6 15 10
1415
23 5 11 3 0 15 6 7 20 16 2 10 17 21 18 14 1 19 12 8 22 13 9 4
1394
13 9 16 19 1 14 18 21 17 2 10 20 7 6 15 0 3 11 5 23 4 22 8 12
1380
17 18 14 1 19 13 12 8 22 4 23 5 3 11 0 15 6 2 10 7 20 9 16 21
1367
22 8 12 13 9 16 19 1 14 18 21 17 2 10 20 7 6 11 3 0 15 5 23 4
1385
19 14 18 17 21 16 9 20 10 2 6 11 3 0 15 5 7 23 4 22 8 12 13 1
1428
12 13 9 19 1 14 18 21 17 10 2 16 20 7 6 11 3 0 15 5 23 4 22 8
1432
18 21 17 10 2 16 9 20 7 6 15 0 11 3 5 23 4 22 8 12 13 19 1 14
1389
4 9 22 8 12 13 19 1 14 18 17 21 16 2 10 20 7 6 15 5 0 3 11 23
1415
14 18 17 21 16 9 20 7 10 2 6 15 0 11 3 5 23 4 22 8 12 13 19 1
1367
18 17 21 16 9 20 10 2 6 7 5 15 0 11 3 23 4 22 8 12 13 19 1 14
1367
1 13 12 8 22 4 23 5 3 11 0 15 7 6 10 2 20 9 16 17 21 18 14 19
1433
10 2 6 15 5 0 11 3 23 4 9 16 13 22 12 8 19 1 14 18 21 17 20 7
1498
14 18 21 17 16 9 20 2 10 6 7 5 15 0 3 11 23 4 22 8 12 13 1 19
1405
12 13 9 19 1 14 18 21 17 10 2 16 20 7 6 15 0 3 11 5 23 4 22 8
1427
8 22 4 23 11 3 0 15 5 7 6 20 10 2 17 21 18 14 1 19 16 9 13 12
1393
15 6 7 20 10 2 17 21 18 14 1 19 12 8 22 13 16 9 4 23 11 3 0 5
1420
10 2 6 15 0 11 3 5 23 4 9 16 13 22 12 8 19 1 14 18 21 17 20 7
1463
11 3 0 15 5 6 2 10 7 20 16 17 21 18 14 1 19 8 12 22 13 9 4 23
1396
18 17 21 16 9 20 10 2 6 7 5 15 0 11 3 23 4 22 8 12 13 19 1 14
1367
0 15 6 2 10 7 20 16 21 17 18 14 1 19 13 12 8 22 9 4 23 5 11 3
1379
11 23 4 9 22 8 12 13 19 1 14 18 21 17 10 2 16 20 7 6 5 15 0 3
1393
9 4 23 7 5 11 3 0 15 6 20 10 2 17 21 18 14 1 19 12 8 22 13 16
1415
4 23 7 5 3 11 0 15 6 20 10 2 17 21 18 14 1 19 22 8 12 13 16 9
1453
19 1 13 12 8 22 4 7 23 5 3 11 0 15 6 2 10 20 9 16 21 17 18 14
1431
5 11 3 0 15 6 2 10 7 20 16 21 17 18 14 1 19 13 12 8 22 9 4 23
1379
18 21 17 16 9 20 2 10 6 7 11 3 0 15 5 23 4 22 8 12 13 19 1 14
1372
4 9 16 13 22 8 12 19 1 14 18 21 17 2 10 20 7 6 15 0 5 11 3 23
1428
6 15 5 0 3 11 23 4 9 22 8 12 13 19 1 14 18 17 21 16 20 7 10 2
1415
1 19 14 18 17 21 16 9 20 10 2 6 15 0 11 3 5 7 23 4 22 8 12 13
1432
2 10 15 0 3 11 6 5 23 4 9 16 13 22 8 12 19 1 14 18 21 17 20 7
1419
19 14 18 17 21 16 9 20 2 10 6 11 3 0 15 5 7 23 4 22 8 12 13 1
1428
11 3 0 15 5 6 2 10 7 20 16 21 17 18 14 1 19 12 8 22 13 9 4 23
1364
8 12 13 9 16 19 1 14 18 21 17 2 10 20 7 6 11 3 0 15 5 23 4 22
1385
22 4 23 5 11 3 0 15 6 10 2 7 20 16 21 17 18 14 1 19 9 13 12 8
1405
11 3 5 23 4 9 13 22 12 8 19 1 14 18 17 21 16 2 10 20 7 6 15 0
1413
15 0 11 3 5 23 4 9 13 22 8 12 19 1 14 18 21 17 16 20 7 2 10 6
1381
3 23 4 9 13 12 8 22 19 1 14 18 21 17 16 20 7 2 10 6 5 15 0 11
1401
9 16 21 17 18 14 1 19 13 12 8 22 4 23 5 3 11 0 15 6 2 10 7 20
1367
7 20 10 2 17 21 18 14 1 19 12 8 22 13 16 9 4 23 11 3 0 5 15 6
1420
22 8 12 13 9 19 1 14 18 21 17 16 2 10 20 7 6 15 5 0 3 11 23 4
1441
5 3 11 0 15 6 2 10 7 20 16 21 17 18 14 1 19 13 12 8 22 9 4 23
1388
11 3 23 4 9 16 13 22 12 8 19 1 14 18 21 17 2 10 20 7 6 5 15 0
1416
10 15 0 3 11 6 5 23 4 9 13 12 8 22 19 1 14 18 17 21 16 20 7 2
1398
20 10 2 17 21 18 14 1 19 12 8 22 13 16 9 4 7 23 5 11 3 0 15 6
1414
13 9 16 19 1 14 18 21 17 2 10 20 6 15 0 11 3 5 7 23 4 22 8 12
1420
2 7 20 16 21 17 18 14 1 19 13 12 8 22 9 4 23 11 3 0 5 6 15 10
1407
1 13 12 8 22 4 23 5 15 0 3 11 6 10 2 7 20 9 16 21 17 18 14 19
1409
11 3 23 4 9 16 13 22 8 12 19 1 14 18 21 17 2 10 20 7 6 5 15 0
1384
18 14 1 19 13 12 8 22 4 23 5 11 3 0 15 7 6 10 2 20 9 16 21 17
1378
19 14 18 17 21 16 9 20 2 10 6 7 11 3 0 15 5 23 4 22 8 12 13 1
1418
16 17 21 18 14 1 19 13 12 8 22 4 23 11 3 0 15 5 7 6 10 2 20 9
1359
6 10 2 7 20 16 17 21 18 14 1 19 12 8 22 13 9 4 23 11 3 0 5 15
1408
23 5 11 3 0 15 6 7 20 10 2 16 17 21 18 14 1 19 13 12 8 22 9 4
1379
10 7 20 16 21 17 18 14 1 19 13 12 8 22 9 4 23 5 11 3 0 15 6 2
1379
14 18 21 17 16 9 20 7 2 10 6 15 5 0 11 3 23 4 22 8 12 13 19 1
1402
20 10 2 6 15 0 11 3 5 7 23 4 9 13 12 8 22 19 1 14 18 21 17 16
1429
19 1 13 12 8 22 4 23 5 11 3 0 15 6 10 2 7 20 9 16 21 17 18 14
1404
11 3 23 4 9 13 22 8 12 19 1 14 18 17 21 16 2 10 20 7 6 5 15 0
1372
11 23 5 7 4 9 13 22 8 12 19 1 14 18 21 17 16 20 10 2 6 15 0 3
1391
8 12 13 9 19 1 14 18 21 17 16 20 10 2 6 7 11 3 0 15 5 23 4 22
1419
20 7 6 15 0 3 11 5 23 4 9 16 13 22 8 12 19 1 14 18 21 17 2 10
1384
12 13 9 19 1 14 18 21 17 10 2 16 20 7 6 11 3 0 15 5 23 4 22 8
1432
20 10 2 17 21 18 14 1 19 8 12 22 13 16 9 4 7 23 3 11 5 0 15 6
1490
11 23 5 7 4 9 16 13 22 8 12 19 1 14 18 21 17 2 10 20 6 15 0 3
1415
19 1 13 12 8 22 4 23 5 11 3 0 15 6 10 2 7 20 9 16 21 17 18 14
1404
15 6 7 20 10 2 17 21 18 14 1 19 12 8 22 13 16 9 4 23 11 3 0 5
1420
13 12 8 22 4 23 7 5 11 3 0 15 6 10 2 20 16 21 17 18 14 1 19 9
1424
11 23 4 9 22 8 12 13 19 1 14 18 17 21 16 20 7 2 10 6 5 15 0 3
1371
9 20 10 2 6 7 5 15 0 11 3 23 4 22 8 12 13 19 1 14 18 21 17 16
1367
5 0 3 11 23 4 9 13 12 8 22 19 1 14 18 17 21 16 20 7 2 10 6 15
1437
3 5 23 4 9 16 13 22 12 8 19 1 14 18 21 17 2 10 20 7 6 15 0 11
1425
3 0 15 6 10 2 20 16 17 21 18 14 1 19 8 12 22 13 9 4 7 5 23 11
1423
19 1 13 12 8 22 4 23 5 11 3 0 15 6 10 2 7 20 9 16 21 17 18 14
1404
2 10 15 0 3 11 7 20 17 21 18 14 1 19 12 8 22 13 16 9 4 23 5 6
1419
9 16 21 17 18 14 1 19 13 12 8 22 4 23 5 11 3 0 15 6 10 2 7 20
1358
9 16 13 22 8 12 19 1 14 18 21 17 2 10 20 6 15 0 11 3 5 7 23 4
1424
16 9 4 23 5 3 11 0 15 6 7 20 10 2 17 21 18 14 1 19 12 8 22 13
1393
21 18 14 1 19 13 12 8 22 4 23 5 15 0 3 11 7 6 10 2 20 9 16 17
1372
14 19 1 13 12 8 22 4 7 5 15 0 3 11 6 23 20 9 16 2 10 17 21 18
1467
18 17 21 16 9 20 7 2 10 6 15 0 3 11 5 23 4 22 8 12 13 19 1 14
1358
5 23 4 9 16 13 22 12 8 19 1 14 18 21 17 2 10 20 7 6 15 0 3 11
1416
12 13 9 16 19 1 14 18 21 17 2 10 20 6 7 5 15 0 11 3 23 4 22 8
1401
14 19 1 13 12 8 22 4 23 5 11 3 0 15 6 2 10 7 20 9 16 21 17 18
1404
21 16 9 20 7 10 2 6 15 0 3 11 5 23 4 22 8 12 13 19 1 14 18 17
1358
0 3 11 5 23 4 9 16 13 12 8 22 19 1 14 18 21 17 2 10 20 7 6 15
1413
18 17 21 16 9 20 7 10 2 6 15 0 3 11 5 23 4 22 8 12 13 19 1 14
1358
6 15 5 0 3 11 23 4 9 16 13 22 8 12 19 1 14 18 21 17 2 10 20 7
1420
19 1 13 12 8 22 4 23 5 15 0 3 11 6 2 10 7 20 9 16 21 17 18 14
1409
16 21 17 18 14 1 19 13 12 8 22 4 7 5 3 11 0 15 10 2 6 23 20 9
1376
6 7 20 10 2 17 21 18 14 1 19 12 8 22 13 16 9 4 23 5 11 3 0 15
1384
4 9 13 22 8 12 19 1 14 18 17 21 16 2 10 20 7 6 15 5 0 3 11 23
1408
9 16 2 10 17 21 18 14 1 19 13 12 8 22 4 7 5 3 11 0 15 6 23 20
1425
23 5 3 11 0 15 6 7 20 10 2 16 17 21 18 14 1 19 8 12 22 13 9 4
1413
16 21 17 18 14 1 19 13 12 8 22 4 23 5 15 0 3 11 7 6 2 10 20 9
1372
4 7 23 11 3 0 5 15 6 20 10 2 17 21 18 14 1 19 8 12 22 13 16 9
1482
22 8 12 13 9 16 19 1 14 18 21 17 2 10 20 6 11 3 0 15 5 23 7 4
1415
8 12 13 9 16 19 1 14 18 21 17 2 10 20 7 6 15 0 5 23 4 11 3 22
1394
14 1 19 13 12 8 22 4 23 5 3 11 0 15 7 6 2 10 20 9 16 17 21 18
1387
5 0 3 11 23 4 9 16 13 22 12 8 19 1 14 18 21 17 2 10 20 7 6 15
1452
14 19 1 13 12 8 22 4 7 5 11 3 0 15 10 2 6 23 20 9 16 21 17 18
1413
8 12 13 9 19 1 14 18 21 17 16 20 10 2 6 11 3 0 15 5 7 23 4 22
1429
3 0 15 5 6 7 20 16 2 10 17 21 18 14 1 19 13 12 8 22 9 4 23 11
1393
3 11 23 5 7 4 9 13 22 12 8 19 1 14 18 21 17 16 20 2 10 6 15 0
1423
23 4 9 16 13 22 12 8 19 1 14 18 21 17 2 10 20 7 6 15 0 11 3 5
1425
5 15 6 7 20 10 2 17 21 18 14 1 19 12 8 22 13 16 9 4 23 11 3 0
1420
3 0 15 6 20 10 2 17 21 18 14 1 19 22 8 12 13 16 9 4 7 5 23 11
1444
6 7 20 10 2 17 21 18 14 1 19 8 12 22 13 16 9 4 23 11 3 0 5 15
1452
4 23 7 5 11 3 0 15 6 2 10 20 16 21 17 18 14 1 19 13 12 8 22 9
1398
2 6 11 3 0 15 5 23 4 9 16 13 22 12 8 19 1 14 18 21 17 20 7 10
1459
6 15 5 0 11 3 23 4 9 16 13 22 12 8 19 1 14 18 21 17 2 10 20 7
1460
12 8 22 3 11 4 23 5 0 15 6 7 20 10 2 17 21 18 14 1 19 16 9 13
1394
14 18 21 17 10 2 16 9 20 23 6 15 0 3 11 5 7 4 22 8 12 13 1 19
1462
19 1 13 12 8 22 4 23 3 11 0 5 15 6 2 10 7 20 9 16 21 17 18 14
1448
10 15 0 3 11 7 20 17 21 18 14 1 19 8 12 22 13 16 9 4 23 5 6 2
1451
2 10 7 20 17 21 18 14 1 19 22 8 12 13 16 9 4 23 11 3 0 5 15 6
1487
21 17 18 14 1 19 13 12 8 22 4 23 5 3 11 0 15 6 2 10 7 20 9 16
1367
18 21 17 16 9 20 2 10 6 15 0 11 3 5 7 23 4 22 8 12 13 19 1 14
1386
22 8 12 13 9 16 19 1 14 18 21 17 2 10 20 7 6 11 3 0 15 5 23 4
1385
12 8 22 4 23 3 11 0 15 5 7 6 20 10 2 17 21 18 14 1 19 16 9 13
1401
14 19 1 13 12 8 22 4 7 23 3 11 5 0 15 6 10 2 20 9 16 17 21 18
1466
4 9 16 13 12 8 22 19 1 14 18 21 17 2 10 20 6 15 0 3 11 5 7 23
1444
22 4 23 5 15 0 3 11 7 6 20 10 2 17 21 18 14 1 19 16 9 13 12 8
1406
0 3 11 23 5 7 4 9 16 13 12 8 22 19 1 14 18 21 17 2 10 20 6 15
1444
23 4 9 22 8 12 13 19 1 14 18 17 21 16 2 10 20 7 6 15 5 0 3 11
1415
14 18 21 17 10 2 16 9 20 7 6 11 3 0 15 5 23 4 22 8 12 13 19 1
1385
7 6 15 5 0 3 11 23 4 9 16 13 22 12 8 19 1 14 18 21 17 2 10 20
1452
7 6 15 0 11 3 5 23 4 9 22 8 12 13 19 1 14 18 21 17 16 2 10 20
1388
15 6 7 20 16 2 10 17 21 18 14 1 19 22 8 12 13 9 4 23 5 11 3 0
1423
9 13 22 12 8 19 1 14 18 17 21 16 20 2 10 6 15 0 11 3 5 7 23 4
1432
7 20 10 2 17 21 18 14 1 19 8 12 22 13 16 9 4 23 3 11 0 5 15 6
1460
11 3 23 4 9 16 13 22 8 12 19 1 14 18 21 17 2 10 20 7 6 5 15 0
1384
23 4 9 16 13 12 8 22 19 1 14 18 21 17 2 10 20 7 6 15 5 0 3 11
1449
22 4 23 5 15 0 3 11 6 7 20 10 2 17 21 18 14 1 19 16 9 13 12 8
1385
6 15 5 0 11 3 23 4 9 13 12 8 22 19 1 14 18 17 21 16 2 10 20 7
1445
0 3 11 5 23 4 9 13 22 8 12 19 1 14 18 21 17 16 20 7 10 2 6 15
1372
23 4 9 22 8 12 13 19 1 14 18 21 17 16 2 10 20 7 6 15 0 11 3 5
1388
3 11 0 15 5 6 7 20 10 2 16 17 21 18 14 1 19 8 12 22 13 9 4 23
1404
5 0 15 6 7 20 10 2 16 17 21 18 14 1 19 22 8 12 13 9 4 23 3 11
1445
0 15 6 7 20 10 2 17 21 18 14 1 19 12 8 22 13 16 9 4 23 5 11 3
1384
9 4 23 7 5 11 3 0 15 6 10 2 20 16 17 21 18 14 1 19 8 12 22 13
1423
6 15 0 11 3 5 23 4 9 22 8 12 13 19 1 14 18 17 21 16 20 7 10 2
1388
6 7 20 10 2 17 21 18 14 1 19 22 8 12 13 16 9 4 23 11 3 0 5 15
1449
21 16 9 20 7 2 10 6 11 3 0 15 5 23 4 22 8 12 13 19 1 14 18 17
1363
17 16 9 20 2 10 6 7 15 0 3 11 5 23 4 22 8 12 13 19 1 14 18 21
1378
19 1 13 12 8 22 4 23 7 5 3 11 0 15 6 2 10 20 9 16 17 21 18 14
1432
14 19 1 13 12 8 22 4 23 5 15 0 3 11 6 10 2 7 20 9 16 21 17 18
1409
3 11 0 15 5 6 7 20 10 2 17 21 18 14 1 19 8 12 22 13 16 9 4 23
1416
9 16 17 21 18 14 1 19 13 12 8 22 4 23 11 3 0 15 5 7 6 2 10 20
1359
17 21 16 9 20 10 2 6 7 15 0 3 11 5 23 4 22 8 12 13 19 1 14 18
1378
12 8 22 4 23 5 15 0 3 11 7 6 20 10 2 17 21 18 14 1 19 16 9 13
1406
8 12 13 9 16 19 1 14 18 21 17 2 10 20 7 6 11 3 0 15 5 23 4 22
1385
11 3 5 23 4 9 13 22 8 12 19 1 14 18 17 21 16 20 7 10 2 6 15 0
1381
0 3 11 5 23 4 9 22 8 12 13 19 1 14 18 21 17 10 2 16 20 7 6 15
1401
2 7 20 16 17 21 18 14 1 19 13 12 8 22 9 4 23 5 6 11 3 0 15 10
1376
16 17 21 18 14 1 19 13 12 8 22 4 23 5 15 0 3 11 7 6 10 2 20 9
1372
15 0 3 11 5 23 4 9 22 8 12 13 19 1 14 18 21 17 10 2 16 20 7 6
1401
19 14 18 21 17 10 2 16 9 20 7 6 15 0 3 11 5 23 4 22 8 12 13 1
1426
0 15 6 20 10 2 17 21 18 14 1 19 12 8 22 13 16 9 4 7 5 23 11 3
1415
9 4 23 7 5 3 11 0 15 6 2 10 20 16 17 21 18 14 1 19 13 12 8 22
1407
17 21 16 9 20 2 10 6 7 15 0 3 11 5 23 4 22 8 12 13 19 1 14 18
1378
18 21 17 16 9 20 2 10 6 7 5 15 0 3 11 23 4 22 8 12 13 19 1 14
1359
8 22 4 23 5 15 0 3 11 7 6 20 10 2 17 21 18 14 1 19 16 9 13 12
1406
22 8 12 13 9 16 19 1 14 18 21 17 2 10 20 6 11 3 0 15 5 23 7 4
1415
21 16 9 20 2 10 6 15 0 3 11 5 7 23 4 22 8 12 13 19 1 14 18 17
1377
3 23 4 9 16 13 12 8 22 19 1 14 18 21 17 2 10 20 7 6 5 15 0 11
1413
2 10 15 6 5 0 11 3 23 4 9 16 13 22 12 8 19 1 14 18 21 17 20 7
1490
10 15 0 3 11 7 20 16 17 21 18 14 1 19 12 8 22 13 9 4 23 5 6 2
1369
18 21 17 10 2 16 9 20 23 6 15 0 11 3 5 7 4 22 8 12 13 19 1 14
1425
22 8 12 13 9 19 1 14 18 21 17 10 2 16 20 7 6 15 0 5 23 4 11 3
1441
3 23 5 7 4 9 13 12 8 22 19 1 14 18 21 17 16 20 10 2 6 15 0 11
1428
20 16 21 17 18 14 1 19 13 12 8 22 9 4 23 11 3 0 5 15 6 2 10 7
1415
4 7 23 5 11 3 0 15 6 20 10 2 17 21 18 14 1 19 12 8 22 13 16 9
1414
23 4 9 22 8 12 13 19 1 14 18 17 21 16 2 10 20 7 6 15 5 0 3 11
1415
16 17 21 18 14 1 19 13 12 8 22 4 7 23 5 11 3 0 15 6 2 10 20 9
1376
8 12 13 9 16 19 1 14 18 21 17 2 10 20 6 7 5 15 0 3 11 23 4 22
1393
14 18 17 21 16 9 20 23 6 2 10 15 0 11 3 5 7 4 22 8 12 13 19 1
1376
15 0 3 11 5 23 4 9 13 22 12 8 19 1 14 18 21 17 16 20 7 10 2 6
1404
13 9 19 1 14 18 21 17 16 20 7 2 10 6 15 5 0 3 11 23 4 22 8 12
1441
3 5 23 4 9 16 13 22 8 12 19 1 14 18 21 17 2 10 20 7 6 15 0 11
1393
13 9 16 19 1 14 18 21 17 2 10 20 7 6 15 0 11 3 5 23 4 22 8 12
1389
7 20 10 2 17 21 18 14 1 19 22 8 12 13 16 9 4 23 3 11 0 5 15 6
1457
15 6 7 20 10 2 16 17 21 18 14 1 19 8 12 22 13 9 4 23 5 3 11 0
1413
21 18 14 1 19 13 12 8 22 4 23 5 15 0 3 11 6 7 20 9 16 2 10 17
1385
1 13 12 8 22 4 23 3 11 0 5 15 6 10 2 7 20 9 16 21 17 18 14 19
1448
5 11 3 0 15 6 7 20 10 2 17 21 18 14 1 19 22 8 12 13 16 9 4 23
1413
9 16 21 17 18 14 1 19 13 12 8 22 4 23 5 3 11 0 15 6 2 10 7 20
1367
0 15 6 7 20 10 2 17 21 18 14 1 19 12 8 22 13 16 9 4 23 5 11 3
1384
9 16 17 21 18 14 1 19 13 12 8 22 4 23 11 3 0 5 15 6 2 10 7 20
1394
3 11 0 15 6 20 10 2 17 21 18 14 1 19 12 8 22 13 16 9 4 7 5 23
1423
4 9 16 13 22 12 8 19 1 14 18 21 17 2 10 20 6 15 0 11 3 5 7 23
1456
9 20 7 10 2 6 15 0 5 11 3 23 4 22 8 12 13 19 1 14 18 17 21 16
1402
5 11 3 0 15 6 7 20 16 2 10 17 21 18 14 1 19 13 12 8 22 9 4 23
1401
22 3 11 4 23 5 0 15 6 7 20 10 2 17 21 18 14 1 19 16 9 13 12 8
1394
17 21 16 9 20 2 10 6 11 3 0 15 5 7 23 4 22 8 12 13 19 1 14 18
1382
20 10 2 17 21 18 14 1 19 8 12 22 13 16 9 4 23 5 3 11 0 15 6 7
1425
2 7 20 17 21 18 14 1 19 12 8 22 13 16 9 4 23 3 11 0 5 6 15 10
1458
22 8 12 13 9 19 1 14 18 17 21 16 20 10 2 6 15 0 3 11 5 7 23 4
1424
16 20 7 2 10 6 15 5 0 3 11 23 4 9 13 12 8 22 19 1 14 18 21 17
1437
9 16 17 21 18 14 1 19 13 12 8 22 4 23 5 15 0 3 11 6 10 2 7 20
1363
17 18 14 1 19 13 12 8 22 4 23 7 5 11 3 0 15 6 10 2 20 9 16 21
1377
8 22 4 23 5 15 0 3 11 6 7 20 10 2 17 21 18 14 1 19 16 9 13 12
1385
22 4 23 5 15 0 3 11 6 7 20 10 2 17 21 18 14 1 19 16 9 13 12 8
1385
12 8 22 4 23 5 11 3 0 15 6 7 20 10 2 16 21 17 18 14 1 19 9 13
1405
7 6 15 5 0 3 11 23 4 9 13 22 12 8 19 1 14 18 17 21 16 2 10 20
1440
17 21 16 9 20 2 10 6 7 5 15 0 3 11 23 4 22 8 12 13 19 1 14 18
1359
3 11 0 15 6 20 10 2 17 21 18 14 1 19 8 12 22 13 16 9 4 7 5 23
1455
16 9 20 10 2 6 15 0 11 3 5 23 7 4 22 8 12 13 19 1 14 18 17 21
1385
8 22 4 23 5 15 0 3 11 7 6 2 10 20 16 21 17 18 14 1 19 9 13 12
1419
7 6 15 0 5 11 3 23 4 9 16 13 22 12 8 19 1 14 18 21 17 2 10 20
1460
14 19 1 13 12 8 22 4 23 7 5 3 11 0 15 6 2 10 20 9 16 17 21 18
1432
20 16 2 10 17 21 18 14 1 19 13 12 8 22 9 4 23 5 3 11 0 15 6 7
1410
2 7 20 17 21 18 14 1 19 12 8 22 13 16 9 4 23 3 11 0 5 6 15 10
1458
21 17 18 14 1 19 13 12 8 22 4 23 5 11 3 0 15 6 2 10 7 20 9 16
1358
23 4 9 16 13 12 8 22 19 1 14 18 21 17 2 10 20 7 6 15 0 3 11 5
1413
19 1 13 12 8 22 4 23 5 15 0 3 11 6 10 2 7 20 9 16 17 21 18 14
1409
14 19 1 13 12 8 22 4 23 3 11 5 0 15 6 7 20 9 16 2 10 17 21 18
1470
18 17 21 16 9 20 2 10 6 11 3 0 15 5 7 23 4 22 8 12 13 19 1 14
1382
22 4 7 23 5 3 11 0 15 6 20 10 2 17 21 18 14 1 19 16 9 13 12 8
1419
15 6 7 20 10 2 17 21 18 14 1 19 22 8 12 13 16 9 4 23 11 3 0 5
1449
7 20 10 2 16 21 17 18 14 1 19 13 12 8 22 9 4 23 11 3 0 5 15 6
1415
4 23 5 11 3 0 15 6 7 20 10 2 17 21 18 14 1 19 22 8 12 13 16 9
1413
8 12 13 9 19 1 14 18 21 17 16 20 10 2 6 7 11 3 0 15 5 23 4 22
1419
18 14 1 19 13 12 8 22 4 23 11 3 0 15 5 7 6 2 10 20 9 16 21 17
1359
23 5 3 11 0 15 6 7 20 10 2 17 21 18 14 1 19 12 8 22 13 16 9 4
1393
11 3 0 15 6 7 20 10 2 17 21 18 14 1 19 22 8 12 13 16 9 4 23 5
1413
19 1 13 12 8 22 4 23 5 15 0 3 11 6 2 10 7 20 9 16 21 17 18 14
1409
1 19 14 18 17 21 16 9 20 7 2 10 6 15 0 5 11 3 23 4 22 8 12 13
1448
16 9 20 2 10 6 15 0 11 3 5 23 7 4 22 8 12 13 19 1 14 18 17 21
1385
23 5 3 11 0 15 6 7 20 10 2 17 21 18 14 1 19 12 8 22 13 16 9 4
1393
23 4 9 16 13 22 8 12 19 1 14 18 21 17 2 10 20 7 6 15 0 5 11 3
1428
15 5 0 11 3 23 4 9 16 13 12 8 22 19 1 14 18 21 17 2 10 20 7 6
1457
4 23 5 11 3 0 15 6 7 20 16 2 10 17 21 18 14 1 19 22 8 12 13 9
1423
7 20 16 21 17 18 14 1 19 12 8 22 13 9 4 23 5 3 11 0 15 6 10 2
1381
20 2 10 6 15 0 11 3 5 7 23 4 9 22 8 12 13 19 1 14 18 21 17 16
1407
8 22 4 23 5 11 3 0 15 6 7 20 10 2 17 21 18 14 1 19 16 9 13 12
1380
19 14 18 21 17 16 9 20 10 2 6 7 5 15 0 3 11 23 4 22 8 12 13 1
1405
11 3 23 4 9 16 13 22 8 12 19 1 14 18 21 17 2 10 20 7 6 5 15 0
1384
10 15 0 3 11 6 5 23 4 9 13 12 8 22 19 1 14 18 17 21 16 20 7 2
1398
18 14 1 19 13 12 8 22 4 7 5 3 11 0 15 6 23 20 9 16 2 10 17 21
1425
23 5 11 3 0 15 6 7 20 10 2 16 17 21 18 14 1 19 13 12 8 22 9 4
1379
13 9 19 1 14 18 21 17 16 20 2 10 6 15 0 11 3 5 23 7 4 22 8 12
1432
8 12 13 9 19 1 14 18 21 17 16 20 10 2 6 15 5 0 11 3 23 7 4 22
1467
20 16 21 17 18 14 1 19 12 8 22 13 9 4 7 23 11 3 0 5 15 6 2 10
1426
2 7 20 16 17 21 18 14 1 19 13 12 8 22 9 4 23 5 6 11 3 0 15 10
1376
12 8 22 4 23 5 3 11 0 15 6 7 20 10 2 17 21 18 14 1 19 16 9 13
1389
8 12 13 9 19 1 14 18 21 17 16 20 10 2 6 7 11 3 0 15 5 23 4 22
1419
16 2 10 17 21 18 14 1 19 13 12 8 22 4 23 5 11 3 0 15 6 7 20 9
1380
17 18 14 1 19 13 12 8 22 4 23 5 15 0 3 11 6 2 10 7 20 9 16 21
1363
9 16 21 17 18 14 1 19 13 12 8 22 4 23 5 11 3 0 15 7 6 2 10 20
1378
13 9 16 19 1 14 18 21 17 2 10 20 6 15 0 11 3 5 7 23 4 22 8 12
1420
0 3 11 5 23 4 9 16 13 12 8 22 19 1 14 18 21 17 2 10 20 7 6 15
1413
4 9 22 8 12 13 19 1 14 18 21 17 10 2 16 20 7 6 15 0 11 3 5 23
1410
2 7 20 17 21 18 14 1 19 8 12 22 13 16 9 4 23 11 3 0 5 6 15 10
1482
16 2 10 17 21 18 14 1 19 13 12 8 22 4 23 5 11 3 0 15 6 7 20 9
1380
18 14 1 19 13 12 8 22 4 23 5 15 0 3 11 6 2 10 7 20 9 16 17 21
1363
4 9 16 13 12 8 22 19 1 14 18 21 17 2 10 20 6 15 0 3 11 5 7 23
1444
20 16 17 21 18 14 1 19 13 12 8 22 9 4 23 7 5 3 11 0 15 6 2 10
1407
12 8 22 4 23 11 3 0 5 15 6 7 20 10 2 17 21 18 14 1 19 16 9 13
1416
5 0 3 11 23 4 9 13 22 8 12 19 1 14 18 21 17 16 2 10 20 7 6 15
1408
16 20 7 10 2 6 15 0 3 11 5 23 4 9 22 8 12 13 19 1 14 18 21 17
1379
15 6 2 10 7 20 16 21 17 18 14 1 19 13 12 8 22 9 4 23 5 3 11 0
1388
7 20 10 2 17 21 18 14 1 19 8 12 22 13 16 9 4 23 5 3 11 0 15 6
1425
23 5 11 3 0 15 6 7 20 10 2 16 21 17 18 14 1 19 12 8 22 13 9 4
1372
1 19 14 18 17 21 16 9 20 10 2 6 7 15 0 11 3 5 23 4 22 8 12 13
1433
21 16 9 20 10 2 6 15 0 5 11 3 23 7 4 22 8 12 13 19 1 14 18 17
1420
17 21 16 9 20 10 2 6 7 5 15 0 3 11 23 4 22 8 12 13 19 1 14 18
1359
18 14 1 19 13 12 8 22 4 23 3 11 0 5 15 6 7 20 9 16 2 10 17 21
1424
6 7 20 10 2 17 21 18 14 1 19 8 12 22 13 16 9 4 23 11 3 0 5 15
1452
0 15 6 7 20 10 2 17 21 18 14 1 19 8 12 22 13 16 9 4 23 5 11 3
1416
12 8 22 3 11 4 23 7 5 0 15 6 10 2 20 16 17 21 18 14 1 19 9 13
1438
23 5 3 11 0 15 6 7 20 10 2 16 17 21 18 14 1 19 13 12 8 22 9 4
1388
6 7 20 10 2 17 21 18 14 1 19 8 12 22 13 16 9 4 23 5 11 3 0 15
1416
7 6 15 0 5 11 3 23 4 9 16 13 22 8 12 19 1 14 18 21 17 2 10 20
1428
21 16 9 20 10 2 6 15 0 3 11 5 23 7 4 22 8 12 13 19 1 14 18 17
1376
5 0 11 3 23 4 9 22 8 12 13 19 1 14 18 21 17 16 2 10 20 7 6 15
1423
11 23 5 7 4 9 16 13 22 12 8 19 1 14 18 21 17 2 10 20 6 15 0 3
1447
10 15 6 5 0 11 3 23 4 9 13 22 8 12 19 1 14 18 17 21 16 20 7 2
1408
13 12 8 22 4 23 3 11 0 5 15 6 7 20 10 2 17 21 18 14 1 19 16 9
1424
9 20 7 2 10 6 11 3 0 15 5 23 4 22 8 12 13 19 1 14 18 17 21 16
1363
4 23 5 3 11 0 15 6 2 10 7 20 16 17 21 18 14 1 19 13 12 8 22 9
1388
20 10 2 17 21 18 14 1 19 12 8 22 13 16 9 4 23 7 5 3 11 0 15 6
1424
6 7 20 10 2 17 21 18 14 1 19 12 8 22 13 16 9 4 23 3 11 5 0 15
1428
1 13 12 8 22 4 7 5 11 3 0 15 10 2 6 23 20 9 16 21 17 18 14 19
1413
10 15 6 5 0 3 11 23 4 9 13 22 12 8 19 1 14 18 21 17 16 20 7 2
1432
21 17 16 9 20 7 2 10 6 15 0 11 3 5 23 4 22 8 12 13 19 1 14 18
1367
15 6 7 20 10 2 17 21 18 14 1 19 12 8 22 13 16 9 4 23 11 3 0 5
1420
8 12 13 9 16 19 1 14 18 21 17 2 10 20 6 11 3 0 15 5 7 23 4 22
1416
7 6 15 0 5 11 3 23 4 9 16 13 22 12 8 19 1 14 18 21 17 2 10 20
1460
5 11 3 0 15 6 10 2 7 20 16 21 17 18 14 1 19 13 12 8 22 9 4 23
1379
2 7 20 16 17 21 18 14 1 19 13 12 8 22 9 4 23 5 6 11 3 0 15 10
1376
2 10 15 0 3 11 7 20 16 21 17 18 14 1 19 8 12 22 13 9 4 23 5 6
1401
17 21 18 14 1 19 13 12 8 22 4 7 5 11 3 0 15 6 23 20 9 16 2 10
1416
3 0 15 5 6 7 20 10 2 16 17 21 18 14 1 19 12 8 22 13 9 4 23 11
1364
13 12 8 22 4 23 11 3 0 5 15 6 7 20 10 2 17 21 18 14 1 19 16 9
1416
0 15 6 10 2 20 16 17 21 18 14 1 19 12 8 22 13 9 4 7 5 23 11 3
1391
4 23 11 3 0 5 15 6 7 20 10 2 17 21 18 14 1 19 8 12 22 13 16 9
1452
23 5 11 3 0 15 6 7 20 10 2 17 21 18 14 1 19 12 8 22 13 16 9 4
1384
18 17 21 16 9 20 23 6 2 10 15 0 11 3 5 7 4 22 8 12 13 19 1 14
1376
22 4 23 5 15 0 3 11 6 7 20 16 2 10 17 21 18 14 1 19 9 13 12 8
1432
15 6 10 2 7 20 16 21 17 18 14 1 19 12 8 22 13 9 4 23 5 11 3 0
1372
15 6 7 20 10 2 17 21 18 14 1 19 8 12 22 13 16 9 4 23 3 11 5 0
1460
4 23 11 3 0 5 15 6 7 20 10 2 17 21 18 14 1 19 12 8 22 13 16 9
1420
3 11 0 15 5 6 10 2 7 20 16 21 17 18 14 1 19 22 8 12 13 9 4 23
1401
15 6 7 20 10 2 16 21 17 18 14 1 19 8 12 22 13 9 4 23 5 3 11 0
1413
11 23 4 9 16 13 22 8 12 19 1 14 18 21 17 2 10 20 7 6 5 15 0 3
1376
10 15 6 5 0 11 3 23 4 9 13 22 8 12 19 1 14 18 17 21 16 20 7 2
1408
7 20 16 2 10 17 21 18 14 1 19 13 12 8 22 9 4 23 11 3 0 5 15 6
1437
20 6 15 0 5 11 3 23 10 2 16 21 17 18 14 1 19 12 8 22 13 9 4 7
1463
12 8 22 3 11 4 23 5 0 15 6 7 20 10 2 16 17 21 18 14 1 19 9 13
1419
11 0 15 5 6 7 20 10 2 17 21 18 14 1 19 12 8 22 13 16 9 4 23 3
1384
21 17 10 2 16 9 20 23 6 15 0 11 3 5 7 4 22 8 12 13 19 1 14 18
1425
20 10 2 17 21 18 14 1 19 22 8 12 13 16 9 4 23 7 5 3 11 0 15 6
1453
6 15 5 0 3 11 23 4 9 16 13 22 8 12 19 1 14 18 21 17 2 10 20 7
1420
5 3 11 0 15 6 7 20 16 2 10 17 21 18 14 1 19 13 12 8 22 9 4 23
1410
11 5 23 4 9 16 13 22 8 12 19 1 14 18 21 17 2 10 20 7 6 15 0 3
1384
1 13 12 8 22 4 23 5 15 0 3 11 6 2 10 7 20 9 16 21 17 18 14 19
1409
17 16 9 20 2 10 6 15 0 11 3 5 7 23 4 22 8 12 13 19 1 14 18 21
1386
0 15 6 7 20 10 2 17 21 18 14 1 19 12 8 22 13 16 9 4 23 5 11 3
1384
12 8 22 4 23 3 11 0 5 15 6 7 20 10 2 16 21 17 18 14 1 19 9 13
1449
9 20 7 6 15 0 3 11 5 23 4 22 8 12 13 19 1 14 18 21 17 10 2 16
1380
13 12 8 22 4 23 11 3 0 5 15 6 7 20 10 2 16 21 17 18 14 1 19 9
1441
16 9 20 7 10 2 6 15 0 3 11 5 23 4 22 8 12 13 19 1 14 18 21 17
1358
23 4 9 22 8 12 13 19 1 14 18 21 17 16 20 7 10 2 6 15 0 3 11 5
1379
5 3 11 0 15 6 7 20 10 2 17 21 18 14 1 19 12 8 22 13 16 9 4 23
1393
22 8 12 13 9 16 19 1 14 18 21 17 2 10 20 7 6 11 3 0 15 5 23 4
1385
9 16 13 22 8 12 19 1 14 18 21 17 2 10 20 6 15 0 11 3 5 23 7 4
1423
6 15 5 0 3 11 23 4 9 22 8 12 13 19 1 14 18 21 17 16 20 7 2 10
1415
4 23 7 5 11 3 0 15 6 20 10 2 17 21 18 14 1 19 12 8 22 13 16 9
1415
17 10 2 16 9 20 7 6 11 3 0 15 5 23 4 22 8 12 13 19 1 14 18 21
1385
4 23 7 5 3 11 0 15 6 20 10 2 17 21 18 14 1 19 8 12 22 13 16 9
1456
7 20 10 2 16 17 21 18 14 1 19 12 8 22 13 9 4 23 11 3 0 5 15 6
1408
1 19 14 18 21 17 16 9 20 10 2 6 7 5 15 0 3 11 23 4 22 8 12 13
1405
19 1 13 12 8 22 4 23 5 15 0 3 11 6 10 2 7 20 9 16 21 17 18 14
1409
10 15 6 5 0 11 3 23 4 9 16 13 12 8 22 19 1 14 18 21 17 20 7 2
1487
1 13 12 8 22 4 23 5 11 3 0 15 6 10 2 7 20 9 16 21 17 18 14 19
1404
13 9 16 19 1 14 18 21 17 2 10 20 6 15 0 11 3 5 7 23 4 22 8 12
1420
19 14 18 17 21 16 9 20 23 6 2 10 15 0 11 3 5 7 4 22 8 12 13 1
1422
15 5 0 3 11 23 4 9 16 13 22 8 12 19 1 14 18 21 17 2 10 20 7 6
1420
23 5 3 11 0 15 6 7 20 10 2 17 21 18 14 1 19 22 8 12 13 16 9 4
1422
21 18 14 1 19 13 12 8 22 4 23 11 3 0 15 5 7 6 10 2 20 9 16 17
1359
23 4 9 16 13 22 12 8 19 1 14 18 21 17 2 10 20 7 6 15 0 11 3 5
1425
7 10 2 6 15 5 0 3 11 23 4 9 13 22 8 12 19 1 14 18 17 21 16 20
1408
20 10 2 17 21 18 14 1 19 12 8 22 13 16 9 4 23 3 11 0 5 15 6 7
1428
20 16 21 17 18 14 1 19 13 12 8 22 9 4 7 23 3 11 0 5 15 6 2 10
1441
4 23 5 3 11 0 15 6 7 20 10 2 17 21 18 14 1 19 8 12 22 13 16 9
1425
2 7 20 16 21 17 18 14 1 19 22 8 12 13 9 4 23 5 6 11 3 0 15 10
1398
8 22 4 23 5 15 0 3 11 6 7 20 10 2 16 21 17 18 14 1 19 9 13 12
1410
23 4 9 16 13 22 8 12 19 1 14 18 21 17 2 10 20 7 6 15 0 5 11 3
1428
5 23 4 9 13 22 12 8 19 1 14 18 17 21 16 20 7 2 10 6 15 0 11 3
1413
20 2 10 6 15 0 3 11 5 23 7 4 9 22 8 12 13 19 1 14 18 17 21 16
1397
14 19 1 13 12 8 22 4 23 5 3 11 0 15 6 2 10 7 20 9 16 21 17 18
1413
8 22 4 7 23 5 11 3 0 15 6 2 10 20 16 21 17 18 14 1 19 9 13 12
1423
13 9 16 19 1 14 18 21 17 2 10 20 6 15 0 3 11 5 23 7 4 22 8 12
1410
21 16 9 20 7 10 2 6 15 0 11 3 5 23 4 22 8 12 13 19 1 14 18 17
1367
16 21 17 18 14 1 19 8 12 22 13 9 4 23 5 3 11 0 15 6 7 20 10 2
1413
13 12 8 22 4 23 11 3 0 5 15 6 2 10 7 20 16 17 21 18 14 1 19 9
1441
22 4 23 5 3 11 0 15 6 7 20 10 2 17 21 18 14 1 19 16 9 13 12 8
1389
8 22 4 23 11 3 0 15 5 7 6 20 10 2 17 21 18 14 1 19 16 9 13 12
1393
22 8 12 13 9 16 19 1 14 18 21 17 2 10 20 7 6 15 0 5 23 4 11 3
1394
9 16 21 17 18 14 1 19 13 12 8 22 4 23 5 15 0 3 11 6 10 2 7 20
1363
6 7 20 10 2 17 21 18 14 1 19 22 8 12 13 16 9 4 23 5 3 11 0 15
1422
19 1 13 12 8 22 4 23 5 15 0 3 11 7 6 2 10 20 9 16 21 17 18 14
1418
0 3 11 5 23 4 9 16 13 12 8 22 19 1 14 18 21 17 2 10 20 7 6 15
1413
19 14 18 17 21 16 9 20 10 2 6 11 3 0 15 5 7 23 4 22 8 12 13 1
1428
20 16 21 17 18 14 1 19 12 8 22 13 9 4 7 23 5 11 3 0 15 6 10 2
1390
1 19 14 18 21 17 16 9 20 2 10 6 7 5 15 0 3 11 23 4 22 8 12 13
1405
22 3 11 4 23 5 0 15 6 7 20 10 2 17 21 18 14 1 19 16 9 13 12 8
1394
13 12 8 22 4 23 7 5 3 11 0 15 6 20 10 2 17 21 18 14 1 19 16 9
1420
12 8 22 4 23 11 3 0 15 5 7 6 10 2 20 16 21 17 18 14 1 19 9 13
1406
8 22 4 23 11 3 0 5 15 6 7 20 10 2 17 21 18 14 1 19 16 9 13 12
1416
0 3 11 5 23 4 9 16 13 22 8 12 19 1 14 18 21 17 2 10 20 7 6 15
1384
11 23 5 7 4 9 16 13 22 12 8 19 1 14 18 21 17 2 10 20 6 15 0 3
1447
10 2 6 15 0 3 11 5 23 4 9 22 8 12 13 19 1 14 18 17 21 16 20 7
1379
23 5 3 11 0 15 6 7 20 10 2 17 21 18 14 1 19 12 8 22 13 16 9 4
1393
6 7 20 10 2 17 21 18 14 1 19 12 8 22 13 16 9 4 23 5 11 3 0 15
1384
22 4 23 11 3 0 15 5 7 6 10 2 20 16 21 17 18 14 1 19 9 13 12 8
1406
1 19 14 18 21 17 16 9 20 7 10 2 6 11 3 0 15 5 23 4 22 8 12 13
1409
14 18 21 17 10 2 16 9 20 7 6 11 3 0 15 5 23 4 22 8 12 13 1 19
1431
13 9 16 19 1 14 18 21 17 2 10 20 6 15 0 11 3 5 23 7 4 22 8 12
1419
10 2 6 15 0 11 3 5 23 4 9 22 8 12 13 19 1 14 18 17 21 16 20 7
1388
21 16 9 20 7 2 10 6 15 5 0 3 11 23 4 22 8 12 13 19 1 14 18 17
1394
5 23 4 9 22 8 12 13 19 1 14 18 21 17 16 2 10 20 7 6 15 0 11 3
1388
0 3 11 5 23 4 9 16 13 22 12 8 19 1 14 18 21 17 2 10 20 7 6 15
1416
3 23 4 9 16 13 22 8 12 19 1 14 18 21 17 2 10 20 7 6 5 15 0 11
1384
12 8 22 4 23 3 11 5 0 15 6 2 10 7 20 16 17 21 18 14 1 19 9 13
1449
1 19 14 18 17 21 16 9 20 7 2 10 6 15 0 11 3 5 23 4 22 8 12 13
1413
15 0 3 11 5 23 4 9 13 22 8 12 19 1 14 18 21 17 16 2 10 20 7 6
1372
6 2 10 7 20 16 21 17 18 14 1 19 13 12 8 22 9 4 23 11 3 0 5 15
1415
2 7 20 17 21 18 14 1 19 12 8 22 13 16 9 4 23 5 6 11 3 0 15 10
1419
19 14 18 17 21 16 9 20 10 2 6 7 5 15 0 11 3 23 4 22 8 12 13 1
1413
11 0 15 5 6 7 20 10 2 16 17 21 18 14 1 19 8 12 22 13 9 4 23 3
1404
3 11 23 4 9 13 22 8 12 19 1 14 18 21 17 10 2 16 20 7 6 5 15 0
1386
12 13 9 16 19 1 14 18 21 17 2 10 20 7 6 15 0 5 23 4 11 3 22 8
1394
4 23 7 5 3 11 0 15 6 20 10 2 17 21 18 14 1 19 22 8 12 13 16 9
1453
2 10 15 6 5 0 11 3 23 4 9 22 8 12 13 19 1 14 18 17 21 16 20 7
1415
20 10 2 17 21 18 14 1 19 12 8 22 13 16 9 4 7 23 5 11 3 0 15 6
1414
21 17 16 9 20 7 10 2 6 15 0 3 11 5 23 4 22 8 12 13 19 1 14 18
1358
19 1 13 12 8 22 4 23 5 11 3 0 15 6 10 2 7 20 9 16 17 21 18 14
1404
2 10 15 0 3 11 6 5 23 4 9 13 22 8 12 19 1 14 18 21 17 16 20 7
1369
4 9 22 8 12 13 19 1 14 18 21 17 16 20 10 2 6 15 0 3 11 5 7 23
1398
12 13 9 19 1 14 18 17 21 16 20 2 10 6 7 5 15 0 11 3 23 4 22 8
1414
8 12 13 9 19 1 14 18 17 21 16 20 2 10 6 15 0 5 7 23 4 11 3 22
1438
3 11 0 15 6 10 2 7 20 16 21 17 18 14 1 19 13 12 8 22 9 4 23 5
1388
4 23 5 11 3 0 15 6 7 20 10 2 16 17 21 18 14 1 19 13 12 8 22 9
1379
8 22 3 11 4 23 5 0 15 6 7 20 10 2 17 21 18 14 1 19 16 9 13 12
1394
4 9 16 13 22 12 8 19 1 14 18 21 17 2 10 20 7 6 15 0 11 3 5 23
1425
6 15 0 3 11 5 23 4 9 16 13 22 12 8 19 1 14 18 21 17 2 10 20 7
1416
8 22 4 23 11 3 0 15 5 7 6 2 10 20 16 21 17 18 14 1 19 9 13 12
1406
23 4 9 16 13 22 12 8 19 1 14 18 21 17 2 10 20 7 6 15 0 5 11 3
1460
18 17 21 16 9 20 7 10 2 6 11 3 0 15 5 23 4 22 8 12 13 19 1 14
1363
8 12 13 9 19 1 14 18 21 17 16 2 10 20 7 6 15 0 11 3 5 23 4 22
1414
11 0 15 5 6 10 2 7 20 16 21 17 18 14 1 19 13 12 8 22 9 4 23 3
1379
0 15 6 10 2 20 16 21 17 18 14 1 19 13 12 8 22 9 4 7 5 23 11 3
1398
0 3 11 23 4 9 16 13 22 8 12 19 1 14 18 21 17 2 10 20 7 6 5 15
1376
16 17 21 18 14 1 19 13 12 8 22 4 23 5 11 3 0 15 6 10 2 7 20 9
1358
22 4 23 5 15 0 3 11 6 7 20 10 2 17 21 18 14 1 19 16 9 13 12 8
1385
1 19 14 18 17 21 16 9 20 10 2 6 15 0 3 11 5 7 23 4 22 8 12 13
1423
17 21 16 9 20 7 2 10 6 11 3 0 15 5 23 4 22 8 12 13 19 1 14 18
1363
13 9 16 19 1 14 18 21 17 2 10 20 7 6 15 5 0 11 3 23 4 22 8 12
1424
2 10 15 0 3 11 6 5 23 4 9 16 13 22 12 8 19 1 14 18 21 17 20 7
1451
16 9 20 7 2 10 6 15 0 11 3 5 23 4 22 8 12 13 19 1 14 18 17 21
1367
11 23 4 9 16 13 22 8 12 19 1 14 18 21 17 2 10 20 7 6 5 15 0 3
1376
20 2 10 6 15 0 3 11 5 7 23 4 9 22 8 12 13 19 1 14 18 17 21 16
1398
5 23 4 9 22 8 12 13 19 1 14 18 17 21 16 2 10 20 7 6 15 0 3 11
1379
9 20 7 2 10 6 15 0 11 3 5 23 4 22 8 12 13 19 1 14 18 17 21 16
1367
23 4 9 13 22 8 12 19 1 14 18 21 17 10 2 16 20 7 6 15 0 3 11 5
1394
5 11 3 0 15 6 7 20 10 2 17 21 18 14 1 19 12 8 22 13 16 9 4 23
1384
17 16 9 20 7 10 2 6 15 0 3 11 5 23 4 22 8 12 13 19 1 14 18 21
1358
8 22 3 11 4 23 7 5 0 15 6 20 10 2 17 21 18 14 1 19 16 9 13 12
1425
8 12 13 9 19 1 14 18 21 17 10 2 16 20 7 6 11 3 0 15 5 23 4 22
1432
7 10 2 6 15 0 5 11 3 23 4 9 13 12 8 22 19 1 14 18 17 21 16 20
1445
8 12 13 9 16 19 1 14 18 21 17 2 10 20 6 7 5 15 0 11 3 23 4 22
1401
0 3 11 5 23 4 9 16 13 22 8 12 19 1 14 18 21 17 2 10 20 7 6 15
1384
5 3 11 0 15 6 7 20 10 2 16 21 17 18 14 1 19 13 12 8 22 9 4 23
1388
6 15 0 5 11 3 23 4 9 22 8 12 13 19 1 14 18 21 17 10 2 16 20 7
1445
1 19 14 18 17 21 16 9 20 10 2 6 15 0 3 11 5 7 23 4 22 8 12 13
1423
13 9 16 19 1 14 18 21 17 2 10 20 6 15 0 3 11 5 7 23 4 22 8 12
1411
16 17 21 18 14 1 19 13 12 8 22 4 23 7 5 3 11 0 15 6 10 2 20 9
1386
11 3 0 15 5 6 7 20 10 2 16 17 21 18 14 1 19 22 8 12 13 9 4 23
1393
20 10 2 17 21 18 14 1 19 12 8 22 13 16 9 4 23 7 5 3 11 0 15 6
1424
18 17 21 16 9 20 2 10 6 15 5 0 3 11 23 7 4 22 8 12 13 19 1 14
1412
4 9 22 8 12 13 19 1 14 18 21 17 10 2 16 20 7 6 15 5 0 3 11 23
1437
22 8 12 13 9 16 19 1 14 18 21 17 2 10 20 7 6 15 0 11 3 5 23 4
1389
6 7 20 10 2 16 21 17 18 14 1 19 12 8 22 13 9 4 23 11 3 0 5 15
1408
2 7 20 16 17 21 18 14 1 19 13 12 8 22 9 4 23 11 3 0 5 6 15 10
1407
11 23 5 7 4 9 16 13 22 8 12 19 1 14 18 21 17 2 10 20 6 15 0 3
1415
14 1 19 13 12 8 22 4 23 7 5 3 11 0 15 6 2 10 20 9 16 21 17 18
1386
16 9 20 7 2 10 6 15 0 3 11 5 23 4 22 8 12 13 19 1 14 18 17 21
1358
10 15 0 3 11 6 5 23 4 9 13 22 8 12 19 1 14 18 21 17 16 20 7 2
1369
15 5 0 3 11 23 4 9 16 13 22 8 12 19 1 14 18 21 17 2 10 20 7 6
1420
16 17 21 18 14 1 19 13 12 8 22 4 23 5 3 11 0 15 6 10 2 7 20 9
1367
8 12 13 9 16 19 1 14 18 21 17 2 10 20 6 15 0 5 23 7 4 11 3 22
1424
1 19 14 18 21 17 10 2 16 9 20 7 6 15 0 3 11 5 23 4 22 8 12 13
1426
20 7 6 15 0 3 11 5 23 4 9 22 8 12 13 19 1 14 18 21 17 16 2 10
1379
18 21 17 16 9 20 7 2 10 6 15 0 3 11 5 23 4 22 8 12 13 19 1 14
1358
21 18 14 1 19 13 12 8 22 4 23 5 11 3 0 15 6 7 20 9 16 2 10 17
1380
15 5 0 11 3 23 4 9 22 8 12 13 19 1 14 18 17 21 16 2 10 20 7 6
1423
2 7 20 16 21 17 18 14 1 19 13 12 8 22 9 4 23 5 6 11 3 0 15 10
1376
7 20 10 2 17 21 18 14 1 19 8 12 22 13 16 9 4 23 3 11 0 5 15 6
1460
13 12 8 22 4 7 23 5 11 3 0 15 6 20 10 2 17 21 18 14 1 19 16 9
1410
11 0 15 5 6 7 20 10 2 17 21 18 14 1 19 8 12 22 13 16 9 4 23 3
1416
9 20 2 10 6 15 0 3 11 5 23 7 4 22 8 12 13 19 1 14 18 21 17 16
1376
16 9 20 2 10 6 15 0 3 11 5 7 23 4 22 8 12 13 19 1 14 18 17 21
1377
16 9 4 23 7 5 3 11 0 15 6 20 10 2 17 21 18 14 1 19 12 8 22 13
1424
3 5 23 4 9 13 22 8 12 19 1 14 18 21 17 16 20 7 2 10 6 15 0 11
1381
13 12 8 22 4 7 23 5 3 11 0 15 6 20 10 2 17 21 18 14 1 19 16 9
1419
12 13 9 19 1 14 18 17 21 16 20 7 2 10 6 15 5 0 3 11 23 4 22 8
1441
9 16 13 12 8 22 19 1 14 18 21 17 2 10 20 6 15 0 5 11 3 23 7 4
1487
0 3 11 5 23 4 9 16 13 12 8 22 19 1 14 18 21 17 2 10 20 7 6 15
1413
14 18 21 17 10 2 16 9 20 7 6 15 5 0 11 3 23 4 22 8 12 13 1 19
1470
11 23 4 9 16 13 22 12 8 19 1 14 18 21 17 2 10 20 7 6 5 15 0 3
1408
9 13 22 12 8 19 1 14 18 21 17 16 20 2 10 6 15 0 11 3 5 23 7 4
1431
11 0 15 5 6 7 20 10 2 16 21 17 18 14 1 19 8 12 22 13 9 4 23 3
1404
13 12 8 22 4 23 5 11 3 0 15 6 7 20 10 2 17 21 18 14 1 19 16 9
1380
23 3 11 0 5 15 6 7 20 10 2 16 17 21 18 14 1 19 13 12 8 22 9 4
1423
3 11 0 15 5 6 7 20 10 2 16 21 17 18 14 1 19 13 12 8 22 9 4 23
1379
14 1 19 13 12 8 22 4 23 5 3 11 0 15 6 10 2 7 20 9 16 21 17 18
1367
1 19 14 18 17 21 16 9 20 23 6 2 10 11 3 0 15 5 7 4 22 8 12 13
1461
8 12 13 9 16 19 1 14 18 21 17 2 10 20 6 7 5 15 0 11 3 23 4 22
1401
14 18 21 17 16 9 20 10 2 6 7 5 15 0 3 11 23 4 22 8 12 13 19 1
1359
13 9 19 1 14 18 17 21 16 20 7 10 2 6 15 5 0 3 11 23 4 22 8 12
1441
22 8 12 13 9 16 19 1 14 18 21 17 2 10 20 7 6 11 3 0 15 5 23 4
1385
8 12 13 9 19 1 14 18 21 17 16 20 2 10 6 11 3 0 15 5 7 23 4 22
1429
17 21 18 14 1 19 13 12 8 22 4 23 5 3 11 0 15 6 7 20 9 16 2 10
1389
11 3 23 4 9 22 8 12 13 19 1 14 18 17 21 16 2 10 20 7 6 5 15 0
1379
12 13 9 19 1 14 18 17 21 16 20 2 10 6 7 11 3 0 15 5 23 4 22 8
1419
2 6 15 0 11 3 5 23 4 9 16 13 22 8 12 19 1 14 18 21 17 20 7 10
1431
15 0 11 3 5 23 4 9 13 22 8 12 19 1 14 18 17 21 16 20 7 2 10 6
1381
3 11 0 15 5 6 7 20 10 2 17 21 18 14 1 19 22 8 12 13 16 9 4 23
1413
15 0 11 3 5 23 4 9 13 12 8 22 19 1 14 18 17 21 16 20 7 10 2 6
1410
20 10 2 17 21 18 14 1 19 12 8 22 13 16 9 4 7 23 11 3 0 5 15 6
1450
9 16 17 21 18 14 1 19 13 12 8 22 4 23 5 3 11 0 15 6 2 10 7 20
1367
10 15 0 3 11 7 20 16 17 21 18 14 1 19 22 8 12 13 9 4 23 5 6 2
1398
9 4 7 23 11 3 0 5 15 6 2 10 20 16 17 21 18 14 1 19 13 12 8 22
1433
1 13 12 8 22 4 23 5 3 11 0 15 7 6 10 2 20 9 16 17 21 18 14 19
1433
2 10 7 20 16 21 17 18 14 1 19 13 12 8 22 9 4 23 5 11 3 0 15 6
1379
8 22 4 23 5 15 0 3 11 6 2 10 7 20 16 17 21 18 14 1 19 9 13 12
1410
19 1 13 12 8 22 4 23 5 15 0 3 11 7 6 2 10 20 9 16 21 17 18 14
1418
15 6 7 20 10 2 17 21 18 14 1 19 22 8 12 13 16 9 4 23 3 11 5 0
1457
8 12 13 9 16 19 1 14 18 21 17 2 10 20 6 11 3 0 15 5 7 23 4 22
1416
21 17 18 14 1 19 13 12 8 22 4 23 5 15 0 3 11 7 6 10 2 20 9 16
1372
18 17 21 16 9 20 7 10 2 6 15 0 5 11 3 23 4 22 8 12 13 19 1 14
1402
18 21 17 16 9 20 2 10 6 7 15 0 11 3 5 23 4 22 8 12 13 19 1 14
1387
13 12 8 22 4 23 7 5 3 11 0 15 6 20 10 2 17 21 18 14 1 19 16 9
1420
22 4 23 7 5 15 0 3 11 6 20 10 2 17 21 18 14 1 19 16 9 13 12 8
1416
23 4 9 13 22 12 8 19 1 14 18 17 21 16 2 10 20 7 6 15 0 3 11 5
1404
22 8 12 13 9 16 19 1 14 18 21 17 2 10 20 6 11 3 0 15 5 7 23 4
1416
22 8 12 13 9 16 19 1 14 18 21 17 2 10 20 7 6 15 0 5 23 4 11 3
1394
9 20 10 2 6 7 5 15 0 3 11 23 4 22 8 12 13 19 1 14 18 21 17 16
1359
8 22 4 23 3 11 0 15 5 7 6 20 10 2 17 21 18 14 1 19 16 9 13 12
1401
21 17 10 2 16 9 20 23 6 15 0 11 3 5 7 4 22 8 12 13 19 1 14 18
1425
20 16 21 17 18 14 1 19 13 12 8 22 9 4 23 7 5 11 3 0 15 6 10 2
1398
9 4 23 7 5 11 3 0 15 6 20 10 2 17 21 18 14 1 19 8 12 22 13 16
1447
15 0 3 11 5 23 4 9 16 13 22 12 8 19 1 14 18 21 17 2 10 20 7 6
1416
21 17 10 2 16 9 20 7 6 15 0 3 11 5 23 4 22 8 12 13 19 1 14 18
1380
11 3 0 15 5 6 7 20 10 2 16 17 21 18 14 1 19 22 8 12 13 9 4 23
1393
22 4 23 5 15 0 3 11 7 6 20 10 2 17 21 18 14 1 19 16 9 13 12 8
1406
9 16 2 10 17 21 18 14 1 19 13 12 8 22 4 23 5 11 3 0 15 6 7 20
1380
12 13 9 16 19 1 14 18 21 17 2 10 20 6 11 3 0 15 5 23 7 4 22 8
1415
10 2 7 20 16 21 17 18 14 1 19 13 12 8 22 9 4 23 5 6 11 3 0 15
1376
6 15 0 3 11 5 23 4 9 13 12 8 22 19 1 14 18 21 17 10 2 16 20 7
1423
6 2 10 7 20 16 21 17 18 14 1 19 12 8 22 13 9 4 23 11 3 0 5 15
1408
14 18 21 17 16 9 20 10 2 6 7 15 0 11 3 5 23 4 22 8 12 13 1 19
1433
21 17 18 14 1 19 13 12 8 22 4 23 7 5 11 3 0 15 6 2 10 20 9 16
1377
14 19 1 13 12 8 22 4 23 5 11 3 0 15 6 10 2 7 20 9 16 21 17 18
1404
14 19 1 13 12 8 22 4 23 3 11 0 15 5 7 6 10 2 20 9 16 21 17 18
1413
3 23 4 9 13 22 8 12 19 1 14 18 17 21 16 2 10 20 7 6 5 15 0 11
1372
6 7 20 10 2 16 17 21 18 14 1 19 13 12 8 22 9 4 23 5 3 11 0 15
1388
5 23 4 9 16 13 12 8 22 19 1 14 18 21 17 2 10 20 7 6 15 0 3 11
1413
2 6 15 0 11 3 5 23 4 9 16 13 12 8 22 19 1 14 18 21 17 20 7 10
1460
9 20 2 10 6 7 15 0 3 11 5 23 4 22 8 12 13 19 1 14 18 17 21 16
1378
8 22 4 23 3 11 0 15 5 7 6 10 2 20 16 21 17 18 14 1 19 9 13 12
1414
20 10 2 16 17 21 18 14 1 19 8 12 22 13 9 4 23 3 11 5 0 15 6 7
1448
6 7 20 10 2 17 21 18 14 1 19 12 8 22 13 16 9 4 23 5 11 3 0 15
1384
20 16 21 17 18 14 1 19 13 12 8 22 9 4 7 23 3 11 5 0 15 6 10 2
1441
2 10 15 0 3 11 6 5 23 4 9 16 13 22 8 12 19 1 14 18 21 17 20 7
1419
7 20 16 17 21 18 14 1 19 13 12 8 22 9 4 23 5 11 3 0 15 6 10 2
1379
4 23 5 3 11 0 15 6 2 10 7 20 16 21 17 18 14 1 19 8 12 22 13 9
1413
20 10 2 6 15 5 0 3 11 23 7 4 9 22 8 12 13 19 1 14 18 17 21 16
1433
18 21 17 10 2 16 9 20 7 6 15 5 0 11 3 23 4 22 8 12 13 19 1 14
1424
12 8 22 3 11 4 23 5 0 15 6 7 20 10 2 17 21 18 14 1 19 16 9 13
1394
7 20 10 2 16 17 21 18 14 1 19 13 12 8 22 9 4 23 3 11 0 5 15 6
1423
18 14 1 19 13 12 8 22 4 23 5 15 0 3 11 6 2 10 7 20 9 16 17 21
1363
6 7 20 10 2 17 21 18 14 1 19 8 12 22 13 16 9 4 23 5 3 11 0 15
1425
12 13 9 19 1 14 18 17 21 16 20 7 10 2 6 11 3 0 15 5 23 4 22 8
1410
14 18 17 21 16 9 20 2 10 6 15 0 11 3 5 7 23 4 22 8 12 13 1 19
1432
11 0 15 5 6 7 20 10 2 17 21 18 14 1 19 22 8 12 13 16 9 4 23 3
1413
16 2 10 17 21 18 14 1 19 13 12 8 22 4 23 5 11 3 0 15 6 7 20 9
1380
1 19 14 18 21 17 10 2 16 9 20 7 6 15 5 0 3 11 23 4 22 8 12 13
1462
17 16 9 20 2 10 6 15 0 3 11 5 7 23 4 22 8 12 13 19 1 14 18 21
1377
15 0 5 11 3 23 4 9 13 22 8 12 19 1 14 18 17 21 16 20 7 10 2 6
1416
12 8 22 4 23 11 3 0 15 5 7 6 20 10 2 17 21 18 14 1 19 16 9 13
1393
16 9 20 7 6 15 0 3 11 5 23 4 22 8 12 13 19 1 14 18 21 17 10 2
1380
15 0 3 11 5 23 4 9 16 13 12 8 22 19 1 14 18 21 17 2 10 20 7 6
1413
22 8 12 13 9 19 1 14 18 21 17 16 2 10 20 7 6 15 0 3 11 5 23 4
1405
23 5 11 3 0 15 6 7 20 10 2 17 21 18 14 1 19 22 8 12 13 16 9 4
1413
22 4 23 3 11 0 5 15 6 7 20 16 2 10 17 21 18 14 1 19 9 13 12 8
1471
20 2 10 6 15 0 5 11 3 23 7 4 9 13 22 12 8 19 1 14 18 21 17 16
1466
10 15 0 3 11 7 20 17 21 18 14 1 19 12 8 22 13 16 9 4 23 5 6 2
1419
7 20 10 2 17 21 18 14 1 19 22 8 12 13 16 9 4 23 11 3 0 5 15 6
1449
11 3 23 4 9 16 13 22 12 8 19 1 14 18 21 17 2 10 20 7 6 5 15 0
1416
1 13 12 8 22 4 7 5 15 0 3 11 6 10 2 23 20 9 16 21 17 18 14 19
1461
8 22 3 11 4 23 7 5 0 15 6 10 2 20 16 21 17 18 14 1 19 9 13 12
1438
5 15 6 7 20 10 2 17 21 18 14 1 19 8 12 22 13 16 9 4 23 11 3 0
1452
15 6 7 20 10 2 17 21 18 14 1 19 8 12 22 13 16 9 4 23 3 11 0 5
1460
18 14 1 19 13 12 8 22 4 23 5 15 0 3 11 7 6 10 2 20 9 16 21 17
1372
20 6 15 0 3 11 5 7 23 4 9 16 13 12 8 22 19 1 14 18 21 17 2 10
1444
13 9 19 1 14 18 17 21 16 20 2 10 6 15 0 3 11 5 23 7 4 22 8 12
1423
10 2 6 15 0 11 3 5 23 4 9 22 8 12 13 19 1 14 18 17 21 16 20 7
1388
23 5 11 3 0 15 6 7 20 10 2 16 21 17 18 14 1 19 22 8 12 13 9 4
1401
7 10 2 6 15 0 11 3 5 23 4 9 13 12 8 22 19 1 14 18 17 21 16 20
1410
14 1 19 13 12 8 22 4 23 7 5 15 0 3 11 6 10 2 20 9 16 17 21 18
1382
19 14 18 21 17 10 2 16 9 20 7 6 15 5 0 3 11 23 4 22 8 12 13 1
1462
9 16 13 22 12 8 19 1 14 18 21 17 2 10 20 6 15 0 3 11 5 7 23 4
1447
2 7 20 16 17 21 18 14 1 19 8 12 22 13 9 4 23 5 6 11 3 0 15 10
1401
23 4 9 22 8 12 13 19 1 14 18 17 21 16 20 7 10 2 6 15 0 3 11 5
1379
3 11 0 15 5 6 7 20 10 2 17 21 18 14 1 19 22 8 12 13 16 9 4 23
1413
18 14 1 19 13 12 8 22 4 23 5 11 3 0 15 6 2 10 7 20 9 16 17 21
1358
18 17 21 16 9 20 2 10 6 7 15 0 3 11 5 23 4 22 8 12 13 19 1 14
1378
5 0 11 3 23 4 9 22 8 12 13 19 1 14 18 21 17 10 2 16 20 7 6 15
1445
16 21 17 18 14 1 19 13 12 8 22 4 23 5 15 0 3 11 7 6 2 10 20 9
1372
23 4 9 13 22 12 8 19 1 14 18 17 21 16 2 10 20 7 6 15 0 3 11 5
1404
22 8 12 13 9 16 19 1 14 18 21 17 2 10 20 6 15 0 5 7 23 4 11 3
1425
4 23 5 3 11 0 15 6 10 2 7 20 16 21 17 18 14 1 19 13 12 8 22 9
1388
21 17 16 9 20 2 10 6 7 11 3 0 15 5 23 4 22 8 12 13 19 1 14 18
1372
23 4 9 22 8 12 13 19 1 14 18 17 21 16 2 10 20 7 6 15 0 3 11 5
1379
15 5 0 3 11 23 4 9 22 8 12 13 19 1 14 18 21 17 10 2 16 20 7 6
1437
16 21 17 18 14 1 19 13 12 8 22 4 23 5 15 0 3 11 6 10 2 7 20 9
1363
7 10 2 6 15 5 0 3 11 23 4 9 22 8 12 13 19 1 14 18 17 21 16 20
1415
21 18 14 1 19 13 12 8 22 4 23 7 5 11 3 0 15 6 2 10 20 9 16 17
1377
15 5 0 3 11 23 4 9 13 12 8 22 19 1 14 18 17 21 16 20 7 2 10 6
1437
6 15 0 3 11 5 23 4 9 13 22 12 8 19 1 14 18 21 17 10 2 16 20 7
1426
11 0 15 5 6 7 20 10 2 17 21 18 14 1 19 8 12 22 13 16 9 4 23 3
1416
20 16 21 17 18 14 1 19 12 8 22 13 9 4 23 7 5 11 3 0 15 6 10 2
1391
10 15 0 3 11 6 5 23 4 9 16 13 12 8 22 19 1 14 18 21 17 20 7 2
1448
5 15 6 7 20 10 2 17 21 18 14 1 19 12 8 22 13 16 9 4 23 11 3 0
1420
2 10 15 6 5 0 11 3 23 4 9 16 13 22 12 8 19 1 14 18 21 17 20 7
1490
14 19 1 13 12 8 22 4 23 11 3 0 5 15 6 7 20 9 16 2 10 17 21 18
1462
9 22 8 12 13 19 1 14 18 17 21 16 20 10 2 6 15 0 3 11 5 23 7 4
1397
0 3 11 23 5 7 4 9 13 22 8 12 19 1 14 18 17 21 16 20 10 2 6 15
1391
23 11 3 0 5 15 6 7 20 10 2 16 17 21 18 14 1 19 13 12 8 22 9 4
1415
22 3 11 4 23 5 0 15 6 10 2 7 20 16 21 17 18 14 1 19 9 13 12 8
1419
16 21 17 18 14 1 19 13 12 8 22 4 23 5 11 3 0 15 6 10 2 7 20 9
1358
3 0 15 5 6 7 20 16 2 10 17 21 18 14 1 19 8 12 22 13 9 4 23 11
1418
17 16 9 20 2 10 6 7 5 15 0 11 3 23 4 22 8 12 13 19 1 14 18 21
1367
22 4 23 5 15 0 3 11 7 6 20 10 2 17 21 18 14 1 19 16 9 13 12 8
1406
22 3 11 4 23 5 0 15 6 7 20 10 2 17 21 18 14 1 19 16 9 13 12 8
1394
0 3 11 23 5 7 4 9 16 13 22 12 8 19 1 14 18 21 17 2 10 20 6 15
1447
3 11 0 15 5 6 7 20 10 2 16 21 17 18 14 1 19 8 12 22 13 9 4 23
1404
9 16 17 21 18 14 1 19 13 12 8 22 4 23 7 5 15 0 3 11 6 2 10 20
1382
23 5 11 3 0 15 6 7 20 10 2 16 21 17 18 14 1 19 12 8 22 13 9 4
1372
8 12 13 9 19 1 14 18 21 17 16 20 7 10 2 6 15 0 3 11 5 23 4 22
1405
6 15 0 11 3 5 23 4 9 16 13 22 8 12 19 1 14 18 21 17 2 10 20 7
1393
0 15 6 7 20 10 2 16 21 17 18 14 1 19 13 12 8 22 9 4 23 5 11 3
1379
11 3 0 15 5 6 7 20 10 2 17 21 18 14 1 19 22 8 12 13 16 9 4 23
1405
23 4 9 13 12 8 22 19 1 14 18 17 21 16 2 10 20 7 6 15 0 5 11 3
1445
22 3 11 4 23 5 0 15 6 7 20 10 2 17 21 18 14 1 19 16 9 13 12 8
1394
2 10 15 0 3 11 7 20 17 21 18 14 1 19 12 8 22 13 16 9 4 23 5 6
1419
11 3 23 4 9 16 13 22 12 8 19 1 14 18 21 17 2 10 20 7 6 5 15 0
1416
0 3 11 5 23 4 9 22 8 12 13 19 1 14 18 21 17 10 2 16 20 7 6 15
1401
7 20 16 21 17 18 14 1 19 22 8 12 13 9 4 23 5 11 3 0 15 6 10 2
1401
14 18 21 17 16 9 20 2 10 6 7 11 3 0 15 5 23 4 22 8 12 13 1 19
1418
13 12 8 22 4 23 3 11 0 5 15 6 7 20 10 2 17 21 18 14 1 19 16 9
1424
