13 16 10 21 14 24 18 3 12 9 1 28 2 25 11 27 7 23 15 6 22 26 0 5 8 4 20 19 17
2070
20 1 19 9 3 17 13 16 21 10 14 18 24 6 15 12 23 7 22 26 0 27 5 11 8 2 28 25 4
1717
23 26 12 9 19 3 17 16 21 13 14 10 18 24 6 15 22 27 0 20 1 4 28 2 25 8 5 11 7
1929
5 8 11 27 0 7 22 26 23 15 12 6 24 18 14 10 13 21 16 17 3 9 19 1 20 28 2 4 25
1876
19 1 20 27 5 11 8 25 2 28 4 0 12 23 7 26 22 15 6 24 18 14 10 13 21 16 17 3 9
1790
2 25 28 8 11 5 4 1 20 19 9 12 3 14 18 23 27 0 15 26 7 22 6 24 10 21 16 13 17
1975
15 12 3 14 18 24 6 10 21 16 13 17 19 9 1 20 5 11 8 25 2 28 4 0 27 23 7 22 26
1796
14 17 13 16 21 10 3 9 19 1 28 2 25 8 4 20 5 11 27 0 12 23 7 26 15 22 6 24 18
1698
12 23 27 5 11 8 25 2 28 4 1 20 0 7 26 22 15 18 24 6 10 21 16 13 17 3 14 19 9
1805
2 25 8 4 11 5 0 15 6 24 18 12 22 26 23 7 27 20 19 9 3 14 10 13 21 16 17 1 28
1983
