13 10 14 3 18 24 15 6 22 26 7 27 5 11 8 25 2 28 4 1 20 0 23 12 9 19 17 16 21
1791
8 25 2 28 4 20 1 19 9 3 17 13 16 21 10 14 18 24 12 15 6 22 26 7 23 0 27 5 11
1715
17 16 21 13 10 24 18 14 3 9 12 20 23 15 6 22 26 7 0 27 5 11 8 25 2 28 4 1 19
1840
24 18 14 10 21 16 13 17 3 9 19 12 23 0 20 1 4 28 2 25 8 11 5 27 7 26 15 22 6
1706
14 18 24 6 22 15 26 7 27 11 8 25 2 28 4 5 0 23 12 20 1 19 9 3 17 13 16 21 10
1721
19 9 3 17 16 21 13 10 14 18 24 6 22 7 26 15 23 12 0 27 5 11 8 25 2 28 4 20 1
1666
14 18 24 6 22 7 26 15 23 12 0 27 5 11 8 25 2 28 4 20 1 19 9 3 17 16 21 13 10
1666
19 9 3 17 13 16 21 10 14 18 24 6 22 15 26 7 27 0 23 12 20 5 11 8 4 25 2 28 1
1686
4 28 2 25 8 11 5 27 0 20 23 7 26 12 15 22 6 24 18 14 10 13 21 16 17 3 9 19 1
1750
4 28 2 25 8 11 5 27 0 23 7 26 12 15 22 6 24 18 14 10 21 16 13 17 3 9 19 20 1
1710
26 7 27 5 11 8 4 25 2 28 1 20 0 23 12 19 9 3 17 16 21 13 10 14 18 24 6 22 15
1691
10 21 16 13 17 19 1 28 2 25 8 11 27 7 26 22 15 23 0 5 4 20 12 9 3 14 18 24 6
1817
10 3 14 18 24 6 15 26 22 7 27 5 11 8 25 2 28 4 1 20 0 23 12 9 19 17 13 16 21
1784
24 18 10 21 16 13 17 14 3 9 19 1 20 4 28 2 25 8 11 5 27 0 12 23 7 22 26 15 6
1676
28 4 1 19 9 3 17 13 16 21 10 14 18 24 6 22 26 15 12 7 23 20 0 27 5 11 8 25 2
1741
3 9 19 1 28 2 25 8 11 5 4 20 12 23 0 27 7 26 15 22 6 24 18 14 10 21 16 13 17
1684
0 23 7 26 12 15 22 6 24 18 14 10 21 16 13 17 3 9 19 20 1 4 28 2 25 8 5 11 27
1717
24 18 14 10 21 16 13 17 3 9 19 1 20 4 28 2 25 8 11 5 27 0 12 23 15 26 7 22 6
1651
20 19 9 3 17 13 16 21 10 14 18 24 6 22 15 26 7 23 12 1 28 2 25 8 4 5 11 27 0
1704
15 26 7 27 5 11 8 25 2 28 4 1 20 0 23 12 19 9 3 17 16 21 13 10 14 18 24 6 22
1721
27 0 20 12 23 15 26 7 22 6 24 18 14 10 13 21 16 17 3 9 19 1 28 2 25 4 8 11 5
1674
26 7 27 0 23 12 20 5 11 8 4 25 2 28 1 19 9 3 17 16 21 13 10 14 18 24 6 22 15
1701
26 7 27 5 11 8 4 25 2 28 1 20 0 23 12 19 9 3 17 13 16 21 10 14 18 24 6 22 15
1676
19 9 12 23 0 20 1 4 28 2 25 8 11 5 27 7 26 15 22 6 24 18 14 10 21 16 13 17 3
1707
1 4 28 2 25 8 11 5 27 0 20 23 7 26 12 15 22 6 24 18 14 10 21 16 13 17 3 9 19
1735
1 28 2 25 8 4 5 11 27 0 23 7 12 15 26 22 6 24 18 14 10 13 21 16 17 3 9 19 20
1709
6 24 18 14 10 21 16 13 17 3 9 19 12 23 0 20 1 28 2 25 4 8 11 5 27 7 26 15 22
1676
15 26 7 27 0 23 12 20 5 11 8 25 2 28 4 1 19 9 3 17 16 21 13 10 14 18 24 6 22
1731
24 18 14 10 13 21 16 17 3 9 19 12 23 0 20 1 28 2 25 4 8 11 5 27 7 26 15 22 6
1691
6 22 15 26 7 27 0 23 12 20 4 5 11 8 25 2 28 1 19 9 3 17 13 16 21 10 14 18 24
1684
1 19 9 3 17 16 21 13 10 14 18 24 6 22 7 26 15 23 12 20 0 27 11 5 4 8 25 2 28
1682
5 11 27 0 20 23 7 12 15 26 22 6 24 18 14 10 13 21 16 17 3 9 19 1 4 28 2 25 8
1763
8 25 2 28 4 1 19 9 3 17 13 16 21 10 14 18 24 6 22 7 26 15 23 12 20 0 27 5 11
1689
28 4 1 19 9 3 17 13 16 21 10 14 18 24 6 22 7 26 15 23 12 20 0 27 5 11 8 25 2
1689
27 5 11 8 25 2 28 4 20 1 19 9 3 17 16 21 13 10 14 18 24 6 12 15 26 22 7 23 0
1728
28 4 20 1 19 9 3 17 16 21 13 10 14 18 24 6 12 15 26 22 7 23 0 27 5 11 8 25 2
1728
10 21 16 13 17 19 1 28 2 25 8 4 5 11 27 0 7 26 23 20 12 9 3 14 18 15 22 6 24
1775
27 0 23 7 22 26 15 12 9 3 14 18 24 6 10 21 16 13 17 19 1 20 28 2 25 4 8 11 5
1719
19 3 17 16 21 13 10 14 18 24 6 22 15 26 7 27 5 11 8 4 25 2 28 1 20 0 23 12 9
1692
9 19 1 20 4 28 2 25 8 11 5 27 0 12 23 15 26 7 22 6 24 18 14 10 21 16 13 17 3
1651
13 10 14 18 24 6 22 15 26 7 27 11 5 8 25 2 28 4 1 20 0 23 12 19 9 3 17 16 21
1728
8 11 5 27 0 20 23 7 26 22 6 24 12 15 18 14 10 21 16 13 17 3 9 19 1 4 28 2 25
1754
3 19 9 12 23 0 20 1 28 2 25 4 8 11 5 27 7 26 15 22 6 24 18 14 10 21 16 13 17
1677
15 26 7 27 5 11 8 4 25 2 28 1 20 0 23 12 19 9 3 17 13 16 21 10 14 18 24 6 22
1676
1 28 2 25 8 4 5 11 27 0 20 12 23 15 26 7 22 6 24 18 14 10 13 21 16 17 3 9 19
1682
8 11 5 27 0 20 1 12 23 7 26 15 22 6 24 18 14 10 21 16 13 17 3 9 19 28 2 25 4
1698
11 5 8 4 25 2 28 1 20 19 9 3 17 13 16 21 10 14 18 24 6 22 26 15 12 7 23 0 27
1693
8 11 5 27 0 23 7 22 26 15 12 6 24 18 14 10 21 16 13 17 3 9 19 1 20 4 28 2 25
1713
11 8 25 2 28 4 20 1 19 9 3 17 13 16 21 10 14 18 24 12 15 6 22 26 7 23 0 27 5
1715
22 6 24 18 14 10 21 16 13 17 3 9 19 12 23 0 20 1 4 28 2 25 8 5 11 27 7 15 26
1734
11 5 27 0 23 7 22 26 15 12 18 24 6 14 10 13 21 16 17 3 9 19 1 20 4 28 2 25 8
1743
1 4 28 2 25 8 11 5 27 0 20 12 23 15 26 7 22 6 24 18 14 10 13 21 16 17 3 9 19
1704
15 26 7 27 5 11 8 25 2 28 4 1 20 0 23 12 19 9 3 17 16 21 13 10 14 18 24 6 22
1721
15 22 6 24 18 14 10 21 16 13 17 3 9 19 12 23 0 20 1 4 28 2 25 8 11 5 27 7 26
1706
21 13 10 14 3 18 24 6 22 15 26 7 27 5 11 8 25 2 28 4 1 20 0 23 12 9 19 17 16
1736
14 10 13 21 16 17 3 9 19 1 4 28 2 25 8 11 5 20 12 23 0 27 7 26 15 22 6 24 18
1731
7 26 15 22 6 24 18 14 10 13 21 16 17 3 19 9 12 23 0 20 1 4 28 2 25 8 11 5 27
1722
22 6 24 18 14 10 21 16 13 17 3 9 19 1 20 12 23 0 5 4 28 2 25 8 11 27 7 15 26
1742
27 0 20 23 7 26 12 15 22 6 24 18 14 10 21 16 13 17 3 9 19 1 28 2 25 4 8 11 5
1705
22 6 24 18 14 10 21 16 13 17 3 9 19 1 28 2 25 8 11 5 4 20 12 23 0 27 7 15 26
1705
23 12 20 1 19 9 3 17 16 21 13 10 14 18 24 6 22 15 26 7 27 5 11 8 25 2 28 4 0
1738
25 8 11 5 27 0 23 7 22 26 15 12 18 24 6 14 10 13 21 16 17 3 9 19 1 20 4 28 2
1743
23 12 19 9 3 17 13 16 21 10 14 18 24 6 22 15 26 7 27 5 11 8 25 2 28 4 1 20 0
1706
2 28 4 20 1 19 9 3 17 13 16 21 10 14 18 24 6 12 15 26 22 7 23 0 27 5 11 8 25
1713
21 16 17 19 1 28 2 25 8 11 27 7 26 23 0 5 4 20 12 9 3 14 18 15 22 6 24 10 13
1807
8 11 5 27 0 23 7 22 26 15 12 6 24 18 14 10 21 16 13 17 3 9 19 1 20 4 28 2 25
1713
17 16 21 13 10 14 3 18 24 6 22 15 26 7 27 5 11 8 4 25 2 28 1 20 0 23 12 9 19
1706
28 2 25 8 11 5 27 0 20 12 23 15 26 7 22 6 24 18 14 10 13 21 16 17 3 9 19 1 4
1704
12 9 19 3 17 16 21 13 10 14 18 24 6 22 15 26 7 27 5 11 8 4 25 2 28 1 20 0 23
1692
5 27 0 23 7 12 15 26 22 6 24 18 14 10 21 16 13 17 3 9 19 20 1 28 2 25 4 8 11
1686
20 19 9 3 17 13 16 21 10 14 18 15 12 24 6 22 26 7 23 0 27 5 11 8 4 25 2 28 1
1699
21 13 10 3 14 18 24 6 15 26 22 7 23 12 9 20 4 5 0 27 11 8 25 2 28 1 19 17 16
1843
28 4 1 19 9 3 17 16 21 13 10 14 18 24 6 22 7 26 15 23 12 20 0 27 5 11 8 25 2
1704
4 28 2 25 8 11 5 27 0 20 12 23 15 26 7 22 6 24 18 14 10 21 16 13 17 3 9 19 1
1689
23 12 20 5 11 8 4 25 2 28 1 19 9 3 17 13 16 21 10 14 18 24 6 22 15 26 7 27 0
1686
27 5 11 8 4 25 2 28 19 9 3 17 13 16 21 10 14 18 24 6 22 15 26 7 23 12 1 20 0
1698
5 8 4 25 2 28 1 19 9 3 17 13 16 21 10 14 18 24 6 22 15 26 7 23 12 20 0 27 11
1668
19 9 3 17 13 16 21 10 14 18 24 6 22 15 26 7 27 11 5 0 23 12 20 4 8 25 2 28 1
1704
11 5 27 0 20 23 7 26 12 15 22 6 24 18 14 10 21 16 13 17 3 9 19 1 4 28 2 25 8
1735
24 6 22 15 26 7 27 5 11 8 25 2 28 4 1 20 0 23 12 19 9 3 17 13 16 21 10 14 18
1706
13 21 16 17 19 1 28 2 25 8 11 27 0 5 4 20 9 12 23 7 22 26 15 6 24 18 14 3 10
1843
17 19 1 28 2 25 8 4 5 11 27 0 7 26 22 6 15 23 20 12 9 3 14 18 24 10 13 21 16
1818
15 26 7 27 5 11 8 25 2 28 4 1 20 0 23 12 9 19 3 17 13 16 21 10 14 18 24 6 22
1707
24 18 10 21 16 13 17 14 3 19 9 12 23 0 20 1 4 28 2 25 8 11 5 27 7 22 26 15 6
1730
1 28 2 25 8 4 5 11 27 0 20 23 7 12 15 26 22 6 24 18 14 10 21 16 13 17 3 9 19
1719
18 14 10 13 21 16 17 3 9 19 12 23 0 20 1 4 28 2 25 8 11 5 27 7 26 15 22 6 24
1721
7 26 15 22 6 24 18 14 10 21 16 13 17 3 9 19 1 20 12 23 0 4 28 2 25 8 11 5 27
1723
4 28 2 25 8 11 5 27 0 23 7 26 12 15 22 6 24 18 14 10 13 21 16 17 3 9 19 20 1
1725
25 2 28 4 1 19 9 3 17 13 16 21 10 14 18 24 6 22 7 26 15 23 12 20 0 27 5 11 8
1689
2 25 8 11 5 27 0 20 12 23 15 26 7 22 6 24 18 14 10 21 16 13 17 3 9 19 1 4 28
1689
20 1 19 9 3 17 13 16 21 10 14 18 24 6 12 15 26 22 7 23 0 27 5 11 8 25 2 28 4
1713
4 1 19 9 3 17 16 21 13 10 14 18 24 6 22 7 26 15 23 12 20 0 27 5 11 8 25 2 28
1704
20 12 23 7 26 15 22 6 24 18 14 10 21 16 13 17 3 9 19 1 28 2 25 8 11 27 0 5 4
1701
20 12 23 15 26 7 22 6 24 18 14 10 21 16 13 17 3 9 19 1 28 2 25 8 11 27 0 5 4
1699
12 19 9 3 17 13 16 21 10 14 18 24 6 22 15 26 7 27 5 11 8 25 2 28 4 1 20 0 23
1706
8 11 5 27 0 20 12 23 15 26 7 22 6 24 18 14 10 21 16 13 17 3 9 19 1 4 28 2 25
1689
14 10 21 16 13 17 3 9 19 1 28 2 25 4 8 11 5 20 12 23 0 27 7 26 15 22 6 24 18
1686
21 16 17 19 9 12 23 0 20 1 28 2 25 4 8 11 5 27 7 26 15 22 6 24 18 3 14 10 13
1706
21 16 17 19 9 12 23 0 20 1 28 2 25 4 8 11 5 27 7 26 15 22 6 24 18 3 14 10 13
1706
21 16 17 19 1 28 2 25 8 4 5 11 27 0 7 26 23 20 12 9 3 14 18 15 22 6 24 10 13
1790
12 20 4 8 25 2 28 1 19 9 3 17 13 16 21 10 14 18 24 6 22 15 26 7 27 11 5 0 23
1704
13 21 16 17 3 9 19 12 23 0 20 1 4 28 2 25 8 5 11 27 7 26 15 22 6 24 18 14 10
1728
8 25 2 28 4 1 20 19 9 3 17 16 21 13 10 14 18 24 6 22 15 12 26 7 23 0 27 5 11
1725
22 6 24 18 14 10 21 16 13 17 3 9 19 1 20 12 23 0 4 28 2 25 8 5 11 27 7 15 26
1751
24 18 15 6 22 26 7 27 5 11 8 4 25 2 28 1 20 0 23 12 19 9 3 14 17 13 16 21 10
1709
0 27 5 11 8 4 25 2 28 9 12 3 14 18 15 23 20 1 19 17 13 16 21 10 24 6 22 26 7
1799
4 8 11 5 27 0 20 1 12 23 7 26 15 22 6 24 18 14 10 21 16 13 17 3 9 19 28 2 25
1698
9 19 3 17 13 16 21 10 14 18 24 6 22 15 26 7 27 5 11 8 25 2 28 4 1 20 0 23 12
1707
26 7 27 5 11 8 25 2 28 4 1 20 0 23 12 9 19 3 17 16 21 13 10 14 18 24 6 22 15
1722
15 26 7 27 5 11 8 25 2 28 4 1 20 0 23 12 9 19 3 17 16 21 13 10 14 18 24 6 22
1722
18 14 10 21 16 13 17 3 9 19 1 20 4 28 2 25 8 11 5 27 0 12 23 15 26 7 22 6 24
1651
27 0 23 7 26 12 15 22 6 24 18 14 10 13 21 16 17 3 9 19 20 1 28 2 25 4 8 5 11
1702
24 18 10 21 16 13 17 14 3 9 19 1 28 2 25 8 11 5 4 20 12 23 0 27 7 22 26 15 6
1707
7 27 0 23 12 20 5 11 8 25 2 28 4 1 19 9 3 17 13 16 21 10 14 18 24 6 22 15 26
1716
28 4 20 1 19 9 3 17 13 16 21 10 14 18 24 6 12 15 26 22 7 23 0 27 5 11 8 25 2
1713
12 23 0 4 28 2 25 8 11 5 27 7 26 15 22 6 24 18 14 10 21 16 13 17 3 9 19 1 20
1723
20 0 27 11 5 4 8 25 2 28 1 19 9 3 17 16 21 13 10 14 18 24 6 22 26 15 12 7 23
1734
0 23 7 22 26 15 12 6 24 18 14 10 21 16 13 17 3 9 19 1 20 4 28 2 25 8 5 11 27
1720
19 12 23 0 20 1 4 28 2 25 8 11 5 27 7 26 15 22 6 24 18 14 10 21 16 13 17 3 9
1706
26 7 27 5 11 8 25 2 28 4 0 23 12 20 1 19 9 3 17 13 16 21 10 14 18 24 6 22 15
1723
16 21 13 10 24 6 22 26 7 27 5 11 8 25 2 28 4 1 20 0 23 15 18 14 3 12 9 19 17
1744
18 14 10 21 16 13 17 3 9 19 12 23 0 20 1 4 28 2 25 8 11 5 27 7 26 15 22 6 24
1706
13 10 3 14 18 24 6 15 26 22 7 27 5 11 8 25 2 28 4 1 20 0 23 12 9 19 17 16 21
1799
8 25 2 28 4 1 20 19 9 3 17 13 16 21 10 14 18 24 6 22 15 12 26 7 23 0 27 5 11
1710
5 27 0 20 23 7 12 15 26 22 6 24 18 14 10 13 21 16 17 3 9 19 1 4 28 2 25 8 11
1756
19 9 12 23 0 20 1 4 28 2 25 8 11 5 27 7 26 15 22 6 24 18 14 10 13 21 16 17 3
1722
11 5 27 0 20 12 23 15 26 7 22 6 24 18 14 10 21 16 13 17 3 9 19 1 28 2 25 4 8
1659
20 23 7 26 22 6 24 18 12 15 14 10 21 16 13 17 3 9 19 1 28 2 25 4 8 11 5 27 0
1726
21 13 10 14 18 24 6 22 15 26 7 27 11 5 8 25 2 28 4 1 20 0 23 12 19 9 3 17 16
1728
26 15 22 6 24 18 14 10 21 16 13 17 3 9 19 12 23 0 20 1 4 28 2 25 8 11 5 27 7
1706
24 6 15 22 26 7 27 5 11 8 4 25 2 28 1 20 0 23 12 9 19 3 14 17 13 16 21 10 18
1698
13 10 14 15 23 20 9 12 3 18 24 6 22 26 7 0 27 11 5 4 8 25 2 28 1 19 17 16 21
1854
13 21 16 17 19 1 28 2 25 4 8 11 5 27 0 7 26 22 6 15 23 20 12 9 3 14 18 24 10
1810
22 6 24 18 14 10 21 16 13 17 3 9 19 12 23 0 20 1 28 2 25 4 8 11 5 27 7 15 26
1697
25 8 11 5 27 0 20 23 7 26 22 6 24 18 12 15 14 10 21 16 13 17 3 9 19 1 4 28 2
1756
9 3 17 13 16 21 10 14 18 24 6 22 15 26 7 27 5 11 8 4 25 2 28 1 20 0 23 12 19
1676
20 28 2 25 8 4 5 11 27 0 23 7 26 22 15 12 9 3 14 18 24 6 10 21 16 13 17 19 1
1725
11 27 0 23 7 26 22 6 15 12 24 18 14 10 13 21 16 17 3 9 19 1 20 4 28 2 25 8 5
1737
8 11 5 27 0 20 12 23 15 26 7 22 6 24 18 14 10 13 21 16 17 3 9 19 1 4 28 2 25
1704
3 17 16 21 13 10 14 18 24 6 22 15 26 7 27 5 11 8 25 2 28 4 1 20 0 23 12 9 19
1722
9 3 17 13 16 21 10 14 18 24 6 22 15 26 7 27 5 11 8 25 2 28 4 1 20 0 23 12 19
1706
20 12 23 7 26 15 22 6 24 18 14 10 13 21 16 17 3 9 19 1 28 2 25 8 4 5 11 27 0
1684
2 25 8 11 5 27 0 20 23 7 22 26 15 6 24 18 12 14 10 21 16 13 17 3 9 19 1 4 28
1789
2 25 8 11 5 27 0 20 23 7 26 22 6 24 12 15 18 14 10 21 16 13 17 3 9 19 1 4 28
1754
15 22 6 24 18 14 10 21 16 13 17 3 9 19 12 23 0 20 1 4 28 2 25 8 11 5 27 7 26
1706
5 8 4 25 2 28 1 20 19 9 3 17 13 16 21 10 14 18 24 6 22 15 12 26 7 23 0 27 11
1687
5 11 8 25 2 28 4 20 1 19 9 3 17 13 16 21 10 14 18 24 6 12 15 26 22 7 23 0 27
1713
3 17 13 16 21 10 14 18 24 6 22 15 26 7 27 11 8 25 2 28 4 5 0 23 12 20 1 19 9
1721
18 14 10 13 21 16 17 3 19 9 12 23 0 20 1 4 28 2 25 8 11 5 27 7 26 15 22 6 24
1722
1 4 28 2 25 8 11 5 27 0 20 23 7 26 22 6 24 18 12 15 14 10 13 21 16 17 3 9 19
1771
5 27 0 20 12 23 15 26 7 22 6 24 18 14 10 21 16 13 17 3 9 19 1 4 28 2 25 8 11
1689
2 28 4 20 1 19 9 3 17 16 21 13 10 14 18 24 6 12 15 26 22 7 23 0 27 5 11 8 25
1728
27 11 5 8 25 2 28 4 1 19 9 3 17 13 16 21 10 14 18 24 6 22 15 12 26 7 23 20 0
1742
15 22 6 24 18 14 10 13 21 16 17 3 9 19 1 20 12 23 0 5 4 28 2 25 8 11 27 7 26
1736
6 22 7 26 15 23 12 0 27 5 11 8 25 2 28 4 20 1 19 9 3 17 16 21 13 10 14 18 24
1666
17 16 21 13 10 14 3 18 24 15 6 22 26 7 27 11 5 8 25 2 28 4 1 20 0 23 12 9 19
1798
19 9 12 23 0 20 1 28 2 25 4 8 11 5 27 7 26 15 22 6 24 18 14 10 13 21 16 17 3
1692
26 7 27 5 11 8 25 2 28 4 1 20 0 23 12 19 9 3 17 13 16 21 10 14 18 24 6 22 15
1706
20 1 28 2 25 4 8 11 5 27 0 23 7 26 22 6 24 18 12 15 14 10 13 21 16 17 3 9 19
1716
27 0 20 12 23 7 26 15 22 6 24 18 14 10 21 16 13 17 3 9 19 1 4 28 2 25 8 11 5
1691
25 2 28 4 20 1 19 9 3 17 13 16 21 10 14 18 24 6 12 15 26 22 7 23 0 27 5 11 8
1713
1 19 9 3 17 16 21 13 14 10 6 24 18 12 15 26 22 7 23 20 0 27 5 11 8 4 25 2 28
1768
1 19 9 3 17 16 21 13 14 10 6 24 18 12 15 26 22 7 23 20 4 5 0 27 11 8 25 2 28
1808
10 21 16 13 17 19 9 12 23 0 20 1 28 2 25 4 8 11 5 27 7 22 26 15 6 24 18 14 3
1754
4 28 2 25 8 11 5 27 0 20 12 23 15 26 7 22 6 24 18 14 10 21 16 13 17 3 9 19 1
1689
18 14 10 21 16 13 17 3 9 19 12 23 0 20 1 28 2 25 4 8 11 5 27 7 26 15 22 6 24
1676
27 5 11 8 25 2 28 4 1 19 9 3 17 13 16 21 10 14 18 24 6 22 15 26 7 23 12 20 0
1691
16 21 13 10 3 14 18 24 15 6 22 26 7 27 5 11 8 4 25 2 28 1 20 0 23 12 9 19 17
1786
11 5 8 25 2 28 4 1 19 9 3 17 13 16 21 10 14 18 24 6 22 15 12 26 7 23 20 0 27
1742
10 21 16 13 17 19 9 12 23 0 20 1 28 2 25 4 8 5 11 27 7 26 22 15 6 24 18 14 3
1759
11 8 25 2 28 4 1 19 9 3 17 13 16 21 10 14 18 24 6 22 15 26 7 23 12 20 0 27 5
1691
6 24 18 14 10 21 16 13 17 3 19 9 12 23 0 20 1 28 2 25 4 8 11 5 27 7 26 15 22
1677
11 8 25 2 28 4 1 19 9 3 17 16 21 13 10 14 18 24 6 22 15 26 7 23 12 20 0 27 5
1706
8 11 5 27 0 20 12 23 15 26 7 22 6 24 18 14 10 21 16 13 17 3 9 19 1 4 28 2 25
1689
6 22 7 26 15 23 12 0 27 5 11 8 25 2 28 4 20 1 19 9 3 17 13 16 21 10 14 18 24
1651
10 21 16 13 17 19 9 12 23 0 20 1 4 28 2 25 8 11 5 27 7 22 26 15 6 24 18 14 3
1784
22 26 15 7 27 0 23 12 20 4 5 11 8 25 2 28 1 19 9 3 17 13 16 21 10 14 18 24 6
1705
13 10 3 14 18 24 15 6 22 26 7 27 5 11 8 25 2 28 4 1 20 0 23 12 9 19 17 16 21
1816
20 0 27 11 5 4 8 25 2 28 1 19 9 3 17 16 21 13 10 14 18 24 6 22 7 26 15 23 12
1682
0 20 12 23 7 26 15 22 6 24 18 14 10 21 16 13 17 3 9 19 1 4 28 2 25 8 11 5 27
1691
0 27 5 11 8 25 2 28 4 20 1 19 9 3 17 13 16 21 10 14 18 24 6 12 15 26 22 7 23
1713
4 25 2 28 19 9 3 17 13 16 21 10 14 18 24 6 22 15 26 7 23 12 1 20 0 27 5 11 8
1698
15 26 7 27 5 11 8 25 2 28 4 1 20 0 23 12 19 9 3 17 16 21 13 10 14 18 24 6 22
1721
15 26 7 27 5 11 8 25 2 28 4 1 20 0 23 12 9 19 3 17 13 16 21 10 14 18 24 6 22
1707
16 17 19 9 12 3 14 18 15 23 0 20 1 4 28 2 25 8 11 5 27 7 26 22 6 24 10 13 21
1744
21 13 10 14 3 18 24 6 22 15 26 7 27 11 5 8 25 2 28 4 1 20 0 23 12 9 19 17 16
1743
23 12 9 19 3 17 13 16 21 10 14 18 24 6 22 15 26 7 27 5 11 8 25 2 28 4 1 20 0
1707
15 26 7 27 5 11 8 25 2 28 4 1 20 0 23 12 19 9 3 17 13 16 21 10 14 18 24 6 22
1706
20 28 2 25 8 4 5 11 27 0 23 7 22 26 15 12 9 3 14 18 24 6 10 21 16 13 17 19 1
1727
3 17 16 21 13 10 14 18 24 6 22 15 26 7 27 5 11 8 25 2 28 4 1 20 0 23 12 19 9
1721
21 16 17 19 9 12 23 0 20 1 4 28 2 25 8 11 5 27 7 26 22 6 15 3 14 18 24 10 13
1820
6 22 15 26 7 27 5 11 8 25 2 28 4 1 20 0 23 12 9 19 3 17 13 16 21 10 14 18 24
1707
23 12 19 9 3 17 16 21 13 10 14 18 24 6 22 15 26 7 27 5 11 8 25 2 28 4 1 20 0
1721
23 12 20 4 5 11 8 25 2 28 1 19 9 3 17 13 16 21 10 14 18 24 6 22 15 26 7 27 0
1684
27 5 11 8 25 2 28 4 20 1 19 9 3 17 13 16 21 10 14 18 24 6 12 15 26 22 7 23 0
1713
1 20 4 5 0 27 11 8 25 2 28 19 9 3 17 13 16 21 10 14 18 24 6 22 15 26 7 23 12
1738
22 26 15 7 27 11 5 8 25 2 28 4 1 20 0 23 12 9 19 3 17 16 21 13 10 14 18 24 6
1750
6 24 18 14 10 21 16 13 17 3 9 19 1 20 4 28 2 25 8 11 5 27 0 12 23 15 26 7 22
1651
3 9 19 1 20 12 23 0 5 4 28 2 25 8 11 27 7 26 15 22 6 24 18 14 10 21 16 13 17
1721
19 17 13 16 21 10 6 24 18 14 3 9 12 20 23 15 26 22 7 0 27 5 11 8 4 25 2 28 1
1794
20 4 5 0 27 11 8 25 2 28 1 19 9 3 17 13 16 21 10 14 18 15 12 24 6 22 26 7 23
1764
18 14 10 21 16 13 17 3 9 19 1 4 28 2 25 8 11 5 20 12 23 0 27 7 26 15 22 6 24
1716
22 26 15 7 27 11 5 8 25 2 28 4 0 23 12 20 1 19 9 3 17 13 16 21 10 14 18 24 6
1751
7 26 15 22 6 24 18 14 10 21 16 13 17 3 9 19 12 23 0 20 1 4 28 2 25 8 11 5 27
1706
25 8 11 5 27 0 23 7 22 26 15 12 18 24 6 14 10 13 21 16 17 3 9 19 1 20 4 28 2
1743
28 2 25 8 11 5 27 0 23 7 22 26 15 12 6 24 18 14 10 21 16 13 17 3 9 19 1 20 4
1713
24 18 10 21 16 13 17 14 3 9 19 1 20 4 28 2 25 8 11 5 27 0 12 23 7 26 22 15 6
1674
20 23 7 26 22 6 24 18 12 15 14 10 13 21 16 17 3 9 19 1 28 2 25 8 11 27 0 5 4
1781
15 22 6 24 18 14 10 21 16 13 17 3 9 19 12 23 0 20 1 28 2 25 4 8 11 5 27 7 26
1676
7 26 15 22 6 24 18 14 10 21 16 13 17 3 9 19 12 23 0 20 1 4 28 2 25 8 11 5 27
1706
27 0 20 12 23 15 26 7 22 6 24 18 14 10 21 16 13 17 3 9 19 1 4 28 2 25 8 11 5
1689
28 2 25 8 11 5 27 0 23 7 22 26 15 12 6 24 18 14 10 13 21 16 17 3 9 19 1 20 4
1728
1 28 2 25 8 11 27 0 5 4 20 23 7 26 12 15 22 6 24 18 14 10 13 21 16 17 3 9 19
1760
2 25 8 11 5 27 0 23 7 22 26 15 12 6 24 18 14 10 21 16 13 17 3 9 19 1 20 4 28
1713
23 12 20 4 8 25 2 28 1 19 9 3 17 13 16 21 10 14 18 24 6 22 15 26 7 27 11 5 0
1704
17 19 1 4 28 2 25 8 11 5 27 0 7 22 26 15 23 20 12 9 3 14 18 24 6 10 13 21 16
1839
27 0 20 23 7 26 22 6 24 12 15 18 14 10 21 16 13 17 3 9 19 1 4 28 2 25 8 11 5
1754
26 7 27 5 11 8 25 2 28 4 1 20 0 23 12 19 9 3 17 13 16 21 10 14 18 24 6 22 15
1706
27 0 20 23 7 12 15 26 22 6 24 18 14 10 21 16 13 17 3 9 19 1 4 28 2 25 8 11 5
1741
25 8 11 5 27 0 23 7 22 26 15 12 6 24 18 14 10 13 21 16 17 3 9 19 1 20 4 28 2
1728
13 10 14 18 24 6 22 15 26 7 27 5 11 8 25 2 28 4 1 20 0 23 12 19 9 3 17 16 21
1721
2 25 8 11 5 27 0 20 12 26 7 23 15 22 6 24 18 14 10 21 16 13 17 3 9 19 1 4 28
1723
13 21 16 17 19 1 4 28 2 25 8 11 5 27 0 7 22 26 15 23 20 12 9 3 14 18 24 6 10
1839
11 5 8 4 25 2 28 1 19 3 17 16 21 13 10 14 18 24 6 22 15 26 7 23 12 9 20 0 27
1733
10 24 6 22 26 7 27 5 11 8 4 25 2 28 1 20 0 23 15 18 14 3 12 9 19 17 13 16 21
1699
6 24 18 14 10 21 16 13 17 3 9 19 12 23 0 20 1 4 28 2 25 8 11 5 27 7 26 15 22
1706
0 20 12 23 7 26 15 22 6 24 18 14 10 13 21 16 17 3 9 19 1 28 2 25 4 8 11 5 27
1676
6 22 7 26 15 23 12 0 27 5 11 8 25 2 28 4 20 1 19 9 3 17 13 16 21 10 14 18 24
1651
25 8 11 5 27 0 20 12 23 15 26 7 22 6 24 18 14 10 21 16 13 17 3 9 19 1 4 28 2
1689
27 0 23 7 26 12 15 22 6 24 18 14 10 21 16 13 17 3 9 19 20 1 4 28 2 25 8 5 11
1717
11 8 25 2 28 4 1 19 9 3 17 13 16 21 10 14 18 24 6 22 15 26 7 23 12 20 0 27 5
1691
13 10 24 6 22 26 7 27 5 11 8 4 25 2 28 1 20 0 23 15 18 14 3 12 9 19 17 16 21
1714
27 11 5 8 25 2 28 4 1 19 9 3 17 13 16 21 10 14 18 24 6 22 26 15 12 7 23 20 0
1748
17 3 9 19 12 23 0 20 1 28 2 25 4 8 11 5 27 7 26 15 22 6 24 18 14 10 13 21 16
1691
11 8 25 2 28 4 20 1 19 9 3 17 13 16 21 10 14 18 24 12 15 6 22 26 7 23 0 27 5
1715
16 17 19 9 12 23 0 20 1 4 28 2 25 8 11 5 27 7 26 15 22 6 24 18 3 14 10 13 21
1736
8 11 5 27 0 23 7 22 26 15 12 6 24 18 14 10 21 16 13 17 3 9 19 1 20 4 28 2 25
1713
12 9 19 3 17 16 21 13 10 14 18 24 6 22 15 26 7 27 5 11 8 4 25 2 28 1 20 0 23
1692
25 8 11 5 27 0 23 7 22 26 15 12 18 24 6 14 10 21 16 13 17 3 9 19 1 20 4 28 2
1728
13 10 24 6 22 26 7 27 5 11 8 25 2 28 4 1 20 0 23 15 18 14 3 12 9 19 17 16 21
1744
14 18 24 6 22 15 26 7 27 5 11 8 25 2 28 4 1 20 0 23 12 19 9 3 17 13 16 21 10
1706
16 17 19 9 12 23 0 20 1 4 28 2 25 8 11 5 27 7 22 26 15 24 6 18 3 14 10 13 21
1801
21 13 10 14 3 18 24 6 22 15 26 7 27 5 11 8 25 2 28 4 1 20 0 23 12 9 19 17 16
1736
20 4 5 0 27 11 8 25 2 28 12 23 7 26 15 22 6 24 18 14 10 13 21 16 17 3 9 19 1
1761
25 2 28 4 1 19 9 3 17 13 16 21 10 14 15 12 18 24 6 22 26 7 23 20 0 27 5 11 8
1756
20 0 27 11 5 4 8 25 2 28 1 12 23 7 26 15 22 6 24 18 14 10 13 21 16 17 3 9 19
1719
25 2 28 4 20 1 19 9 3 17 13 16 21 10 14 24 6 18 12 15 26 22 7 23 0 27 5 11 8
1727
24 18 14 10 21 16 13 17 3 9 19 1 20 4 28 2 25 8 11 5 27 0 12 23 15 26 7 22 6
1651
20 12 23 15 26 7 22 6 24 18 14 10 13 21 16 17 3 9 19 1 28 2 25 8 11 27 0 5 4
1714
3 17 13 16 21 10 14 18 24 6 22 15 26 7 27 5 11 8 25 2 28 4 1 20 0 23 12 9 19
1707
18 24 6 22 15 26 7 27 5 11 8 25 2 28 4 1 20 0 23 12 19 9 3 17 13 16 21 10 14
1706
7 26 15 22 6 24 18 14 10 13 21 16 17 3 9 19 1 20 12 23 0 5 4 28 2 25 8 11 27
1736
15 26 7 27 0 23 12 20 4 5 11 8 25 2 28 1 19 9 3 17 13 16 21 10 14 18 24 6 22
1684
22 26 15 7 27 11 5 8 4 25 2 28 1 20 0 23 12 19 9 3 17 13 16 21 10 14 18 24 6
1704
12 23 15 26 7 22 6 24 18 14 10 21 16 13 17 3 9 19 1 20 4 28 2 25 8 11 5 27 0
1651
1 28 2 25 8 11 27 0 5 4 20 12 23 15 26 7 22 6 24 18 14 10 21 16 13 17 3 9 19
1699
18 24 6 22 15 26 7 27 5 11 8 25 2 28 4 1 20 0 23 12 9 19 3 17 13 16 21 10 14
1707
15 22 6 24 18 14 10 21 16 13 17 3 9 19 1 28 2 25 4 8 11 5 20 12 23 0 27 7 26
1686
19 17 13 16 21 10 3 14 18 24 6 15 26 22 7 27 11 5 8 25 2 28 4 1 20 0 23 12 9
1791
5 27 0 23 7 22 26 15 12 6 24 18 14 10 21 16 13 17 3 9 19 1 20 4 28 2 25 8 11
1713
27 0 23 7 26 12 15 22 6 24 18 14 10 21 16 13 17 3 9 19 20 1 4 28 2 25 8 5 11
1717
24 18 10 21 16 13 17 14 3 9 19 1 20 12 23 0 4 28 2 25 8 5 11 27 7 22 26 15 6
1753
11 5 8 25 2 28 4 1 19 9 3 17 13 16 21 10 14 18 15 12 24 6 22 26 7 23 20 0 27
1761
8 25 2 28 4 20 1 19 9 3 17 13 16 21 10 14 24 18 12 15 6 22 26 7 23 0 27 5 11
1717
11 5 27 0 23 7 26 12 15 22 6 24 18 14 10 13 21 16 17 3 9 19 20 1 4 28 2 25 8
1725
4 20 1 19 9 3 17 16 21 13 10 14 18 24 6 12 15 26 22 7 23 0 27 5 11 8 25 2 28
1728
12 23 15 26 7 22 6 24 18 14 10 21 16 13 17 3 9 19 1 20 4 28 2 25 8 11 5 27 0
1651
1 28 2 25 8 11 27 0 5 4 20 23 7 22 26 15 12 18 6 24 10 14 13 21 16 17 3 9 19
1819
3 17 13 16 21 10 14 18 24 6 22 15 26 7 27 5 11 8 25 2 28 4 1 20 0 23 12 19 9
1706
5 8 25 2 28 4 20 1 19 9 3 17 13 16 21 10 14 18 24 6 12 15 26 22 7 23 0 27 11
1720
5 11 27 0 23 7 22 26 15 12 6 24 18 14 10 21 16 13 17 3 9 19 1 20 4 28 2 25 8
1720
15 26 7 27 0 23 12 20 5 11 8 4 25 2 28 1 19 9 3 17 13 16 21 10 14 18 24 6 22
1686
17 16 21 13 10 3 14 18 24 6 15 22 26 7 27 5 11 8 4 25 2 28 1 20 0 23 12 9 19
1767
2 28 4 20 1 19 9 3 17 13 16 21 10 14 18 24 6 12 15 26 22 7 23 0 27 5 11 8 25
1713
11 27 0 23 7 26 22 6 15 12 24 18 14 10 13 21 16 17 3 9 19 1 20 4 28 2 25 8 5
1737
24 18 10 21 16 13 17 14 3 9 19 1 20 4 28 2 25 8 11 5 27 0 12 23 7 26 22 15 6
1674
14 18 24 6 22 15 26 7 27 5 11 8 25 2 28 4 1 20 0 23 12 9 19 3 17 13 16 21 10
1707
9 3 17 13 16 21 10 14 18 24 6 22 15 26 7 27 5 11 8 25 2 28 4 0 23 12 20 1 19
1723
19 17 13 16 21 10 24 6 22 15 18 14 3 9 12 20 4 5 0 23 26 7 27 11 8 25 2 28 1
1792
0 27 5 11 8 25 2 28 4 20 1 19 9 3 17 13 16 21 10 14 18 24 12 15 6 22 26 7 23
1715
8 11 5 27 0 20 12 23 15 26 7 22 6 24 18 14 10 13 21 16 17 3 9 19 1 4 28 2 25
1704
3 9 19 12 23 0 20 1 28 2 25 4 8 11 5 27 7 26 15 22 6 24 18 14 10 21 16 13 17
1676
10 21 16 13 17 19 9 12 3 14 18 15 23 0 20 1 4 28 2 25 8 11 5 27 7 26 22 6 24
1729
10 24 18 14 3 15 6 22 26 7 27 5 11 8 25 2 28 4 1 20 0 23 12 9 19 17 13 16 21
1805
8 25 2 28 4 1 20 19 9 3 17 13 16 21 10 14 18 24 6 22 15 12 26 7 23 0 27 5 11
1710
16 21 13 10 14 6 24 18 3 9 12 20 4 5 0 23 15 26 22 7 27 11 8 25 2 28 1 19 17
1895
19 3 17 16 21 13 10 14 18 24 6 22 15 26 7 27 5 11 8 4 25 2 28 1 20 0 23 12 9
1692
27 0 20 23 7 26 22 6 24 12 15 18 14 10 21 16 13 17 3 9 19 1 4 28 2 25 8 5 11
1761
11 5 8 25 2 28 4 1 20 19 9 3 17 16 21 13 10 14 18 24 6 22 15 12 26 7 23 0 27
1732
23 0 20 1 4 28 2 25 8 11 5 27 7 26 15 22 6 24 18 14 10 21 16 13 17 3 19 9 12
1707
20 4 5 0 27 11 8 25 2 28 1 19 3 17 13 16 21 10 14 18 24 6 22 15 26 7 23 12 9
1751
3 9 19 12 23 0 20 1 4 28 2 25 8 11 5 27 7 26 15 22 6 24 18 14 10 13 21 16 17
1721
23 12 19 9 3 17 16 21 13 10 14 18 24 6 22 15 26 7 27 5 11 8 4 25 2 28 1 20 0
1691
19 12 23 0 20 1 4 28 2 25 8 11 5 27 7 26 15 22 6 24 18 14 10 21 16 13 17 3 9
1706
25 8 11 5 27 0 23 7 26 12 15 22 6 24 18 14 10 13 21 16 17 3 9 19 20 1 4 28 2
1725
25 8 11 5 27 0 23 7 26 22 6 15 12 24 18 14 10 21 16 13 17 3 9 19 1 20 4 28 2
1715
13 10 24 6 22 15 18 14 3 9 12 20 23 26 7 0 27 5 11 8 4 25 2 28 1 19 17 16 21
1782
8 25 2 28 4 1 19 9 3 17 13 16 21 10 14 18 24 6 22 7 26 15 23 12 20 0 27 5 11
1689
16 21 13 10 24 18 14 3 9 12 20 23 15 6 22 26 7 0 27 5 11 8 4 25 2 28 1 19 17
1810
3 17 13 16 21 10 14 18 24 6 22 15 26 7 27 5 11 8 25 2 28 4 1 20 0 23 12 19 9
1706
25 8 11 5 27 0 20 12 23 15 26 7 22 6 24 18 14 10 13 21 16 17 3 9 19 1 4 28 2
1704
24 18 10 21 16 13 17 14 3 19 9 12 23 0 20 1 28 2 25 4 8 5 11 27 7 22 26 15 6
1707
24 6 15 22 26 7 27 11 5 8 25 2 28 4 0 23 12 20 1 19 9 3 14 17 13 16 21 10 18
1751
17 19 1 28 2 25 8 4 5 11 27 0 7 26 23 20 12 9 3 14 18 15 22 6 24 10 13 21 16
1790
26 15 22 6 24 18 14 10 13 21 16 17 3 19 9 12 23 0 20 1 28 2 25 4 8 11 5 27 7
1692
2 25 8 11 5 27 0 23 7 22 26 15 12 6 24 18 14 10 21 16 13 17 3 9 19 1 20 4 28
1713
25 8 11 5 27 0 23 7 26 12 15 22 6 24 18 14 10 13 21 16 17 3 9 19 20 1 4 28 2
1725
19 17 13 16 21 10 3 14 18 24 15 6 22 26 7 27 5 11 8 4 25 2 28 1 20 0 23 12 9
1771
22 6 24 18 14 10 21 16 13 17 3 9 19 12 23 0 20 1 28 2 25 4 8 11 5 27 7 15 26
1697
10 3 14 18 24 6 15 26 22 7 27 11 5 8 25 2 28 4 1 20 0 23 12 9 19 17 13 16 21
1791
25 8 11 5 27 0 23 7 26 12 15 22 6 24 18 14 10 21 16 13 17 3 9 19 20 1 4 28 2
1710
24 18 14 10 21 16 13 17 3 9 19 1 20 4 28 2 25 8 11 5 27 0 12 23 15 26 7 22 6
1651
20 19 9 3 17 13 16 21 10 14 18 24 6 12 15 26 22 7 23 0 27 11 5 4 8 25 2 28 1
1742
10 21 16 13 17 19 1 4 28 2 25 8 11 5 27 0 7 26 23 20 12 9 3 14 18 15 22 6 24
1797
1 19 9 3 17 13 16 21 10 14 18 24 6 22 15 12 26 7 23 20 4 5 0 27 11 8 25 2 28
1745
26 15 22 6 24 18 14 10 21 16 13 17 3 19 9 12 23 0 20 1 4 28 2 25 8 11 5 27 7
1707
5 11 27 0 20 23 7 12 15 26 22 6 24 18 14 10 13 21 16 17 3 9 19 1 4 28 2 25 8
1763
26 7 27 5 11 8 4 25 2 28 1 20 0 23 12 19 9 3 17 16 21 13 10 14 18 24 6 22 15
1691
1 19 9 3 17 13 16 21 10 14 18 24 6 22 7 26 15 23 12 20 0 27 5 11 8 25 2 28 4
1689
27 0 23 7 26 22 6 15 12 24 18 14 10 21 16 13 17 3 9 19 1 20 4 28 2 25 8 5 11
1722
23 0 20 1 4 28 2 25 8 11 5 27 7 26 15 22 6 24 18 14 10 13 21 16 17 3 19 9 12
1722
8 25 2 28 4 1 19 9 3 17 13 16 21 10 14 18 24 6 22 15 12 26 7 23 20 0 27 5 11
1735
16 17 19 9 12 23 0 20 1 4 28 2 25 8 5 11 27 7 26 22 15 6 24 18 14 3 10 13 21
1804
9 19 12 23 0 20 1 4 28 2 25 8 11 5 27 7 26 15 22 6 24 18 14 10 13 21 16 17 3
1721
18 14 10 21 16 13 17 3 9 19 1 20 4 28 2 25 8 11 5 27 0 12 23 15 26 7 22 6 24
1651
11 5 27 0 20 12 23 7 26 15 22 6 24 18 14 10 21 16 13 17 3 9 19 1 4 28 2 25 8
1691
22 26 15 7 27 5 11 8 25 2 28 4 1 20 0 23 12 9 19 3 17 16 21 13 10 14 18 24 6
1743
12 0 27 5 11 8 25 2 28 4 20 1 19 9 3 17 13 16 21 10 14 18 24 6 22 7 26 15 23
1651
24 18 10 21 16 13 17 14 3 9 19 1 20 4 28 2 25 8 11 5 27 0 12 23 7 26 22 15 6
1674
0 20 23 7 12 15 26 22 6 24 18 14 10 13 21 16 17 3 9 19 1 4 28 2 25 8 11 5 27
1756
10 24 6 22 15 18 14 3 9 12 20 23 26 7 0 27 5 11 8 25 2 28 4 1 19 17 13 16 21
1797
17 19 1 28 2 25 8 4 5 11 27 0 7 26 22 6 24 18 3 12 9 20 23 15 14 10 13 21 16
1854
14 18 24 6 22 15 26 7 27 5 11 8 25 2 28 4 1 20 0 23 12 19 9 3 17 16 21 13 10
1721
11 27 0 23 7 22 26 15 12 6 24 18 14 10 13 21 16 17 3 9 19 1 20 4 28 2 25 8 5
1735
5 11 8 25 2 28 4 20 1 19 9 3 17 13 16 21 10 14 18 24 6 12 15 26 22 7 23 0 27
1713
15 22 6 24 18 14 10 13 21 16 17 3 9 19 12 23 0 20 1 4 28 2 25 8 11 5 27 7 26
1721
4 28 2 25 8 11 5 27 0 23 7 22 26 15 12 6 24 18 14 10 21 16 13 17 3 9 19 1 20
1713
5 8 25 2 28 4 1 20 19 9 3 17 16 21 13 10 14 18 24 6 22 15 12 26 7 23 0 27 11
1732
2 25 8 11 5 27 0 20 12 23 15 26 7 22 6 24 18 14 10 21 16 13 17 3 9 19 1 4 28
1689
13 21 16 17 19 1 28 2 25 8 11 27 7 26 23 0 5 4 20 12 9 3 14 18 15 22 6 24 10
1807
12 23 15 26 7 22 6 24 18 14 10 21 16 13 17 3 9 19 1 20 4 28 2 25 8 11 5 27 0
1651
1 19 9 3 17 13 16 21 10 14 18 24 6 22 7 26 15 23 12 20 0 27 5 11 8 4 25 2 28
1659
1 4 28 2 25 8 11 5 27 0 20 23 7 26 22 15 12 18 6 24 14 10 21 16 13 17 3 9 19
1801
20 0 27 5 11 8 4 25 2 28 1 19 9 3 17 16 21 13 10 14 18 24 6 22 26 15 12 7 23
1726
22 26 15 7 27 5 11 8 25 2 28 4 1 20 0 23 12 19 9 3 17 16 21 13 10 14 18 24 6
1742
23 0 5 11 27 7 26 15 22 6 24 18 14 10 21 16 13 17 3 9 19 1 28 2 25 8 4 20 12
1704
24 6 22 7 26 15 23 12 0 27 5 11 8 25 2 28 4 20 1 19 9 3 17 13 16 21 10 14 18
1651
1 19 9 3 17 16 21 13 10 14 18 24 6 22 7 26 15 23 12 20 4 5 0 27 11 8 25 2 28
1714
16 21 13 10 3 14 18 24 6 15 26 22 7 27 11 5 8 25 2 28 4 1 20 0 23 12 9 19 17
1806
22 6 24 18 14 10 21 16 13 17 3 9 19 1 28 2 25 8 4 20 12 23 0 5 11 27 7 15 26
1725
4 20 1 19 9 3 17 16 21 13 10 14 6 24 18 12 15 26 22 7 23 0 27 5 11 8 25 2 28
1743
8 11 5 27 0 23 7 22 26 15 12 6 24 18 14 10 21 16 13 17 3 9 19 1 20 4 28 2 25
1713
18 14 10 21 16 13 17 3 19 9 12 23 0 20 1 4 28 2 25 8 11 5 27 7 26 15 22 6 24
1707
0 23 7 22 26 15 12 6 24 18 14 10 13 21 16 17 3 9 19 1 20 4 28 2 25 8 11 5 27
1728
3 17 13 16 21 10 14 18 24 6 22 15 26 7 27 0 23 12 20 5 11 8 4 25 2 28 1 19 9
1686
17 3 9 19 12 23 0 20 1 4 28 2 25 8 5 11 27 7 26 15 22 6 24 18 14 10 13 21 16
1728
26 15 22 6 24 18 14 10 21 16 13 17 3 9 19 12 23 0 20 1 4 28 2 25 8 11 5 27 7
1706
28 2 25 8 11 5 27 0 23 7 26 22 6 15 12 24 18 14 10 21 16 13 17 3 9 19 1 20 4
1715
6 22 15 26 7 27 5 11 8 4 25 2 28 1 20 0 23 12 19 9 3 17 13 16 21 10 14 18 24
1676
16 17 19 9 12 23 0 20 1 28 2 25 4 8 11 5 27 7 26 15 22 6 24 18 3 14 10 13 21
1706
12 0 27 5 11 8 25 2 28 4 20 1 19 9 3 17 16 21 13 10 14 18 24 6 22 7 26 15 23
1666
23 12 9 19 3 17 13 16 21 10 14 18 24 6 22 15 26 7 27 5 11 8 4 25 2 28 1 20 0
1677
5 11 8 4 25 2 28 1 19 9 3 17 16 21 13 10 14 15 12 18 24 6 22 26 7 23 20 0 27
1741
16 21 13 10 24 6 22 26 7 27 5 11 8 4 25 2 28 1 20 0 23 15 18 14 3 12 9 19 17
1714
28 2 25 8 11 5 27 0 23 7 22 26 15 12 18 24 6 14 10 21 16 13 17 3 9 19 1 20 4
1728
23 12 19 9 3 17 16 21 13 10 14 18 24 6 22 15 26 7 27 5 11 8 25 2 28 4 1 20 0
1721
9 12 23 0 20 1 4 28 2 25 8 11 5 27 7 26 15 22 6 24 18 14 10 13 21 16 17 3 19
1722
7 26 15 22 6 24 18 14 10 21 16 13 17 3 9 19 12 23 0 20 1 4 28 2 25 8 11 5 27
1706
4 28 2 25 8 11 5 27 0 23 7 26 22 6 15 12 18 24 14 10 13 21 16 17 3 9 19 1 20
1732
6 24 18 14 10 21 16 13 17 3 9 19 1 20 4 28 2 25 8 11 5 27 0 12 23 15 26 7 22
1651
12 0 27 5 11 8 25 2 28 4 20 1 19 9 3 17 16 21 13 10 14 18 24 6 22 7 26 15 23
1666
17 19 9 12 3 14 18 15 23 0 20 1 4 28 2 25 8 5 11 27 7 26 22 6 24 10 13 21 16
1751
13 21 16 17 19 9 12 23 0 20 1 28 2 25 4 8 11 5 27 7 22 26 15 6 24 18 3 14 10
1744
11 8 25 2 28 4 1 19 9 3 17 16 21 13 10 14 18 24 6 22 26 15 12 7 23 20 0 27 5
1756
5 27 0 23 7 22 26 15 12 6 24 18 14 10 13 21 16 17 3 9 19 1 20 4 28 2 25 8 11
1728
8 11 5 27 0 20 12 23 15 26 7 22 6 24 18 14 10 21 16 13 17 3 9 19 1 4 28 2 25
1689
0 23 7 26 12 15 22 6 24 18 14 10 13 21 16 17 3 9 19 20 1 4 28 2 25 8 11 5 27
1725
16 21 13 10 24 18 14 3 9 12 20 4 5 0 23 15 6 22 26 7 27 11 8 25 2 28 1 19 17
1835
0 27 11 5 8 25 2 28 4 1 19 9 3 17 13 16 21 10 14 18 24 6 22 26 15 12 7 23 20
1748
2 28 4 1 19 9 3 17 13 16 21 10 14 18 24 6 22 7 26 15 23 12 20 0 27 5 11 8 25
1689
1 28 2 25 8 4 5 11 27 0 20 23 7 26 22 6 24 12 15 18 14 10 21 16 13 17 3 9 19
1732
12 0 27 5 11 8 25 2 28 4 20 1 19 9 3 17 13 16 21 10 14 18 24 6 22 7 26 15 23
1651
19 9 3 17 13 16 21 10 14 18 24 6 22 15 26 7 27 11 5 0 23 12 20 4 8 25 2 28 1
1704
0 27 5 11 8 4 25 2 28 19 17 13 16 21 10 24 18 14 3 9 12 1 20 23 15 6 22 26 7
1832
13 10 14 18 24 6 22 15 26 7 27 5 11 8 4 25 2 28 1 20 0 23 12 19 9 3 17 16 21
1691
12 23 0 27 7 26 15 22 6 24 18 14 10 21 16 13 17 3 9 19 1 28 2 25 8 11 5 4 20
1684
12 23 0 4 28 2 25 8 11 5 27 7 26 15 22 6 24 18 14 10 21 16 13 17 3 9 19 1 20
1723
26 7 27 5 11 8 25 2 28 4 1 20 0 23 12 19 9 3 17 13 16 21 10 14 18 24 6 22 15
1706
0 20 23 7 22 26 15 6 24 18 12 14 10 21 16 13 17 3 9 19 1 4 28 2 25 8 5 11 27
1796
13 10 14 3 18 24 6 22 15 26 7 23 12 9 20 4 5 0 27 11 8 25 2 28 1 19 17 16 21
1780
17 16 21 13 10 24 18 14 3 9 12 20 23 15 6 22 26 7 0 27 5 11 8 4 25 2 28 1 19
1810
22 6 24 18 14 10 21 16 13 17 3 9 19 1 28 2 25 8 4 20 12 23 0 5 11 27 7 15 26
1725
9 12 23 0 20 1 4 28 2 25 8 11 5 27 7 26 15 22 6 24 18 14 10 21 16 13 17 3 19
1707
12 23 15 26 7 22 6 24 18 14 10 13 21 16 17 3 9 19 1 20 4 28 2 25 8 11 5 27 0
1666
9 3 17 13 16 21 10 14 18 24 6 22 15 26 7 27 5 11 8 4 25 2 28 1 20 0 23 12 19
1676
2 28 4 20 1 19 9 3 17 16 21 13 10 14 18 24 12 15 6 22 26 7 23 0 27 5 11 8 25
1730
19 12 23 0 20 1 4 28 2 25 8 11 5 27 7 26 15 22 6 24 18 14 10 21 16 13 17 3 9
1706
2 28 4 1 19 9 3 17 13 16 21 10 14 18 24 6 22 26 15 12 7 23 20 0 27 5 11 8 25
1741
28 2 25 8 11 5 27 0 20 12 23 15 26 7 22 6 24 18 14 10 21 16 13 17 3 9 19 1 4
1689
15 26 7 27 5 11 8 4 25 2 28 1 20 0 23 12 9 19 3 17 13 16 21 10 14 18 24 6 22
1677
20 0 27 5 11 8 25 2 28 4 1 19 9 3 17 16 21 13 10 14 18 24 6 22 7 26 15 23 12
1704
10 24 18 14 3 15 6 22 26 7 27 5 11 8 25 2 28 4 1 20 0 23 12 9 19 17 13 16 21
1805
3 9 19 1 20 4 28 2 25 8 11 5 27 0 12 23 15 26 7 22 6 24 18 14 10 13 21 16 17
1666
3 9 19 12 23 0 20 1 4 28 2 25 8 11 5 27 7 26 15 22 6 24 18 14 10 13 21 16 17
1721
21 16 17 19 1 28 2 25 8 4 5 11 27 0 7 22 26 15 23 20 12 9 3 14 18 24 6 10 13
1817
1 28 2 25 8 11 27 0 5 4 20 12 23 15 26 7 22 6 24 18 14 10 21 16 13 17 3 9 19
1699
1 20 4 28 2 25 8 11 5 27 0 23 7 22 26 15 12 6 24 18 14 10 13 21 16 17 3 9 19
1728
2 28 4 1 19 9 3 17 16 21 13 10 14 18 15 12 24 6 22 26 7 23 20 0 27 5 11 8 25
1769
13 21 16 17 19 9 12 23 0 20 1 28 2 25 4 8 5 11 27 7 22 26 15 6 24 18 14 3 10
1776
18 14 10 21 16 13 17 3 9 19 1 28 2 25 8 4 20 12 23 0 5 11 27 7 26 15 22 6 24
1704
26 15 22 6 24 18 14 10 21 16 13 17 3 9 19 12 23 0 20 1 4 28 2 25 8 11 5 27 7
1706
2 25 8 11 5 27 0 23 7 22 26 15 12 6 24 18 14 10 21 16 13 17 3 9 19 1 20 4 28
1713
4 1 19 9 3 17 13 16 21 10 14 18 24 6 22 7 26 15 23 12 20 0 27 5 11 8 25 2 28
1689
10 21 16 13 17 19 1 4 28 2 25 8 11 5 27 0 7 26 23 20 12 9 3 14 18 15 22 6 24
1797
9 3 17 16 21 13 10 14 18 24 6 22 15 26 7 27 5 11 8 25 2 28 4 1 20 0 23 12 19
1721
23 12 9 19 3 17 16 21 13 10 14 18 24 6 22 15 26 7 27 5 11 8 25 2 28 4 1 20 0
1722
28 4 1 19 9 3 17 13 16 21 10 14 18 24 6 22 7 26 15 23 12 20 0 27 5 11 8 25 2
1689
3 17 13 16 21 10 14 18 24 6 22 15 26 7 27 0 23 12 20 4 5 11 8 25 2 28 1 19 9
1684
0 20 23 7 26 22 6 24 18 12 15 14 10 21 16 13 17 3 9 19 1 4 28 2 25 8 11 5 27
1756
18 24 6 22 15 26 7 27 0 23 12 20 5 11 8 4 25 2 28 1 19 9 3 17 16 21 13 10 14
1701
1 28 2 25 8 11 27 0 5 4 20 23 7 12 15 26 22 6 24 18 14 10 21 16 13 17 3 9 19
1751
10 3 14 18 24 6 15 26 22 7 27 5 11 8 25 2 28 4 1 20 0 23 12 9 19 17 13 16 21
1784
15 22 6 24 18 14 10 13 21 16 17 3 9 19 1 28 2 25 8 4 20 12 23 0 5 11 27 7 26
1719
0 23 7 26 22 6 15 12 18 24 14 10 13 21 16 17 3 9 19 1 20 4 28 2 25 8 5 11 27
1739
16 17 19 9 12 23 0 20 1 4 28 2 25 8 5 11 27 7 22 26 15 24 6 18 3 14 10 13 21
1808
9 12 23 0 20 1 4 28 2 25 8 11 5 27 7 26 15 22 6 24 18 14 10 21 16 13 17 3 19
1707
15 22 6 24 18 14 10 13 21 16 17 3 9 19 12 23 0 20 1 4 28 2 25 8 11 5 27 7 26
1721
24 6 10 21 16 13 17 14 3 9 19 1 28 2 25 4 8 11 5 20 12 23 0 27 7 26 22 15 18
1716
20 23 7 12 15 26 22 6 24 18 14 10 21 16 13 17 3 9 19 1 28 2 25 8 4 5 11 27 0
1719
24 6 22 7 26 15 23 12 0 27 5 11 8 25 2 28 4 20 1 19 9 3 17 13 16 21 10 14 18
1651
28 2 25 8 11 5 27 0 23 7 22 26 15 12 18 24 6 14 10 21 16 13 17 3 9 19 1 20 4
1728
23 12 19 9 3 17 13 16 21 10 14 18 24 6 22 15 26 7 27 5 11 8 25 2 28 4 1 20 0
1706
8 11 5 27 0 23 7 22 26 15 12 6 24 18 14 10 13 21 16 17 3 9 19 1 20 4 28 2 25
1728
5 11 8 25 2 28 4 1 19 9 3 17 13 16 21 10 14 18 24 6 22 15 26 7 23 12 20 0 27
1691
27 5 11 8 25 2 28 4 20 1 19 9 3 17 16 21 13 10 14 18 24 6 12 15 26 22 7 23 0
1728
7 27 11 5 0 23 12 20 4 8 25 2 28 1 19 9 3 17 16 21 13 10 14 18 24 6 22 15 26
1719
6 22 7 26 15 23 12 0 27 5 11 8 25 2 28 4 20 1 19 9 3 17 16 21 13 10 14 18 24
1666
27 0 20 23 7 12 15 26 22 6 24 18 14 10 21 16 13 17 3 9 19 1 4 28 2 25 8 11 5
1741
1 20 19 9 3 17 16 21 13 10 14 18 24 6 22 26 15 12 7 23 0 27 11 5 4 8 25 2 28
1709
8 11 5 27 0 20 12 23 15 26 7 22 6 24 18 14 10 13 21 16 17 3 9 19 1 4 28 2 25
1704
16 21 13 10 6 24 18 14 3 9 12 20 23 15 26 22 7 0 27 5 11 8 4 25 2 28 1 19 17
1809
4 28 2 25 8 11 5 27 0 20 23 7 12 15 26 22 6 24 18 14 10 21 16 13 17 3 9 19 1
1741
25 2 28 4 1 19 9 3 17 16 21 13 10 14 18 24 6 22 15 12 26 7 23 20 0 27 5 11 8
1750
4 1 19 9 3 17 13 16 21 10 14 18 24 6 22 26 15 12 7 23 20 0 27 5 11 8 25 2 28
1741
17 16 21 13 10 14 3 18 24 6 22 15 26 7 27 5 11 8 25 2 28 4 1 20 0 23 12 9 19
1736
10 21 16 13 17 19 1 28 2 25 4 8 11 5 27 0 7 26 23 20 12 9 3 14 18 15 22 6 24
1767
18 24 6 22 15 26 7 27 5 11 8 25 2 28 4 1 20 0 23 12 9 19 3 17 16 21 13 10 14
1722
20 1 19 9 3 17 16 21 13 10 14 18 24 12 15 6 22 26 7 23 0 27 5 11 8 25 2 28 4
1730
2 28 4 1 19 9 3 17 13 16 21 10 14 18 24 6 22 7 26 15 23 12 20 0 27 5 11 8 25
1689
12 23 15 26 7 22 6 24 18 14 10 21 16 13 17 3 9 19 1 20 4 28 2 25 8 11 5 27 0
1651
1 19 9 3 17 13 16 21 10 14 18 24 6 22 15 26 7 23 12 0 27 11 5 4 8 25 2 28 20
1669
14 10 13 21 16 17 3 19 9 12 23 0 20 1 28 2 25 4 8 11 5 27 7 26 15 22 6 24 18
1692
2 25 8 11 5 27 0 20 12 26 7 23 15 22 6 24 18 14 10 21 16 13 17 3 9 19 1 4 28
1723
28 4 1 20 19 9 3 17 13 16 21 10 14 18 24 6 22 15 12 26 7 23 0 27 5 11 8 25 2
1710
2 25 8 11 5 27 0 20 12 23 15 26 7 22 6 24 18 14 10 21 16 13 17 3 9 19 1 4 28
1689
10 21 16 13 17 19 9 12 23 0 20 1 4 28 2 25 8 11 5 27 7 26 22 15 6 24 18 14 3
1782
6 24 18 14 10 21 16 13 17 3 19 9 12 23 0 20 1 4 28 2 25 8 11 5 27 7 26 15 22
1707
25 2 28 4 1 19 9 3 17 16 21 13 10 14 18 24 6 22 7 26 15 23 12 20 0 27 5 11 8
1704
2 25 8 11 5 27 0 23 7 26 22 6 15 12 18 24 14 10 21 16 13 17 3 9 19 1 20 4 28
1717
2 28 4 20 1 19 9 3 17 13 16 21 10 14 24 6 18 12 15 26 22 7 23 0 27 5 11 8 25
1727
4 20 1 19 9 3 17 13 16 21 10 14 18 24 12 15 6 22 26 7 23 0 27 5 11 8 25 2 28
1715
10 24 6 22 26 7 27 5 11 8 25 2 28 4 1 20 0 23 15 18 14 3 12 9 19 17 13 16 21
1729
23 12 9 19 3 17 16 21 13 10 14 18 24 6 22 15 26 7 27 5 11 8 4 25 2 28 1 20 0
1692
9 19 12 23 0 20 1 4 28 2 25 8 11 5 27 7 26 15 22 6 24 18 14 10 21 16 13 17 3
1706
20 19 9 3 17 13 16 21 10 14 18 24 6 22 15 12 26 7 23 0 27 11 5 4 8 25 2 28 1
1688
13 10 6 24 18 14 3 9 12 20 4 5 0 23 15 26 22 7 27 11 8 25 2 28 1 19 17 16 21
1834
24 6 22 7 26 15 23 12 0 27 5 11 8 25 2 28 4 20 1 19 9 3 17 16 21 13 10 14 18
1666
16 17 19 1 28 2 25 8 4 5 11 27 0 7 22 26 15 23 20 12 9 3 14 18 24 6 10 13 21
1817
3 9 19 1 20 12 23 0 4 28 2 25 8 11 5 27 7 26 15 22 6 24 18 14 10 21 16 13 17
1723
17 16 21 13 10 14 3 18 24 15 6 22 26 7 27 5 11 8 25 2 28 4 1 20 0 23 12 9 19
1791
5 8 25 2 28 4 20 1 19 9 3 17 13 16 21 10 14 18 24 6 12 15 26 22 7 23 0 27 11
1720
20 23 7 12 15 26 22 6 24 18 14 10 21 16 13 17 3 9 19 1 28 2 25 8 11 27 0 5 4
1751
8 11 5 27 0 23 7 26 22 6 15 12 18 24 14 10 21 16 13 17 3 9 19 1 20 4 28 2 25
1717
25 2 28 4 20 1 19 9 3 17 13 16 21 10 14 18 24 6 12 15 26 22 7 23 0 27 5 11 8
1713
5 27 0 20 12 23 15 26 7 22 6 24 18 14 10 21 16 13 17 3 9 19 1 4 28 2 25 8 11
1689
9 3 17 13 16 21 10 14 18 24 6 22 15 26 7 27 5 11 8 25 2 28 4 1 20 0 23 12 19
1706
27 11 5 8 25 2 28 4 1 20 19 9 3 17 13 16 21 10 14 18 24 6 22 15 12 26 7 23 0
1717
7 27 5 11 8 4 25 2 28 1 20 0 23 12 19 9 3 17 13 16 21 10 14 18 24 6 22 15 26
1676
15 22 6 24 18 14 10 13 21 16 17 3 19 9 12 23 0 20 1 4 28 2 25 8 11 5 27 7 26
1722
27 0 12 23 7 26 15 22 6 24 18 14 10 21 16 13 17 3 9 19 1 20 28 2 25 4 8 11 5
1661
0 23 7 22 26 15 12 6 24 18 14 10 21 16 13 17 3 9 19 1 20 4 28 2 25 8 5 11 27
1720
12 23 15 26 7 22 6 24 18 14 10 21 16 13 17 3 9 19 1 20 4 28 2 25 8 11 5 27 0
1651
2 25 8 11 5 27 0 20 12 23 15 26 7 22 6 24 18 14 10 21 16 13 17 3 9 19 1 4 28
1689
19 12 23 0 20 1 4 28 2 25 8 11 5 27 7 26 15 22 6 24 18 14 10 13 21 16 17 3 9
1721
23 0 20 1 28 2 25 4 8 11 5 27 7 26 15 22 6 24 18 14 10 21 16 13 17 3 19 9 12
1677
21 16 17 3 9 19 12 23 0 20 1 4 28 2 25 8 5 11 27 7 26 15 22 6 24 18 14 10 13
1728
28 2 25 8 11 5 27 0 23 7 26 22 6 15 12 24 18 14 10 13 21 16 17 3 9 19 1 20 4
1730
19 9 3 17 13 16 21 10 14 18 24 6 22 15 26 7 27 11 8 25 2 28 4 5 0 23 12 20 1
1721
21 16 17 3 9 19 12 23 0 20 1 4 28 2 25 8 11 5 27 7 26 15 22 6 24 18 14 10 13
1721
25 8 11 5 27 0 23 7 26 12 15 22 6 24 18 14 10 13 21 16 17 3 9 19 20 1 4 28 2
1725
6 22 15 26 7 27 5 11 8 4 25 2 28 1 20 0 23 12 9 19 3 17 13 16 21 10 14 18 24
1677
11 5 27 0 20 12 23 15 26 7 22 6 24 18 14 10 21 16 13 17 3 9 19 1 4 28 2 25 8
1689
19 9 12 23 0 20 1 4 28 2 25 8 11 5 27 7 22 26 15 6 24 18 14 3 10 21 16 13 17
1784
21 13 10 14 3 18 24 6 22 15 26 7 27 5 11 8 4 25 2 28 1 20 0 23 12 9 19 17 16
1706
2 28 4 1 19 9 3 17 13 16 21 10 14 18 24 6 22 7 26 15 23 12 20 0 27 5 11 8 25
1689
9 12 23 0 20 1 4 28 2 25 8 11 5 27 7 26 15 22 6 24 18 14 10 21 16 13 17 3 19
1707
5 11 8 4 25 2 28 1 20 19 9 3 17 16 21 13 10 14 18 15 12 24 6 22 26 7 23 0 27
1714
19 17 13 16 21 10 24 6 22 26 7 27 11 5 8 25 2 28 4 1 20 0 23 15 18 14 3 12 9
1736
8 25 2 28 4 20 1 19 9 3 17 13 16 21 10 14 18 24 6 12 15 26 22 7 23 0 27 5 11
1713
9 19 1 28 2 25 8 11 5 4 20 12 23 0 27 7 26 15 22 6 24 18 14 10 21 16 13 17 3
1684
12 19 9 3 17 13 16 21 10 14 18 24 6 22 15 26 7 27 5 11 8 25 2 28 4 1 20 0 23
1706
11 8 25 2 28 4 1 19 9 3 17 13 16 21 10 14 18 24 6 22 15 26 7 23 12 20 0 27 5
1691
10 24 6 22 26 7 27 5 11 8 25 2 28 4 1 20 0 23 15 18 14 3 12 9 19 17 13 16 21
1729
7 26 15 22 6 24 18 14 10 21 16 13 17 3 9 19 12 23 0 20 1 28 2 25 4 8 11 5 27
1676
14 18 24 6 22 7 26 15 23 12 0 27 5 11 8 25 2 28 4 20 1 19 9 3 17 16 21 13 10
1666
2 25 8 11 5 27 0 20 12 26 7 23 15 22 6 24 18 14 10 21 16 13 17 3 9 19 1 4 28
1723
7 27 5 11 8 25 2 28 4 1 20 0 23 12 9 19 3 17 16 21 13 10 14 18 24 6 22 15 26
1722
25 2 28 4 20 1 19 9 3 17 13 16 21 10 14 24 6 18 12 15 26 22 7 23 0 27 5 11 8
1727
3 9 19 1 20 12 23 0 4 28 2 25 8 11 5 27 7 26 15 22 6 24 18 14 10 21 16 13 17
1723
6 24 18 14 10 21 16 13 17 3 19 9 12 23 0 20 1 28 2 25 4 8 11 5 27 7 26 15 22
1677
5 11 8 25 2 28 4 1 19 9 3 17 13 16 21 10 14 18 24 6 22 15 12 26 7 23 20 0 27
1735
28 4 1 19 9 3 17 16 21 13 10 14 15 12 18 24 6 22 26 7 23 20 0 27 5 11 8 25 2
1771
10 21 16 13 17 19 1 28 2 25 8 11 27 7 22 26 15 23 0 5 4 20 12 9 3 14 18 24 6
1819
14 18 24 6 22 15 26 7 27 11 8 25 2 28 4 5 0 23 12 20 1 19 9 3 17 16 21 13 10
1736
15 26 7 27 5 11 8 25 2 28 4 1 20 0 23 12 9 19 3 17 16 21 13 10 14 18 24 6 22
1722
13 10 24 6 22 26 7 27 5 11 8 25 2 28 4 1 20 0 23 15 18 14 3 12 9 19 17 16 21
1744
16 21 13 10 14 18 24 6 22 15 26 7 27 5 11 8 25 2 28 4 1 20 0 23 12 19 9 3 17
1721
12 23 0 20 1 28 2 25 4 8 11 5 27 7 26 15 22 6 24 18 14 10 21 16 13 17 3 9 19
1676
18 14 10 21 16 13 17 3 19 9 12 23 0 20 1 4 28 2 25 8 11 5 27 7 26 15 22 6 24
1707
17 19 9 12 23 0 20 1 4 28 2 25 8 5 11 27 7 26 22 6 15 24 18 3 14 10 13 21 16
1798
22 26 15 7 27 11 5 8 25 2 28 4 1 20 0 23 12 9 19 3 17 13 16 21 10 14 18 24 6
1735
19 1 20 12 23 0 4 28 2 25 8 11 5 27 7 26 15 22 6 24 18 14 10 21 16 13 17 3 9
1723
5 27 0 23 7 26 12 15 22 6 24 18 14 10 13 21 16 17 3 9 19 20 1 4 28 2 25 8 11
1725
7 26 15 22 6 24 18 14 10 13 21 16 17 3 9 19 12 23 0 20 1 4 28 2 25 8 11 5 27
1721
19 17 16 21 13 10 24 6 22 15 18 14 3 9 12 20 23 26 7 0 27 11 5 4 8 25 2 28 1
1790
15 22 6 24 18 14 10 21 16 13 17 3 9 19 12 23 0 20 1 4 28 2 25 8 11 5 27 7 26
1706
1 19 9 3 17 13 16 21 10 14 18 24 6 22 26 15 12 7 23 20 0 27 11 5 4 8 25 2 28
1719
5 27 0 20 23 7 12 15 26 22 6 24 18 14 10 21 16 13 17 3 9 19 1 4 28 2 25 8 11
1741
19 1 20 12 23 0 4 28 2 25 8 11 5 27 7 26 15 22 6 24 18 14 10 21 16 13 17 3 9
1723
4 28 2 25 8 11 5 27 0 23 7 22 26 15 12 6 24 18 14 10 21 16 13 17 3 9 19 1 20
1713
6 22 7 26 15 23 12 0 27 5 11 8 25 2 28 4 20 1 19 9 3 17 13 16 21 10 14 18 24
1651
26 7 27 5 11 8 25 2 28 4 1 20 0 23 12 9 19 3 17 13 16 21 10 14 18 24 6 22 15
1707
2 28 4 1 19 9 3 17 13 16 21 10 14 18 24 6 22 7 26 15 23 12 20 0 27 5 11 8 25
1689
8 11 5 27 0 20 23 7 12 15 26 22 6 24 18 14 10 21 16 13 17 3 9 19 1 4 28 2 25
1741
11 5 27 0 20 12 23 7 26 15 22 6 24 18 14 10 13 21 16 17 3 9 19 1 4 28 2 25 8
1706
15 26 7 27 5 11 8 25 2 28 4 0 23 12 20 1 19 9 3 17 13 16 21 10 14 18 24 6 22
1723
8 11 5 27 0 20 12 23 15 26 7 22 6 24 18 14 10 21 16 13 17 3 9 19 1 4 28 2 25
1689
7 26 15 22 6 24 18 14 10 21 16 13 17 3 19 9 12 23 0 20 1 28 2 25 4 8 11 5 27
1677
12 23 0 20 1 4 28 2 25 8 11 5 27 7 26 15 22 6 24 18 14 10 13 21 16 17 3 19 9
1722
10 24 6 22 15 18 14 3 9 12 20 4 5 0 23 26 7 27 11 8 25 2 28 1 19 17 13 16 21
1792
26 7 27 11 5 0 23 12 20 4 8 25 2 28 1 19 9 3 17 16 21 13 10 14 18 24 6 22 15
1719
28 2 25 8 11 5 27 0 23 7 22 26 15 12 6 24 18 14 10 13 21 16 17 3 9 19 1 20 4
1728
3 9 19 1 20 4 28 2 25 8 11 5 27 0 12 23 15 26 7 22 6 24 18 14 10 21 16 13 17
1651
22 26 15 7 27 5 11 8 25 2 28 4 1 20 0 23 12 9 19 3 17 16 21 13 10 14 18 24 6
1743
28 4 1 19 9 3 17 13 16 21 10 14 18 24 6 22 7 26 15 23 12 20 0 27 5 11 8 25 2
1689
26 7 27 5 11 8 25 2 28 4 1 20 0 23 12 19 9 3 17 13 16 21 10 14 18 24 6 22 15
1706
11 5 27 0 20 12 23 7 26 15 22 6 24 18 14 10 21 16 13 17 3 9 19 1 4 28 2 25 8
1691
13 21 16 17 19 9 12 23 0 20 1 28 2 25 4 8 11 5 27 7 26 22 6 15 24 18 14 3 10
1786
22 26 15 7 27 11 5 8 25 2 28 4 1 20 0 23 12 9 19 3 17 13 16 21 10 14 18 24 6
1735
8 11 5 27 0 23 7 22 26 15 12 6 24 18 14 10 21 16 13 17 3 9 19 1 20 4 28 2 25
1713
23 0 20 1 28 2 25 4 8 11 5 27 7 26 15 22 6 24 18 14 10 13 21 16 17 3 9 19 12
1691
9 19 17 16 21 13 10 3 14 18 24 6 15 26 22 7 27 5 11 8 25 2 28 4 1 20 0 23 12
1799
19 1 28 2 25 8 11 27 7 26 22 15 23 0 5 4 20 12 9 3 14 18 24 6 10 21 16 13 17
1817
23 0 5 11 27 7 26 15 22 6 24 18 14 10 21 16 13 17 3 9 19 1 28 2 25 8 4 20 12
1704
22 6 24 18 14 10 13 21 16 17 3 9 19 12 23 0 20 1 4 28 2 25 8 11 5 27 7 15 26
1742
3 9 19 12 23 0 20 1 28 2 25 4 8 11 5 27 7 26 15 22 6 24 18 14 10 21 16 13 17
1676
14 18 24 6 22 15 26 7 27 11 5 0 23 12 20 4 8 25 2 28 1 19 9 3 17 16 21 13 10
1719
7 26 15 22 6 24 18 14 10 21 16 13 17 3 9 19 1 4 28 2 25 8 11 5 20 12 23 0 27
1716
12 23 15 26 7 22 6 24 18 14 10 21 16 13 17 3 9 19 1 20 4 28 2 25 8 11 5 27 0
1651
20 12 23 15 26 7 22 6 24 18 14 10 21 16 13 17 3 9 19 1 28 2 25 8 4 5 11 27 0
1667
19 12 23 0 20 1 28 2 25 4 8 11 5 27 7 26 15 22 6 24 18 14 10 21 16 13 17 3 9
1676
0 27 5 11 8 4 25 2 28 1 19 9 3 17 13 16 21 10 14 18 24 6 22 7 26 15 23 12 20
1659
0 20 23 7 12 15 26 22 6 24 18 14 10 13 21 16 17 3 9 19 1 4 28 2 25 8 5 11 27
1763
5 27 0 20 23 7 26 22 6 24 18 12 15 14 10 21 16 13 17 3 9 19 1 4 28 2 25 8 11
1756
22 26 15 7 27 0 23 12 20 4 5 11 8 25 2 28 1 19 9 3 17 13 16 21 10 14 18 24 6
1705
12 0 27 5 11 8 25 2 28 4 20 1 19 9 3 17 16 21 13 10 14 18 24 6 22 7 26 15 23
1666
24 10 21 16 13 17 14 3 9 19 1 20 4 28 2 25 8 11 5 27 0 12 23 7 26 22 6 15 18
1686
26 7 27 5 11 8 25 2 28 4 1 20 0 23 12 19 9 3 17 16 21 13 10 14 18 24 6 22 15
1721
14 18 24 6 22 7 26 15 23 12 0 27 5 11 8 25 2 28 4 20 1 19 9 3 17 13 16 21 10
1651
25 2 28 4 20 1 19 9 3 17 16 21 13 10 14 24 18 12 15 6 22 26 7 23 0 27 5 11 8
1732
1 28 2 25 8 4 5 11 27 0 20 12 23 7 26 15 22 6 24 18 14 10 21 16 13 17 3 9 19
1669
8 25 2 28 4 1 19 9 3 17 13 16 21 10 14 18 24 6 22 26 15 12 7 23 20 0 27 5 11
1741
22 6 24 18 14 10 21 16 13 17 3 19 9 12 23 0 20 1 4 28 2 25 8 11 5 27 7 15 26
1728
11 8 25 2 28 4 1 20 19 9 3 17 13 16 21 10 14 18 24 6 22 15 12 26 7 23 0 27 5
1710
12 23 0 5 11 27 7 26 15 22 6 24 18 14 10 21 16 13 17 3 9 19 1 28 2 25 8 4 20
1704
23 12 19 9 3 17 13 16 21 10 14 18 24 6 22 15 26 7 27 5 11 8 25 2 28 4 1 20 0
1706
7 26 15 22 6 24 18 14 10 13 21 16 17 3 9 19 12 23 0 20 1 28 2 25 4 8 11 5 27
1691
1 12 23 15 26 7 22 6 24 18 14 10 13 21 16 17 3 9 19 28 2 25 8 11 27 0 5 4 20
1751
23 0 27 7 26 15 22 6 24 18 14 10 21 16 13 17 3 9 19 1 28 2 25 8 11 5 4 20 12
1684
1 20 4 28 2 25 8 11 5 27 0 23 7 26 22 6 15 12 24 18 14 10 21 16 13 17 3 9 19
1715
9 3 17 13 16 21 10 14 18 24 6 22 7 26 15 23 12 0 27 5 11 8 25 2 28 4 20 1 19
1651
1 20 19 9 3 17 13 16 21 10 14 18 24 6 22 15 12 26 7 23 0 27 5 11 8 25 2 28 4
1710
8 25 2 28 4 1 19 9 3 17 13 16 21 10 14 18 24 6 22 7 26 15 23 12 20 0 27 5 11
1689
17 19 9 12 23 0 20 1 4 28 2 25 8 5 11 27 7 26 22 6 15 24 18 3 14 10 13 21 16
1798
24 18 14 10 13 21 16 17 3 9 19 12 23 0 20 1 4 28 2 25 8 11 5 27 7 26 15 22 6
1721
18 14 10 21 16 13 17 3 9 19 12 23 0 20 1 28 2 25 4 8 11 5 27 7 26 15 22 6 24
1676
27 5 11 8 25 2 28 4 1 19 9 3 17 13 16 21 10 14 18 24 6 22 7 26 15 23 12 20 0
1689
15 22 6 24 18 14 10 21 16 13 17 3 9 19 12 23 0 20 1 4 28 2 25 8 11 5 27 7 26
1706
21 16 17 19 9 12 3 14 18 15 23 0 20 1 4 28 2 25 8 11 5 27 7 26 22 6 24 10 13
1744
25 8 11 5 27 0 20 12 23 15 26 7 22 6 24 18 14 10 13 21 16 17 3 9 19 1 4 28 2
1704
6 22 7 26 15 23 12 0 27 5 11 8 25 2 28 4 20 1 19 9 3 17 13 16 21 10 14 18 24
1651
11 27 0 23 7 26 22 6 15 12 24 18 14 10 13 21 16 17 3 9 19 1 20 4 28 2 25 8 5
1737
2 25 8 11 5 27 0 23 7 26 12 15 22 6 24 18 14 10 13 21 16 17 3 9 19 20 1 4 28
1725
27 11 5 8 4 25 2 28 1 19 9 3 17 13 16 21 10 14 15 12 18 24 6 22 26 7 23 20 0
1733
22 26 15 7 27 11 8 25 2 28 4 5 0 23 12 20 1 19 9 3 17 13 16 21 10 14 18 24 6
1742
20 19 9 3 17 16 21 13 10 14 18 24 6 22 15 26 7 23 12 1 28 2 25 8 4 5 11 27 0
1719
26 7 27 5 11 8 25 2 28 4 1 20 0 23 12 19 9 3 17 16 21 13 10 14 18 24 6 22 15
1721
0 23 7 26 22 6 15 12 24 18 14 10 21 16 13 17 3 9 19 1 20 4 28 2 25 8 5 11 27
1722
10 21 16 13 17 19 1 28 2 25 8 11 27 7 26 23 0 5 4 20 12 9 3 14 18 15 22 6 24
1792
21 16 17 19 9 12 23 0 20 1 28 2 25 4 8 11 5 27 7 22 26 15 6 24 18 14 3 10 13
1769
15 22 6 24 18 14 10 13 21 16 17 3 19 9 12 23 0 20 1 4 28 2 25 8 11 5 27 7 26
1722
6 22 7 26 15 23 12 0 27 5 11 8 25 2 28 4 20 1 19 9 3 17 16 21 13 10 14 18 24
1666
9 12 20 4 5 0 23 15 26 22 7 27 11 8 25 2 28 1 19 17 16 21 13 10 14 6 24 18 3
1895
22 26 15 7 27 5 11 8 25 2 28 4 1 20 0 23 12 9 19 3 17 13 16 21 10 14 18 24 6
1728
1 28 2 25 4 8 11 5 27 0 23 7 12 15 26 22 6 24 18 14 10 21 16 13 17 3 9 19 20
1686
14 10 13 21 16 17 3 9 19 1 28 2 25 8 11 5 4 20 12 23 0 27 7 26 15 22 6 24 18
1699
27 11 5 8 25 2 28 4 20 1 19 9 3 17 16 21 13 10 14 18 24 6 12 15 26 22 7 23 0
1735
12 0 27 5 11 8 25 2 28 4 20 1 19 9 3 17 16 21 13 10 14 18 24 6 22 7 26 15 23
1666
14 10 21 16 13 17 3 9 19 1 28 2 25 8 11 5 4 20 12 23 0 27 7 26 15 22 6 24 18
1684
7 27 5 11 8 25 2 28 4 1 20 0 23 12 19 9 3 17 13 16 21 10 14 18 24 6 22 15 26
1706
15 22 6 24 18 14 10 21 16 13 17 3 9 19 12 23 0 20 1 4 28 2 25 8 11 5 27 7 26
1706
13 10 3 14 18 24 6 15 22 26 7 23 12 9 20 4 5 0 27 11 8 25 2 28 1 19 17 16 21
1841
10 24 6 22 26 7 27 5 11 8 4 25 2 28 1 20 0 23 15 18 14 3 12 9 19 17 13 16 21
1699
24 6 22 15 26 7 27 5 11 8 25 2 28 4 1 20 0 23 12 9 19 3 17 16 21 13 10 14 18
1722
22 26 15 7 27 5 11 8 4 25 2 28 1 20 0 23 12 19 9 3 17 13 16 21 10 14 18 24 6
1697
4 1 19 9 3 17 13 16 21 10 14 18 24 6 22 7 26 15 23 12 20 0 27 5 11 8 25 2 28
1689
28 4 20 1 19 9 3 17 16 21 13 10 14 24 18 12 15 6 22 26 7 23 0 27 5 11 8 25 2
1732
1 19 9 3 17 13 16 21 10 14 18 24 6 22 15 12 26 7 23 20 4 5 0 27 11 8 25 2 28
1745
1 19 9 3 17 13 16 21 10 14 18 24 6 12 15 26 22 7 23 0 27 5 11 8 25 2 28 4 20
1713
7 27 0 23 12 20 5 11 8 4 25 2 28 1 19 9 3 17 13 16 21 10 14 18 24 6 22 15 26
1686
0 27 5 11 8 25 2 28 4 20 1 19 9 3 17 13 16 21 10 14 18 24 12 15 6 22 26 7 23
1715
20 19 9 3 17 13 16 21 10 14 15 12 18 24 6 22 26 7 23 0 27 11 5 4 8 25 2 28 1
1709
21 13 10 3 14 18 24 6 15 26 22 7 27 5 11 8 25 2 28 4 1 20 0 23 12 9 19 17 16
1799
20 28 2 25 8 4 5 11 27 0 12 23 7 26 15 22 6 24 18 14 10 13 21 16 17 3 9 19 1
1684
9 3 17 13 16 21 10 14 18 24 6 22 7 26 15 23 12 0 27 5 11 8 25 2 28 4 20 1 19
1651
7 26 15 22 6 24 18 14 10 13 21 16 17 3 9 19 1 28 2 25 4 8 11 5 20 12 23 0 27
1701
24 18 14 10 21 16 13 17 3 9 19 1 20 4 28 2 25 8 11 5 27 0 12 23 15 26 7 22 6
1651
8 11 5 27 0 23 7 22 26 15 12 6 24 18 14 10 13 21 16 17 3 9 19 1 20 4 28 2 25
1728
23 0 20 1 28 2 25 4 8 11 5 27 7 26 15 22 6 24 18 14 10 21 16 13 17 3 9 19 12
1676
14 18 24 6 22 15 26 7 27 5 11 8 25 2 28 4 1 20 0 23 12 9 19 3 17 16 21 13 10
1722
2 28 4 20 1 19 9 3 17 13 16 21 10 14 18 24 6 12 15 26 22 7 23 0 27 5 11 8 25
1713
21 13 10 14 3 18 24 6 22 15 26 7 27 5 11 8 4 25 2 28 1 20 0 23 12 9 19 17 16
1706
20 28 2 25 8 4 5 11 27 0 12 23 7 26 15 22 6 24 18 14 10 13 21 16 17 3 9 19 1
1684
14 18 24 6 22 7 26 15 23 12 0 27 5 11 8 25 2 28 4 20 1 19 9 3 17 13 16 21 10
1651
23 12 9 19 3 17 13 16 21 10 14 18 24 6 22 15 26 7 27 5 11 8 4 25 2 28 1 20 0
1677
12 23 0 20 1 4 28 2 25 8 11 5 27 7 26 15 22 6 24 18 14 10 21 16 13 17 3 9 19
1706
0 23 7 22 26 15 12 6 24 18 14 10 21 16 13 17 3 9 19 1 20 4 28 2 25 8 11 5 27
1713
9 12 23 0 20 1 28 2 25 4 8 11 5 27 7 26 15 22 6 24 18 14 10 13 21 16 17 3 19
1692
10 21 16 13 17 19 9 12 23 0 20 1 4 28 2 25 8 5 11 27 7 26 22 15 6 24 18 14 3
1789
23 0 20 1 28 2 25 4 8 11 5 27 7 26 15 22 6 24 18 14 10 21 16 13 17 3 9 19 12
1676
26 15 22 6 24 18 14 10 21 16 13 17 3 9 19 1 28 2 25 8 4 20 12 23 0 5 11 27 7
1704
12 23 15 26 7 22 6 24 18 14 10 13 21 16 17 3 9 19 1 20 4 28 2 25 8 11 5 27 0
1666
28 2 25 8 11 5 27 0 20 12 23 15 26 7 22 6 24 18 14 10 21 16 13 17 3 9 19 1 4
1689
5 11 8 25 2 28 4 1 19 9 3 17 13 16 21 10 14 24 6 18 12 15 26 22 7 23 20 0 27
1803
6 24 18 14 10 21 16 13 17 3 9 19 1 20 12 23 0 5 4 28 2 25 8 11 27 7 26 15 22
1721
8 11 5 27 0 20 12 23 15 26 7 22 6 24 18 14 10 21 16 13 17 3 9 19 1 4 28 2 25
1689
2 28 4 1 19 9 3 17 13 16 21 10 14 18 24 6 22 7 26 15 23 12 20 0 27 5 11 8 25
1689
21 13 10 3 14 18 24 6 15 26 22 7 27 5 11 8 4 25 2 28 1 20 0 23 12 9 19 17 16
1769
0 20 12 23 15 26 7 22 6 24 18 14 10 21 16 13 17 3 9 19 1 4 28 2 25 8 11 5 27
1689
5 8 25 2 28 4 1 20 19 9 3 17 13 16 21 10 14 18 24 6 22 15 12 26 7 23 0 27 11
1717
8 11 5 27 0 23 7 26 12 15 22 6 24 18 14 10 21 16 13 17 3 9 19 20 1 4 28 2 25
1710
8 25 2 28 4 20 1 19 9 3 17 16 21 13 10 14 18 24 6 12 15 26 22 7 23 0 27 5 11
1728
6 24 18 14 10 21 16 13 17 3 19 9 12 23 0 20 1 4 28 2 25 8 11 5 27 7 26 15 22
1707
10 24 6 22 15 18 14 3 9 12 20 23 26 7 0 27 11 5 4 8 25 2 28 1 19 17 13 16 21
1775
2 28 4 20 1 19 9 3 17 13 16 21 10 14 18 24 12 15 6 22 26 7 23 0 27 5 11 8 25
1715
15 26 7 27 5 11 8 4 25 2 28 1 20 0 23 12 9 19 3 17 16 21 13 10 14 18 24 6 22
1692
19 9 3 17 16 21 13 10 14 18 24 6 22 7 26 15 23 12 0 27 5 11 8 25 2 28 4 20 1
1666
22 26 15 7 27 11 5 8 25 2 28 4 1 20 0 23 12 9 19 3 17 13 16 21 10 14 18 24 6
1735
28 4 20 1 19 9 3 17 16 21 13 10 14 24 18 12 15 6 22 26 7 23 0 27 5 11 8 25 2
1732
10 21 16 13 17 19 1 28 2 25 8 4 5 11 27 0 7 26 23 20 12 9 3 14 18 15 22 6 24
1775
1 19 9 3 17 13 16 21 10 14 18 24 6 22 15 26 7 23 12 0 27 5 11 8 4 25 2 28 20
1661
12 9 19 3 17 13 16 21 10 14 18 24 6 22 15 26 7 27 5 11 8 25 2 28 4 1 20 0 23
1707
24 18 10 21 16 13 17 14 3 9 19 1 20 4 28 2 25 8 11 5 27 0 12 23 7 22 26 15 6
1676
0 23 7 26 22 6 24 12 15 18 14 10 13 21 16 17 3 9 19 20 1 28 2 25 4 8 11 5 27
1714
15 22 6 24 18 14 10 21 16 13 17 3 9 19 12 23 0 20 1 4 28 2 25 8 11 5 27 7 26
1706
7 27 0 23 12 20 4 5 11 8 25 2 28 1 19 9 3 17 13 16 21 10 14 18 24 6 22 15 26
1684
20 9 12 23 7 26 15 22 6 24 18 14 10 21 16 13 17 3 19 1 28 2 25 4 8 11 5 27 0
1711
23 0 20 1 4 28 2 25 8 11 5 27 7 26 15 22 6 24 18 14 10 21 16 13 17 3 19 9 12
1707
8 11 5 27 0 23 7 22 26 15 12 6 24 18 14 10 21 16 13 17 3 9 19 1 20 4 28 2 25
1713
13 10 14 3 18 24 6 22 15 26 7 27 5 11 8 25 2 28 4 1 20 0 23 12 9 19 17 16 21
1736
1 19 9 3 17 16 21 13 10 14 18 24 6 22 26 15 12 7 23 20 0 27 5 11 8 25 2 28 4
1756
24 6 15 26 22 7 27 11 5 8 25 2 28 4 1 20 0 23 12 9 19 3 14 17 13 16 21 10 18
1737
21 16 17 19 9 12 3 14 18 15 23 0 20 1 4 28 2 25 8 11 5 27 7 26 22 6 24 10 13
1744
17 19 1 28 2 25 8 4 5 11 27 0 7 26 22 6 24 18 3 12 9 20 23 15 14 10 13 21 16
1854
23 0 20 1 28 2 25 4 8 11 5 27 7 26 15 22 6 24 18 14 10 21 16 13 17 3 9 19 12
1676
16 17 3 9 19 12 23 0 20 1 4 28 2 25 8 11 5 27 7 26 15 22 6 24 18 14 10 13 21
1721
2 25 8 11 5 27 0 23 7 26 22 6 15 12 24 18 14 10 21 16 13 17 3 9 19 1 20 4 28
1715
18 14 10 21 16 13 17 3 19 9 12 23 0 20 1 4 28 2 25 8 11 5 27 7 26 15 22 6 24
1707
21 16 17 19 9 12 23 0 20 1 28 2 25 4 8 11 5 27 7 26 22 15 6 24 18 14 3 10 13
1767
22 6 24 18 14 10 21 16 13 17 3 19 9 12 23 0 20 1 4 28 2 25 8 5 11 27 7 15 26
1735
8 11 5 27 0 23 7 22 26 15 12 6 24 18 14 10 13 21 16 17 3 9 19 1 20 4 28 2 25
1728
5 11 8 25 2 28 4 20 1 19 9 3 17 13 16 21 10 14 24 6 18 12 15 26 22 7 23 0 27
1727
13 21 16 17 19 9 12 23 0 20 1 4 28 2 25 8 11 5 27 7 26 15 22 6 24 18 3 14 10
1736
17 16 21 13 10 14 3 18 24 6 22 15 26 7 27 5 11 8 25 2 28 4 1 20 0 23 12 9 19
1736
5 11 8 25 2 28 4 1 19 9 3 17 13 16 21 10 14 15 12 18 24 6 22 26 7 23 20 0 27
1756
3 9 19 1 20 12 23 0 5 4 28 2 25 8 11 27 7 26 15 22 6 24 18 14 10 13 21 16 17
1736
4 28 2 25 8 11 5 27 0 20 23 7 26 22 6 24 12 15 18 14 10 21 16 13 17 3 9 19 1
1754
14 10 21 16 13 17 3 9 19 1 28 2 25 8 4 20 12 23 0 5 11 27 7 26 15 22 6 24 18
1704
26 7 27 5 11 8 25 2 28 4 1 20 0 23 12 19 9 3 17 13 16 21 10 14 18 24 6 22 15
1706
7 26 15 22 6 24 18 14 10 21 16 13 17 3 9 19 12 23 0 20 1 28 2 25 4 8 11 5 27
1676
25 2 28 4 1 19 9 3 17 16 21 13 10 14 18 24 6 22 7 26 15 23 12 20 0 27 5 11 8
1704
5 27 0 20 23 7 26 22 6 24 12 15 18 14 10 21 16 13 17 3 9 19 1 4 28 2 25 8 11
1754
25 8 11 5 27 0 23 7 26 22 6 15 12 18 24 14 10 13 21 16 17 3 9 19 1 20 4 28 2
1732
25 8 11 5 27 0 20 12 23 15 26 7 22 6 24 18 14 10 21 16 13 17 3 9 19 1 4 28 2
1689
14 10 13 21 16 17 3 9 19 12 23 0 20 1 28 2 25 4 8 11 5 27 7 26 15 22 6 24 18
1691
10 24 18 14 3 15 6 22 26 7 27 5 11 8 4 25 2 28 1 20 0 23 12 9 19 17 13 16 21
1775
5 8 4 25 2 28 1 19 9 3 17 13 16 21 10 14 18 24 6 22 15 26 7 23 12 20 0 27 11
1668
11 8 25 2 28 4 1 19 9 3 17 13 16 21 10 14 18 24 6 22 15 26 7 23 12 20 0 27 5
1691
7 27 5 11 8 25 2 28 4 1 20 0 23 12 19 9 3 17 13 16 21 10 14 18 24 6 22 15 26
1706
3 9 19 1 28 2 25 4 8 11 5 20 12 23 0 27 7 26 15 22 6 24 18 14 10 21 16 13 17
1686
25 2 28 4 1 20 19 9 3 17 13 16 21 10 14 18 24 6 22 15 12 26 7 23 0 27 5 11 8
1710
2 25 8 11 5 27 0 23 7 26 12 15 22 6 24 18 14 10 21 16 13 17 3 9 19 20 1 4 28
1710
9 19 3 17 13 16 21 10 14 18 24 6 22 15 26 7 27 5 11 8 25 2 28 4 1 20 0 23 12
1707
11 8 25 2 28 4 1 19 9 3 17 16 21 13 10 14 18 24 6 22 7 26 15 23 12 20 0 27 5
1704
14 10 21 16 13 17 3 9 19 1 20 4 28 2 25 8 11 5 27 0 12 23 15 26 7 22 6 24 18
1651
10 21 16 13 17 19 1 28 2 25 8 4 5 11 27 0 7 26 23 20 12 9 3 14 18 15 22 6 24
1775
4 20 1 19 9 3 17 13 16 21 10 14 18 24 12 15 6 22 26 7 23 0 27 5 11 8 25 2 28
1715
12 23 0 20 1 4 28 2 25 8 11 5 27 7 26 15 22 6 24 18 14 10 21 16 13 17 3 9 19
1706
2 25 8 11 5 27 0 23 7 22 26 15 12 18 6 24 14 10 21 16 13 17 3 9 19 1 20 4 28
1727
12 9 19 3 17 13 16 21 10 14 18 24 6 22 15 26 7 27 5 11 8 25 2 28 4 1 20 0 23
1707
7 27 5 11 8 25 2 28 4 1 20 0 23 12 9 19 3 17 16 21 13 10 14 18 24 6 22 15 26
1722
11 8 4 25 2 28 1 19 9 3 17 13 16 21 10 14 18 24 6 22 15 26 7 23 12 20 0 27 5
1661
10 24 6 22 15 18 14 3 9 12 20 23 26 7 0 27 5 11 8 4 25 2 28 1 19 17 13 16 21
1767
21 16 17 19 9 12 23 0 20 1 4 28 2 25 8 11 5 27 7 26 15 22 6 24 18 3 14 10 13
1736
2 25 8 11 5 27 0 23 7 22 26 15 12 6 24 18 14 10 21 16 13 17 3 9 19 1 20 4 28
1713
23 12 19 9 3 17 13 16 21 10 14 18 24 6 22 15 26 7 27 5 11 8 25 2 28 4 1 20 0
1706
4 28 2 25 8 11 5 27 0 23 7 26 22 6 15 12 24 18 14 10 13 21 16 17 3 9 19 1 20
1730
6 24 18 14 10 13 21 16 17 3 9 19 1 20 12 23 0 4 28 2 25 8 11 5 27 7 26 15 22
1738
19 9 3 17 16 21 13 10 14 18 24 6 22 15 26 7 27 5 11 8 25 2 28 4 1 20 0 23 12
1721
3 9 19 1 20 4 28 2 25 8 11 5 27 0 12 23 15 26 7 22 6 24 18 14 10 21 16 13 17
1651
15 22 6 24 18 14 10 13 21 16 17 3 9 19 12 23 0 20 1 4 28 2 25 8 11 5 27 7 26
1721
15 22 6 24 18 14 10 21 16 13 17 3 9 19 12 23 0 20 1 4 28 2 25 8 11 5 27 7 26
1706
6 24 18 14 10 13 21 16 17 3 9 19 12 23 0 20 1 4 28 2 25 8 11 5 27 7 26 15 22
1721
25 8 11 5 27 0 20 12 23 15 26 7 22 6 24 18 14 10 21 16 13 17 3 9 19 1 4 28 2
1689
4 28 2 25 8 11 5 27 0 23 7 26 22 6 15 12 24 18 14 10 13 21 16 17 3 9 19 1 20
1730
3 17 13 16 21 10 14 18 24 6 22 15 26 7 27 11 5 0 23 12 20 4 8 25 2 28 1 19 9
1704
6 22 15 26 7 27 11 8 25 2 28 4 5 0 23 12 20 1 19 9 3 17 16 21 13 10 14 18 24
1736
21 13 10 6 24 18 14 3 9 12 20 23 15 26 22 7 0 27 11 5 4 8 25 2 28 1 19 17 16
1817
13 21 16 17 19 9 12 23 0 20 1 4 28 2 25 8 5 11 27 7 22 26 15 6 24 18 14 3 10
1806
22 26 15 7 27 11 5 8 25 2 28 4 1 20 0 23 12 19 9 3 17 13 16 21 10 14 18 24 6
1734
19 9 3 17 13 16 21 10 14 18 24 6 22 7 26 15 23 12 0 27 5 11 8 25 2 28 4 20 1
1651
4 28 2 25 8 11 5 27 0 20 12 23 15 26 7 22 6 24 18 14 10 21 16 13 17 3 9 19 1
1689
27 0 23 7 26 22 6 15 12 24 18 14 10 21 16 13 17 3 9 19 1 20 4 28 2 25 8 5 11
1722
20 1 19 9 3 17 13 16 21 10 14 18 24 12 15 6 22 26 7 23 0 27 5 11 8 25 2 28 4
1715
18 14 10 21 16 13 17 3 9 19 12 23 0 20 1 28 2 25 4 8 11 5 27 7 26 15 22 6 24
1676
5 11 27 0 23 7 22 26 15 12 18 6 24 14 10 13 21 16 17 3 9 19 1 20 4 28 2 25 8
1749
28 4 20 1 19 9 3 17 13 16 21 10 14 18 24 6 12 15 26 22 7 23 0 27 5 11 8 25 2
1713
11 8 25 2 28 4 1 20 19 9 3 17 13 16 21 10 14 18 24 6 22 15 12 26 7 23 0 27 5
1710
16 21 13 10 14 18 24 6 22 15 26 7 27 5 11 8 25 2 28 4 1 20 0 23 12 19 9 3 17
1721
19 9 3 17 16 21 13 10 14 18 24 6 22 15 26 7 27 5 11 8 25 2 28 4 1 20 0 23 12
1721
15 22 6 24 18 14 10 13 21 16 17 3 9 19 1 4 28 2 25 8 11 5 20 12 23 0 27 7 26
1731
26 15 22 6 24 18 14 10 21 16 13 17 3 9 19 1 20 12 23 0 4 28 2 25 8 11 5 27 7
1723
10 21 16 13 17 19 9 12 3 14 18 15 23 0 20 1 28 2 25 4 8 11 5 27 7 26 22 6 24
1699
2 28 4 1 19 9 3 17 16 21 13 10 14 18 24 6 22 26 15 12 7 23 20 0 27 5 11 8 25
1756
8 11 5 27 0 23 7 26 12 15 22 6 24 18 14 10 21 16 13 17 3 9 19 20 1 4 28 2 25
1710
0 27 5 11 8 25 2 28 4 20 1 19 9 3 17 16 21 13 10 14 24 18 12 15 6 22 26 7 23
1732
1 28 2 25 8 4 5 11 27 0 23 7 12 15 26 22 6 24 18 14 10 21 16 13 17 3 9 19 20
1694
3 17 16 21 13 10 14 18 24 6 22 7 26 15 23 12 0 27 5 11 8 25 2 28 4 20 1 19 9
1666
17 16 21 13 10 24 18 14 3 15 6 22 26 7 27 5 11 8 25 2 28 4 1 20 0 23 12 9 19
1820
15 22 6 24 18 14 10 13 21 16 17 3 9 19 12 23 0 20 1 4 28 2 25 8 11 5 27 7 26
1721
16 21 13 10 24 6 22 26 7 27 5 11 8 25 2 28 4 1 20 0 23 15 18 14 3 12 9 19 17
1744
21 13 10 14 15 23 0 5 4 20 9 12 3 18 24 6 22 26 7 27 11 8 25 2 28 1 19 17 16
1871
7 26 15 22 6 24 18 14 10 21 16 13 17 3 19 9 12 23 0 20 1 4 28 2 25 8 11 5 27
1707
15 26 7 27 5 11 8 25 2 28 4 1 20 0 23 12 19 9 3 17 16 21 13 10 14 18 24 6 22
1721
21 16 17 19 9 12 23 0 20 1 28 2 25 4 8 11 5 27 7 26 22 6 15 24 18 3 14 10 13
1761
6 24 18 14 10 21 16 13 17 3 9 19 1 28 2 25 8 11 5 4 20 12 23 0 27 7 26 15 22
1684
13 21 16 17 19 9 12 23 0 20 1 4 28 2 25 8 11 5 27 7 26 22 6 15 24 18 3 14 10
1791
18 14 10 21 16 13 17 3 9 19 12 23 0 20 1 4 28 2 25 8 11 5 27 7 26 15 22 6 24
1706
9 19 3 17 13 16 21 10 14 18 24 6 22 15 26 7 27 5 11 8 25 2 28 4 1 20 0 23 12
1707
21 16 17 19 9 12 23 0 20 1 28 2 25 4 8 11 5 27 7 26 15 22 6 24 18 3 14 10 13
1706
5 11 8 25 2 28 4 1 19 9 3 17 16 21 13 10 14 18 24 6 22 7 26 15 23 12 20 0 27
1704
20 19 9 3 17 16 21 13 10 14 18 24 6 22 26 15 12 7 23 0 27 5 11 8 4 25 2 28 1
1701
15 22 6 24 18 14 10 21 16 13 17 3 9 19 1 28 2 25 8 11 5 4 20 12 23 0 27 7 26
1684
10 24 6 22 26 7 27 5 11 8 25 2 28 4 1 20 0 23 15 18 14 3 12 9 19 17 13 16 21
1729
17 3 9 19 12 23 0 20 1 4 28 2 25 8 11 5 27 7 26 15 22 6 24 18 14 10 13 21 16
1721
25 2 28 4 20 1 19 9 3 17 16 21 13 10 14 24 18 12 15 6 22 26 7 23 0 27 5 11 8
1732
9 20 4 5 0 27 11 8 25 2 28 1 19 17 16 21 13 10 14 3 18 24 6 22 15 26 7 23 12
1780
11 5 27 0 23 7 22 26 15 12 6 24 18 14 10 13 21 16 17 3 9 19 1 20 4 28 2 25 8
1728
23 12 9 19 3 17 13 16 21 10 14 18 24 6 22 15 26 7 27 5 11 8 25 2 28 4 1 20 0
1707
7 26 15 22 6 24 18 14 10 21 16 13 17 3 9 19 1 20 12 23 0 5 4 28 2 25 8 11 27
1721
28 4 1 20 19 9 3 17 13 16 21 10 14 18 24 6 22 15 12 26 7 23 0 27 5 11 8 25 2
1710
3 9 19 1 20 4 28 2 25 8 11 5 27 0 12 23 15 26 7 22 6 24 18 14 10 13 21 16 17
1666
23 12 9 19 3 17 16 21 13 10 14 18 24 6 22 15 26 7 27 5 11 8 25 2 28 4 1 20 0
1722
0 27 5 11 8 25 2 28 4 1 20 19 9 3 17 16 21 13 10 14 18 24 6 22 15 12 26 7 23
1725
26 7 27 11 5 0 23 12 20 4 8 25 2 28 1 19 9 3 17 16 21 13 10 14 18 24 6 22 15
1719
11 5 8 25 2 28 4 20 1 19 9 3 17 13 16 21 10 14 18 24 6 12 15 26 22 7 23 0 27
1720
24 18 15 22 26 7 27 0 23 12 20 5 11 8 4 25 2 28 1 19 9 3 14 17 13 16 21 10 6
1716
25 2 28 4 1 19 9 3 17 16 21 13 10 14 18 24 6 22 26 15 12 7 23 20 0 27 5 11 8
1756
1 28 2 25 8 11 27 0 5 4 20 23 7 12 15 26 22 6 24 18 14 10 13 21 16 17 3 9 19
1766
3 9 19 1 28 2 25 4 8 11 5 20 12 23 0 27 7 26 15 22 6 24 18 14 10 21 16 13 17
1686
26 15 22 6 24 18 14 10 13 21 16 17 3 19 9 12 23 0 20 1 4 28 2 25 8 11 5 27 7
1722
27 0 20 23 7 26 12 15 22 6 24 18 14 10 21 16 13 17 3 9 19 1 4 28 2 25 8 5 11
1742
23 12 19 9 3 17 13 16 21 10 14 18 24 6 22 15 26 7 27 5 11 8 25 2 28 4 1 20 0
1706
28 2 25 8 11 5 27 0 20 12 23 15 26 7 22 6 24 18 14 10 21 16 13 17 3 9 19 1 4
1689
16 17 19 1 28 2 25 8 11 27 0 5 4 20 9 12 23 7 22 26 15 24 6 18 3 14 10 13 21
1845
19 9 12 23 0 20 1 4 28 2 25 8 5 11 27 7 26 22 15 6 24 18 14 3 10 21 16 13 17
1789
12 23 15 26 7 22 6 24 18 14 10 21 16 13 17 3 9 19 1 20 4 28 2 25 8 11 5 27 0
1651
1 20 4 5 0 23 26 7 27 11 8 25 2 28 19 17 13 16 21 10 24 6 22 15 18 14 3 12 9
1828
10 24 18 14 3 9 12 20 23 15 6 22 26 7 0 27 11 5 4 8 25 2 28 1 19 17 13 16 21
1803
2 28 4 1 19 9 3 17 13 16 21 10 14 18 24 6 12 15 26 22 7 23 20 0 27 5 11 8 25
1789
28 4 1 19 9 3 17 16 21 13 10 14 18 24 6 22 15 12 26 7 23 20 0 27 5 11 8 25 2
1750
3 17 13 16 21 10 14 18 24 6 22 15 26 7 27 11 5 0 23 12 20 4 8 25 2 28 1 19 9
1704
1 19 9 3 17 13 16 21 10 14 15 12 18 24 6 22 26 7 23 20 0 27 11 5 4 8 25 2 28
1734
5 11 8 25 2 28 4 1 19 9 3 17 16 21 13 10 14 18 24 6 22 7 26 15 23 12 20 0 27
1704
2 25 8 11 5 27 0 23 7 22 26 15 12 6 24 18 14 10 13 21 16 17 3 9 19 1 20 4 28
1728
27 0 20 23 7 12 15 26 22 6 24 18 14 10 21 16 13 17 3 9 19 1 4 28 2 25 8 5 11
1748
4 20 1 19 9 3 17 16 21 13 10 14 6 24 18 12 15 26 22 7 23 0 27 5 11 8 25 2 28
1743
16 21 13 10 14 3 18 24 6 22 15 26 7 27 5 11 8 4 25 2 28 1 20 0 23 12 9 19 17
1706
15 26 7 27 5 11 8 25 2 28 4 1 20 0 23 12 9 19 3 17 13 16 21 10 14 18 24 6 22
1707
6 22 15 26 7 27 5 11 8 25 2 28 4 1 20 0 23 12 9 19 3 17 16 21 13 10 14 18 24
1722
27 0 20 12 23 15 26 7 22 6 24 18 14 10 21 16 13 17 3 9 19 1 28 2 25 4 8 11 5
1659
7 27 5 11 8 25 2 28 4 1 20 0 23 12 19 9 3 17 16 21 13 10 14 18 24 6 22 15 26
1721
28 4 1 19 9 3 17 13 16 21 10 14 15 12 18 24 6 22 26 7 23 20 0 27 5 11 8 25 2
1756
18 24 6 22 15 26 7 27 5 11 8 25 2 28 4 1 20 0 23 12 19 9 3 17 13 16 21 10 14
1706
15 26 7 27 5 11 8 4 25 2 28 1 20 0 23 12 19 9 3 17 16 21 13 10 14 18 24 6 22
1691
6 24 18 14 10 13 21 16 17 3 19 9 12 23 0 20 1 28 2 25 4 8 11 5 27 7 26 15 22
1692
0 20 23 7 12 15 26 22 6 24 18 14 10 21 16 13 17 3 9 19 1 4 28 2 25 8 5 11 27
1748
10 3 14 18 24 6 15 26 22 7 27 11 5 8 25 2 28 4 1 20 0 23 12 9 19 17 13 16 21
1791
0 20 23 7 22 26 15 6 24 18 12 14 10 21 16 13 17 3 9 19 1 4 28 2 25 8 11 5 27
1789
7 26 15 22 6 24 18 14 10 13 21 16 17 3 19 9 12 23 0 20 1 4 28 2 25 8 11 5 27
1722
12 23 0 27 7 26 15 22 6 24 18 14 10 13 21 16 17 3 9 19 1 28 2 25 4 8 11 5 20
1701
6 22 15 26 7 27 5 11 8 25 2 28 4 1 20 0 23 12 19 9 3 17 13 16 21 10 14 18 24
1706
9 19 3 17 16 21 13 10 14 18 24 6 22 15 26 7 27 5 11 8 25 2 28 4 1 20 0 23 12
1722
22 6 24 18 14 10 13 21 16 17 3 9 19 12 23 0 20 1 4 28 2 25 8 5 11 27 7 15 26
1749
3 17 13 16 21 10 14 18 24 6 22 7 26 15 23 12 0 27 5 11 8 25 2 28 4 20 1 19 9
1651
19 3 17 13 16 21 10 14 18 24 6 22 15 26 7 27 5 11 8 25 2 28 4 1 20 0 23 12 9
1707
3 9 19 12 23 0 20 1 4 28 2 25 8 11 5 27 7 26 15 22 6 24 18 14 10 21 16 13 17
1706
16 17 19 1 28 2 25 8 11 27 0 5 4 20 9 12 23 7 22 26 15 6 24 18 3 14 10 13 21
1818
5 27 0 20 23 7 26 22 6 24 12 15 18 14 10 21 16 13 17 3 9 19 1 4 28 2 25 8 11
1754
7 26 15 22 6 24 18 14 10 13 21 16 17 3 19 9 12 23 0 20 1 4 28 2 25 8 11 5 27
1722
19 9 12 23 0 20 1 4 28 2 25 8 11 5 27 7 26 22 6 15 3 14 18 24 10 13 21 16 17
1820
25 2 28 4 1 19 9 3 17 13 16 21 10 14 18 24 6 22 7 26 15 23 12 20 0 27 5 11 8
1689
7 27 5 11 8 25 2 28 4 1 20 0 23 12 9 19 3 17 13 16 21 10 14 18 24 6 22 15 26
1707
24 6 15 26 22 7 27 11 5 8 25 2 28 4 1 20 0 23 12 9 19 3 14 17 13 16 21 10 18
1737
2 25 8 11 5 27 0 20 23 7 26 22 15 12 18 6 24 14 10 21 16 13 17 3 9 19 1 4 28
1801
26 15 22 6 24 18 14 10 13 21 16 17 3 9 19 12 23 0 20 1 4 28 2 25 8 11 5 27 7
1721
25 8 11 5 27 0 20 12 23 15 26 7 22 6 24 18 14 10 21 16 13 17 3 9 19 1 4 28 2
1689
16 17 19 9 12 23 0 20 1 28 2 25 4 8 11 5 27 7 26 22 6 15 24 18 3 14 10 13 21
1761
24 6 22 15 26 7 27 5 11 8 25 2 28 4 1 20 0 23 12 9 19 3 17 13 16 21 10 14 18
1707
5 27 0 20 23 7 12 15 26 22 6 24 18 14 10 13 21 16 17 3 9 19 1 4 28 2 25 8 11
1756
26 7 27 5 11 8 25 2 28 4 1 20 0 23 12 9 19 3 17 13 16 21 10 14 18 24 6 22 15
1707
24 6 22 15 26 7 27 5 11 8 25 2 28 4 1 20 0 23 12 9 19 3 17 13 16 21 10 14 18
1707
21 13 10 14 18 24 6 22 15 26 7 27 11 5 8 4 25 2 28 1 20 0 23 12 19 9 3 17 16
1698
12 19 9 3 17 13 16 21 10 14 18 24 6 22 15 26 7 27 5 11 8 4 25 2 28 1 20 0 23
1676
28 4 1 19 9 3 17 13 16 21 10 14 18 24 6 22 7 26 15 23 12 20 0 27 5 11 8 25 2
1689
6 24 18 14 10 13 21 16 17 3 9 19 1 20 12 23 0 5 4 28 2 25 8 11 27 7 26 15 22
1736
3 17 16 21 13 10 14 18 24 6 22 15 26 7 27 5 11 8 25 2 28 4 1 20 0 23 12 9 19
1722
2 28 4 20 1 19 9 3 17 16 21 13 10 14 18 24 6 12 15 26 22 7 23 0 27 5 11 8 25
1728
8 11 5 27 0 20 12 23 15 26 7 22 6 24 18 14 10 21 16 13 17 3 9 19 1 4 28 2 25
1689
14 10 21 16 13 17 3 19 9 12 23 0 20 1 28 2 25 4 8 11 5 27 7 26 15 22 6 24 18
1677
14 18 24 6 22 7 26 15 23 12 0 27 5 11 8 25 2 28 4 20 1 19 9 3 17 16 21 13 10
1666
9 12 23 0 20 1 28 2 25 4 8 11 5 27 7 26 15 22 6 24 18 14 10 21 16 13 17 3 19
1677
25 2 28 4 1 19 9 3 17 13 16 21 10 14 18 24 6 22 26 15 12 7 23 20 0 27 5 11 8
1741
4 28 2 25 8 11 5 27 0 20 23 7 12 15 26 22 6 24 18 14 10 13 21 16 17 3 9 19 1
1756
7 26 15 22 6 24 18 14 10 21 16 13 17 3 9 19 12 23 0 20 1 28 2 25 4 8 11 5 27
1676
8 11 5 27 0 20 12 23 15 26 7 22 6 24 18 14 10 13 21 16 17 3 9 19 1 4 28 2 25
1704
5 11 8 25 2 28 4 1 19 9 3 17 16 21 13 10 14 18 24 6 22 7 26 15 23 12 20 0 27
1704
3 19 9 12 23 0 20 1 4 28 2 25 8 11 5 27 7 26 15 22 6 24 18 14 10 21 16 13 17
1707
6 24 18 14 10 13 21 16 17 3 9 19 1 20 4 28 2 25 8 11 5 27 0 12 23 15 26 7 22
1666
15 22 6 24 18 14 10 21 16 13 17 3 19 9 12 23 0 20 1 4 28 2 25 8 11 5 27 7 26
1707
10 21 16 13 17 19 1 4 28 2 25 8 11 5 27 0 7 26 23 20 12 9 3 14 18 15 22 6 24
1797
15 22 6 24 18 14 10 21 16 13 17 3 19 9 12 23 0 20 1 4 28 2 25 8 11 5 27 7 26
1707
4 20 1 19 9 3 17 13 16 21 10 14 24 6 18 12 15 26 22 7 23 0 27 5 11 8 25 2 28
1727
6 24 18 14 10 13 21 16 17 3 19 9 12 23 0 20 1 28 2 25 4 8 11 5 27 7 26 15 22
1692
21 13 10 14 18 24 6 22 15 26 7 27 5 11 8 25 2 28 4 1 20 0 23 12 19 9 3 17 16
1721
0 27 5 11 8 25 2 28 4 1 20 19 9 3 17 13 16 21 10 14 18 24 6 22 15 12 26 7 23
1710
24 6 22 15 26 7 27 5 11 8 25 2 28 4 1 20 0 23 12 9 19 3 17 13 16 21 10 14 18
1707
26 15 22 6 24 18 14 10 13 21 16 17 3 9 19 12 23 0 20 1 4 28 2 25 8 11 5 27 7
1721
1 20 19 9 3 17 13 16 21 10 14 18 24 6 12 15 26 22 7 23 0 27 5 11 8 4 25 2 28
1734
17 3 9 19 12 23 0 20 1 28 2 25 4 8 11 5 27 7 26 15 22 6 24 18 14 10 13 21 16
1691
16 21 13 10 14 18 24 6 22 15 26 7 27 11 5 8 25 2 28 4 1 20 0 23 12 19 9 3 17
1728
9 19 3 17 13 16 21 10 14 18 24 6 22 15 26 7 27 5 11 8 25 2 28 4 1 20 0 23 12
1707
11 5 27 0 20 23 7 26 22 6 24 18 12 15 14 10 21 16 13 17 3 9 19 1 4 28 2 25 8
1756
18 24 6 22 7 26 15 23 12 0 27 5 11 8 25 2 28 4 20 1 19 9 3 17 13 16 21 10 14
1651
23 0 20 1 28 2 25 4 8 11 5 27 7 26 15 22 6 24 18 14 10 21 16 13 17 3 9 19 12
1676
15 22 6 24 18 14 10 21 16 13 17 3 9 19 12 23 0 20 1 28 2 25 4 8 11 5 27 7 26
1676
7 27 5 11 8 25 2 28 4 1 20 0 23 12 19 9 3 17 13 16 21 10 14 18 24 6 22 15 26
1706
17 19 1 4 28 2 25 8 11 5 27 0 7 26 22 6 24 18 3 12 9 20 23 15 14 10 13 21 16
1876
11 8 25 2 28 4 1 19 9 3 17 13 16 21 10 14 18 24 6 22 7 26 15 23 12 20 0 27 5
1689
10 6 24 18 14 3 9 12 20 4 5 0 23 15 22 26 7 27 11 8 25 2 28 1 19 17 13 16 21
1817
23 0 20 1 4 28 2 25 8 11 5 27 7 26 15 22 6 24 18 14 10 13 21 16 17 3 9 19 12
1721
3 17 13 16 21 10 14 18 24 6 22 15 26 7 27 11 8 25 2 28 4 5 0 23 12 20 1 19 9
1721
7 26 15 22 6 24 18 14 10 21 16 13 17 3 9 19 12 23 0 20 1 28 2 25 4 8 11 5 27
1676
16 21 13 10 14 18 24 6 22 15 26 7 27 5 11 8 4 25 2 28 1 20 0 23 12 19 9 3 17
1691
13 10 14 15 23 20 9 12 3 18 24 6 22 26 7 0 27 11 5 4 8 25 2 28 1 19 17 16 21
1854
24 6 22 15 26 7 27 0 23 12 20 5 11 8 4 25 2 28 1 19 9 3 17 13 16 21 10 14 18
1686
25 2 28 4 1 19 9 3 17 16 21 13 10 14 18 24 6 22 7 26 15 23 12 20 0 27 5 11 8
1704
18 24 6 22 7 26 15 23 12 0 27 5 11 8 25 2 28 4 20 1 19 9 3 17 16 21 13 10 14
1666
6 22 15 26 7 27 5 11 8 25 2 28 4 1 20 0 23 12 9 19 3 17 13 16 21 10 14 18 24
1707
26 7 27 5 11 8 4 25 2 28 1 20 0 23 12 9 19 3 17 16 21 13 10 14 18 24 6 22 15
1692
21 16 17 19 1 4 28 2 25 8 11 5 27 0 7 22 26 15 23 20 12 9 3 18 6 24 14 10 13
1899
5 11 27 0 23 7 22 26 15 12 6 24 18 14 10 13 21 16 17 3 9 19 1 20 4 28 2 25 8
1735
11 8 25 2 28 4 1 19 9 3 17 13 16 21 10 14 18 24 6 22 7 26 15 23 12 20 0 27 5
1689
26 7 27 5 11 8 4 25 2 28 1 20 0 23 12 9 19 3 17 13 16 21 10 14 18 24 6 22 15
1677
14 10 13 21 16 17 3 9 19 1 20 4 28 2 25 8 11 5 27 0 12 23 15 26 7 22 6 24 18
1666
5 11 8 25 2 28 4 1 19 9 3 17 16 21 13 10 14 18 24 6 22 15 26 7 23 12 20 0 27
1706
10 3 14 18 24 6 15 26 22 7 27 11 5 8 25 2 28 4 1 20 0 23 12 9 19 17 13 16 21
1791
25 8 11 5 27 0 23 7 22 26 15 12 6 24 18 14 10 21 16 13 17 3 9 19 1 20 4 28 2
1713
26 15 22 6 24 18 14 10 21 16 13 17 3 19 9 12 23 0 20 1 4 28 2 25 8 11 5 27 7
1707
23 0 20 1 4 28 2 25 8 11 5 27 7 26 15 22 6 24 18 14 10 13 21 16 17 3 9 19 12
1721
3 9 19 1 20 4 28 2 25 8 11 5 27 0 12 23 15 26 7 22 6 24 18 14 10 13 21 16 17
1666
4 20 1 19 9 3 17 13 16 21 10 14 18 24 6 12 15 26 22 7 23 0 27 5 11 8 25 2 28
1713
7 27 5 11 8 4 25 2 28 1 20 0 23 12 9 19 3 17 16 21 13 10 14 18 24 6 22 15 26
1692
14 10 21 16 13 17 3 19 9 12 23 0 20 1 4 28 2 25 8 11 5 27 7 26 15 22 6 24 18
1707
24 6 22 15 26 7 27 5 11 8 25 2 28 4 1 20 0 23 12 19 9 3 17 13 16 21 10 14 18
1706
9 12 20 23 15 22 26 7 0 27 11 5 4 8 25 2 28 1 19 17 13 16 21 10 6 24 18 14 3
1800
14 18 24 6 22 15 26 7 27 0 23 12 20 5 11 8 4 25 2 28 1 19 9 3 17 13 16 21 10
1686
10 24 6 22 23 7 26 15 18 14 3 12 9 20 4 5 0 27 11 8 25 2 28 1 19 17 13 16 21
1806
14 18 24 6 22 15 26 7 27 5 11 8 25 2 28 4 1 20 0 23 12 9 19 3 17 13 16 21 10
1707
25 2 28 4 1 19 9 3 17 13 16 21 10 14 15 12 18 24 6 22 26 7 23 20 0 27 5 11 8
1756
27 11 5 8 4 25 2 28 1 20 19 9 3 17 16 21 13 10 14 15 12 18 24 6 22 26 7 23 0
1723
3 9 19 12 23 0 20 1 4 28 2 25 8 11 5 27 7 26 15 22 6 24 18 14 10 13 21 16 17
1721
20 23 7 26 22 6 24 12 15 18 14 10 21 16 13 17 3 9 19 1 28 2 25 8 11 27 0 5 4
1764
23 0 27 7 26 15 22 6 24 18 14 10 21 16 13 17 3 9 19 1 28 2 25 4 8 11 5 20 12
1686
0 23 7 26 22 6 24 12 15 18 14 10 21 16 13 17 3 9 19 20 1 28 2 25 4 8 5 11 27
1706
24 18 14 10 21 16 13 17 3 9 19 12 23 0 20 1 28 2 25 4 8 11 5 27 7 26 15 22 6
1676
22 6 24 18 14 10 21 16 13 17 3 19 9 12 23 0 20 1 4 28 2 25 8 5 11 27 7 15 26
1735
19 9 3 17 13 16 21 10 14 18 24 6 22 15 26 7 27 5 11 8 4 25 2 28 1 20 0 23 12
1676
28 4 20 1 19 9 3 17 16 21 13 10 14 18 24 6 12 15 26 22 7 23 0 27 5 11 8 25 2
1728
7 27 5 11 8 25 2 28 4 1 20 0 23 12 19 9 3 17 13 16 21 10 14 18 24 6 22 15 26
1706
0 23 7 22 26 15 12 18 24 6 14 10 21 16 13 17 3 9 19 1 20 4 28 2 25 8 11 5 27
1728
14 10 21 16 13 17 3 9 19 1 20 12 23 0 4 28 2 25 8 11 5 27 7 26 15 22 6 24 18
1723
9 3 14 18 24 6 10 21 16 13 17 19 1 4 28 2 25 8 11 5 27 0 7 26 22 15 23 20 12
1822
22 6 24 18 14 10 13 21 16 17 3 9 19 1 28 2 25 8 4 20 12 23 0 5 11 27 7 15 26
1740
1 28 2 25 8 11 27 0 5 4 20 12 23 7 26 15 22 6 24 18 14 10 13 21 16 17 3 9 19
1716
23 12 19 9 3 17 13 16 21 10 14 18 24 6 22 15 26 7 27 5 11 8 25 2 28 4 1 20 0
1706
14 10 13 21 16 17 3 9 19 12 23 0 20 1 28 2 25 4 8 11 5 27 7 26 15 22 6 24 18
1691
26 7 27 5 11 8 4 25 2 28 1 20 0 23 12 9 19 3 17 13 16 21 10 14 18 24 6 22 15
1677
21 16 17 19 1 28 2 25 8 11 27 7 26 23 0 5 4 20 12 9 3 14 18 15 22 6 24 10 13
1807
0 20 23 7 26 12 15 22 6 24 18 14 10 21 16 13 17 3 9 19 1 4 28 2 25 8 11 5 27
1735
25 2 28 4 20 1 19 9 3 17 13 16 21 10 14 6 24 18 12 15 26 22 7 23 0 27 5 11 8
1728
14 18 24 6 22 15 26 7 27 5 11 8 4 25 2 28 1 20 0 23 12 19 9 3 17 16 21 13 10
1691
24 18 14 10 21 16 13 17 3 9 19 1 20 4 28 2 25 8 11 5 27 0 12 23 15 26 7 22 6
1651
3 19 9 12 23 0 20 1 4 28 2 25 8 11 5 27 7 26 15 22 6 24 18 14 10 21 16 13 17
1707
4 1 19 9 3 17 16 21 13 10 14 18 24 6 22 7 26 15 23 12 20 0 27 5 11 8 25 2 28
1704
24 18 10 21 16 13 17 14 3 19 9 12 23 0 20 1 4 28 2 25 8 5 11 27 7 26 22 15 6
1735
14 18 24 6 22 15 26 7 27 5 11 8 25 2 28 4 1 20 0 23 12 9 19 3 17 13 16 21 10
1707
18 24 6 22 15 26 7 27 5 11 8 25 2 28 4 1 20 0 23 12 19 9 3 17 16 21 13 10 14
1721
4 28 2 25 8 11 5 27 0 20 23 7 12 15 26 22 6 24 18 14 10 21 16 13 17 3 9 19 1
1741
18 24 6 22 7 26 15 23 12 0 27 5 11 8 25 2 28 4 20 1 19 9 3 17 13 16 21 10 14
1651
20 12 23 15 26 7 22 6 24 18 14 10 13 21 16 17 3 9 19 1 28 2 25 8 11 27 0 5 4
1714
14 10 21 16 13 17 3 9 19 1 4 28 2 25 8 11 5 20 12 23 0 27 7 26 15 22 6 24 18
1716
18 14 10 21 16 13 17 3 9 19 12 23 0 20 1 4 28 2 25 8 11 5 27 7 26 15 22 6 24
1706
6 24 18 14 10 21 16 13 17 3 9 19 12 23 0 20 1 4 28 2 25 8 11 5 27 7 26 15 22
1706
19 1 28 2 25 8 11 27 7 22 26 15 23 0 5 4 20 12 9 3 14 18 24 6 10 21 16 13 17
1819
26 7 27 11 5 0 23 12 20 4 8 25 2 28 1 19 9 3 17 13 16 21 10 14 18 24 6 22 15
1704
4 28 2 25 8 11 5 27 0 20 23 7 12 15 26 22 6 24 18 14 10 21 16 13 17 3 9 19 1
1741
2 28 4 1 19 9 3 17 16 21 13 10 14 18 24 6 22 7 26 15 23 12 20 0 27 5 11 8 25
1704
3 17 13 16 21 10 14 18 24 6 22 15 26 7 27 5 11 8 4 25 2 28 1 20 0 23 12 19 9
1676
16 21 13 10 24 6 22 15 18 14 3 9 12 20 23 26 7 0 27 5 11 8 25 2 28 4 1 19 17
1812
0 27 11 5 8 25 2 28 4 1 19 9 3 17 13 16 21 10 14 18 24 6 22 26 15 12 7 23 20
1748
10 24 6 22 26 7 23 15 18 14 3 12 9 20 4 5 0 27 11 8 25 2 28 1 19 17 13 16 21
1773
5 27 0 20 12 23 15 26 7 22 6 24 18 14 10 21 16 13 17 3 9 19 1 28 2 25 4 8 11
1659
0 23 7 22 26 15 12 18 24 6 14 10 13 21 16 17 3 9 19 1 20 4 28 2 25 8 5 11 27
1750
23 12 19 9 3 17 13 16 21 10 14 18 24 6 22 15 26 7 27 5 11 8 4 25 2 28 1 20 0
1676
20 23 7 26 22 6 24 18 12 15 14 10 13 21 16 17 3 9 19 1 28 2 25 8 4 5 11 27 0
1749
3 17 13 16 21 10 14 18 24 6 22 7 26 15 23 12 0 27 5 11 8 25 2 28 4 20 1 19 9
1651
1 20 19 9 3 17 16 21 13 10 14 18 24 6 22 15 12 26 7 23 0 27 5 11 8 25 2 28 4
1725
17 19 9 12 23 0 20 1 4 28 2 25 8 11 5 27 7 26 22 6 15 24 18 3 14 10 13 21 16
1791
20 4 5 0 27 11 8 25 28 2 19 17 16 21 13 14 10 6 24 18 3 9 12 15 26 22 7 23 1
1914
24 18 10 21 16 13 17 14 3 9 19 1 20 4 28 2 25 8 11 5 27 0 12 23 7 22 26 15 6
1676
25 2 28 4 1 19 9 3 17 16 21 13 10 14 18 24 6 22 7 26 15 23 12 20 0 27 5 11 8
1704
25 2 28 4 20 1 19 9 3 17 13 16 21 10 14 18 24 6 12 15 26 22 7 23 0 27 5 11 8
1713
14 10 21 16 13 17 3 19 9 12 23 0 20 1 4 28 2 25 8 11 5 27 7 26 15 22 6 24 18
1707
20 0 27 11 5 4 8 25 2 28 1 19 9 3 17 13 16 21 10 14 18 24 6 22 15 12 26 7 23
1713
4 1 19 9 3 17 13 16 21 10 14 18 24 6 22 7 26 15 23 12 20 0 27 5 11 8 25 2 28
1689
21 13 10 24 6 22 15 18 14 3 9 12 20 23 26 7 0 27 5 11 8 4 25 2 28 1 19 17 16
1782
4 28 2 25 8 11 5 27 0 23 7 22 26 15 12 6 24 18 14 10 21 16 13 17 3 9 19 1 20
1713
13 10 14 24 6 18 3 9 12 20 23 15 26 22 7 0 27 5 11 8 25 2 28 4 1 19 17 16 21
1899
18 14 10 21 16 13 17 3 19 9 12 23 0 20 1 4 28 2 25 8 11 5 27 7 26 15 22 6 24
1707
12 23 0 27 7 26 15 22 6 24 18 14 10 13 21 16 17 3 9 19 1 28 2 25 4 8 11 5 20
1701
8 11 5 27 0 20 12 23 15 26 7 22 6 24 18 14 10 21 16 13 17 3 9 19 1 4 28 2 25
1689
8 11 5 27 0 23 7 26 22 6 15 12 18 24 14 10 21 16 13 17 3 9 19 1 20 4 28 2 25
1717
7 27 5 11 8 25 2 28 4 0 23 12 20 1 19 9 3 17 13 16 21 10 14 18 24 6 22 15 26
1723
1 19 9 3 17 16 21 13 10 14 18 24 6 22 7 26 15 23 12 20 4 5 0 27 11 8 25 2 28
1714
13 21 16 17 19 1 28 2 25 8 4 5 11 27 0 7 26 22 6 15 23 20 12 9 3 14 18 24 10
1818
26 15 22 6 24 18 14 10 21 16 13 17 3 9 19 12 23 0 20 1 4 28 2 25 8 11 5 27 7
1706
20 12 23 15 26 7 22 6 24 18 14 10 13 21 16 17 3 9 19 1 28 2 25 8 4 5 11 27 0
1682
0 27 5 11 8 4 25 2 28 1 20 19 9 3 17 16 21 13 10 14 18 24 6 22 26 15 12 7 23
1701
21 16 17 19 9 12 3 14 18 15 23 0 20 1 28 2 25 4 8 5 11 27 7 26 22 6 24 10 13
1721
28 4 1 19 9 3 17 13 16 21 10 14 18 24 6 22 7 26 15 23 12 20 0 27 5 11 8 25 2
1689
20 4 5 0 27 11 8 25 2 28 1 19 9 3 17 13 16 21 10 14 15 12 18 24 6 22 26 7 23
1766
7 27 5 11 8 25 2 28 4 1 20 0 23 12 19 9 3 17 13 16 21 10 14 18 24 6 22 15 26
1706
15 26 7 27 5 11 8 25 2 28 4 1 20 0 23 12 9 19 3 17 16 21 13 10 14 18 24 6 22
1722
27 11 5 8 25 2 28 4 20 1 19 9 3 17 16 21 13 10 14 18 24 12 15 6 22 26 7 23 0
1737
10 21 16 13 17 19 1 28 2 25 8 4 5 11 27 0 7 22 26 15 23 20 12 9 3 14 18 24 6
1802
20 4 5 0 27 11 8 25 2 28 1 19 9 3 17 13 16 21 10 14 18 24 6 22 7 26 15 23 12
1699
9 19 12 23 0 20 1 4 28 2 25 8 11 5 27 7 26 15 22 6 24 18 14 10 13 21 16 17 3
1721
19 1 28 2 25 4 8 11 5 20 12 23 0 27 7 26 15 22 6 24 18 14 10 21 16 13 17 3 9
1686
0 20 12 23 7 26 15 22 6 24 18 14 10 13 21 16 17 3 9 19 1 4 28 2 25 8 11 5 27
1706
2 28 4 20 1 19 9 3 17 13 16 21 10 14 18 24 6 12 15 26 22 7 23 0 27 5 11 8 25
1713
6 22 15 26 7 27 5 11 8 25 2 28 4 1 20 0 23 12 19 9 3 17 13 16 21 10 14 18 24
1706
19 9 3 17 13 16 21 10 14 18 24 6 22 7 26 15 23 12 0 27 5 11 8 25 2 28 4 20 1
1651
4 28 2 25 8 11 5 27 0 20 23 7 22 26 15 6 24 18 12 14 10 21 16 13 17 3 9 19 1
1789
2 28 4 20 1 19 9 3 17 16 21 13 10 14 18 24 6 12 15 26 22 7 23 0 27 5 11 8 25
1728
8 11 5 27 0 20 23 7 26 12 15 22 6 24 18 14 10 21 16 13 17 3 9 19 1 4 28 2 25
1735
18 24 6 22 15 26 7 27 11 5 0 23 12 20 4 8 25 2 28 1 19 9 3 17 13 16 21 10 14
1704
21 16 17 3 9 19 12 23 0 20 1 4 28 2 25 8 11 5 27 7 26 15 22 6 24 18 14 10 13
1721
6 22 7 26 15 23 12 0 27 5 11 8 25 2 28 4 20 1 19 9 3 17 13 16 21 10 14 18 24
1651
13 10 14 3 18 24 15 6 22 26 7 27 5 11 8 25 2 28 4 1 20 0 23 12 9 19 17 16 21
1791
1 19 9 3 17 13 16 21 10 14 18 24 6 22 7 26 15 23 12 20 0 27 11 5 4 8 25 2 28
1667
4 28 2 25 8 11 5 27 0 23 7 22 26 15 12 18 24 6 14 10 13 21 16 17 3 9 19 1 20
1743
18 24 6 22 15 26 7 27 5 11 8 25 2 28 4 1 20 0 23 12 9 19 3 17 13 16 21 10 14
1707
27 0 23 7 26 12 15 22 6 24 18 14 10 21 16 13 17 3 9 19 20 1 4 28 2 25 8 5 11
1717
9 3 17 13 16 21 10 14 18 24 6 22 15 26 7 27 5 11 8 4 25 2 28 1 20 0 23 12 19
1676
7 26 15 22 6 24 18 14 10 13 21 16 17 3 9 19 12 23 0 20 1 4 28 2 25 8 11 5 27
1721
11 27 0 23 7 26 22 6 15 12 24 18 14 10 21 16 13 17 3 9 19 1 20 4 28 2 25 8 5
1722
15 22 6 24 18 14 10 21 16 13 17 3 9 19 12 23 0 20 1 4 28 2 25 8 11 5 27 7 26
1706
12 23 0 20 1 4 28 2 25 8 11 5 27 7 26 15 22 6 24 18 14 10 21 16 13 17 3 19 9
1707
13 21 16 17 19 9 12 23 0 20 1 4 28 2 25 8 11 5 27 7 26 22 6 15 24 18 14 3 10
1816
