22 7 27 5 4 25 2 28 8 11 0 23 12 20 1 19 9 3 17 16 13 21 10 14 18 6 24 15 26
2274
2 28 1 20 0 23 12 9 19 3 13 21 16 17 14 10 18 6 24 15 26 22 7 27 5 11 8 4 25
2171
1 20 19 9 12 3 14 10 13 21 16 17 18 6 24 15 23 26 22 7 0 27 5 11 4 8 25 28 2
2178
14 10 13 21 16 17 3 9 19 1 20 12 23 0 4 2 28 25 8 5 11 27 7 26 22 6 24 15 18
2273
8 4 25 2 28 1 19 9 3 17 16 21 13 10 14 18 6 24 15 22 26 7 23 12 20 0 27 5 11
2145
1 20 19 9 12 3 17 16 21 13 10 14 18 6 24 15 22 26 7 23 0 27 11 5 4 8 25 28 2
2169
19 9 3 17 16 21 13 10 14 18 6 24 15 26 22 7 27 5 11 8 4 25 28 2 1 20 0 23 12
2153
16 21 13 14 10 18 15 24 6 22 26 7 27 4 2 28 25 8 11 5 0 23 12 20 1 19 9 3 17
2257
17 3 9 19 1 2 28 25 8 4 20 12 23 0 11 5 27 7 22 26 15 24 6 18 14 10 21 13 16
2223
3 9 19 12 23 0 20 1 2 28 25 4 8 11 5 27 7 22 26 15 24 6 18 14 10 13 21 16 17
2153
16 21 13 10 14 18 6 24 15 26 22 7 27 5 11 8 4 25 28 2 1 20 0 23 12 19 9 3 17
2153
17 16 21 13 10 14 18 15 24 6 22 26 7 27 5 11 8 4 25 28 2 1 20 0 23 12 9 19 3
2113
1 20 12 23 0 4 28 2 25 8 11 5 27 7 22 26 15 18 6 24 10 14 13 21 16 17 3 9 19
2279
0 27 5 11 8 4 25 28 2 1 20 19 9 3 14 17 13 16 21 10 12 18 6 24 15 23 26 22 7
2149
25 8 11 4 5 27 0 20 12 23 7 22 26 15 24 6 18 14 10 21 16 13 17 3 9 19 1 2 28
2207
10 6 24 18 15 26 22 7 27 5 11 8 28 2 25 4 0 23 12 20 1 19 9 3 14 17 16 13 21
2223
22 7 23 12 0 27 5 11 8 4 25 2 28 20 1 19 9 3 17 13 16 21 10 14 18 6 24 15 26
2155
25 4 8 11 5 27 7 26 22 15 24 6 18 14 10 13 21 16 17 3 9 19 12 23 0 20 1 28 2
2159
26 7 23 12 0 27 5 11 8 28 2 25 4 20 1 19 9 3 17 16 21 13 14 10 18 15 24 6 22
2158
9 19 3 17 16 13 21 10 14 18 6 24 15 26 22 7 27 5 11 8 4 25 28 2 1 20 0 23 12
2132
15 18 6 24 10 14 13 21 16 17 3 9 19 1 20 12 23 0 5 4 2 28 25 8 11 27 7 22 26
2290
8 11 5 27 0 20 12 23 7 22 26 15 18 6 24 10 14 13 21 16 17 3 9 19 1 2 28 25 4
2137
28 2 25 4 8 11 5 27 7 22 26 15 24 6 18 10 14 13 21 16 17 3 9 19 12 23 0 20 1
2163
22 26 7 27 5 11 8 4 25 28 2 1 20 0 23 12 9 19 3 17 13 16 21 10 14 18 6 24 15
2132
4 25 28 2 1 20 0 23 12 19 9 3 17 16 21 13 10 14 18 15 24 6 22 26 7 27 5 11 8
2113
18 14 10 21 16 13 17 3 9 19 1 20 12 23 0 4 25 2 28 8 11 5 27 7 22 26 15 24 6
2261
20 0 23 12 19 9 3 17 16 21 13 14 10 18 15 24 6 22 26 7 27 11 5 4 8 25 28 2 1
2154
25 2 28 1 20 0 23 12 9 19 3 17 13 16 21 10 14 18 6 24 15 22 26 7 27 5 11 8 4
2140
20 27 0 12 23 7 22 26 15 24 6 18 14 10 21 13 16 17 3 9 19 1 2 28 25 8 11 5 4
2206
1 2 28 25 8 11 0 23 12 9 19 3 17 16 21 13 10 14 18 15 24 6 22 26 7 27 5 4 20
2221
25 8 11 5 4 20 27 0 12 23 7 26 22 15 24 6 18 14 10 21 13 16 17 3 9 19 1 2 28
2204
17 3 19 9 12 23 0 20 1 2 28 25 4 8 11 5 27 7 26 22 6 24 15 18 14 10 13 21 16
2113
7 27 5 11 8 4 25 28 2 1 20 0 23 12 9 19 3 17 16 13 21 10 14 18 6 24 15 26 22
2132
21 13 14 10 24 6 18 15 26 22 7 27 5 11 8 4 25 28 2 1 20 0 23 12 9 19 3 17 16
2151
15 24 6 18 14 10 21 13 16 17 3 9 19 1 20 12 23 0 11 8 28 2 25 4 5 27 7 22 26
2274
18 6 24 15 22 26 7 27 5 11 8 4 25 28 2 1 20 0 23 12 9 19 3 17 13 16 21 10 14
2132
18 15 26 22 7 27 5 11 8 25 2 28 4 0 23 12 20 1 19 9 3 17 16 21 13 14 10 24 6
2279
20 1 19 9 3 17 16 21 13 10 14 18 15 24 6 22 26 7 27 5 4 28 2 25 8 11 0 23 12
2256
1 19 9 3 17 16 21 13 14 10 18 6 24 15 26 22 7 27 5 11 8 25 2 28 4 0 23 12 20
2283
20 1 19 9 3 17 16 13 21 10 14 18 6 24 15 26 22 7 27 5 4 25 2 28 8 11 0 23 12
2274
26 22 6 24 15 18 14 10 21 13 16 17 3 19 9 12 23 0 20 1 2 28 25 4 8 11 5 27 7
2092
19 9 3 12 23 0 20 1 2 28 25 4 8 11 5 27 7 26 22 15 24 6 18 10 14 13 21 16 17
2193
22 26 15 24 6 18 14 10 21 13 16 17 3 9 19 1 20 12 23 0 4 28 2 25 8 11 5 27 7
2260
8 11 5 27 0 20 12 23 7 22 26 15 24 6 18 14 10 21 13 16 17 3 9 19 1 28 2 25 4
2126
20 4 8 25 28 2 1 19 9 3 17 16 21 13 14 10 24 6 18 15 26 22 7 27 5 11 0 23 12
2242
9 19 18 23 0 20 1 2 28 25 4 8 11 5 27 7 22 26 15 24 6 10 21 13 16 17 14 3 12
2236
14 18 15 24 6 22 26 7 27 5 11 8 4 25 28 2 1 20 0 23 12 9 19 3 17 13 16 21 10
2094
9 19 3 17 16 13 21 10 14 18 6 24 15 22 26 7 27 5 11 8 4 25 28 2 1 20 0 23 12
2130
11 5 27 0 20 12 23 7 26 22 15 24 6 18 17 16 21 13 10 14 3 9 19 1 2 28 25 4 8
2145
8 11 5 27 7 26 22 6 24 15 18 10 14 13 21 16 17 3 9 19 12 23 0 20 1 2 28 25 4
2115
19 9 3 17 16 21 13 14 10 18 6 24 15 26 22 7 27 5 11 8 4 25 28 2 1 20 0 23 12
2155
2 1 20 4 5 0 23 12 19 9 3 17 16 21 13 14 10 18 6 24 15 26 22 7 27 11 8 25 28
2262
15 18 14 10 21 13 16 17 3 9 19 1 20 12 23 0 11 8 28 2 25 4 5 27 7 26 22 6 24
2234
19 9 3 17 16 21 13 10 14 18 6 24 15 26 22 7 27 5 11 8 4 25 2 28 0 23 12 20 1
2258
10 21 13 16 17 14 3 19 9 12 23 0 20 1 2 28 25 4 8 11 5 27 7 22 26 15 18 6 24
2096
9 19 1 20 12 23 0 4 2 28 25 8 11 5 27 7 22 26 15 24 6 18 14 10 21 13 16 17 3
2257
28 2 1 19 9 3 17 16 13 21 10 14 18 15 24 6 22 26 7 23 12 0 27 20 4 5 11 8 25
2166
18 6 24 15 26 22 7 27 5 11 8 28 2 25 4 0 23 12 20 1 19 9 3 17 13 16 21 10 14
2261
28 2 25 4 8 11 5 27 0 20 12 23 7 22 26 15 24 6 18 10 14 13 21 16 17 3 9 19 1
2149
7 22 26 15 18 6 24 10 14 13 21 16 17 3 9 19 1 20 12 23 0 5 4 25 2 28 8 11 27
2292
6 22 26 7 27 5 11 8 28 2 25 4 0 23 12 20 1 19 9 3 17 16 21 13 10 14 18 15 24
2240
6 24 15 18 14 10 21 16 13 17 3 9 19 1 20 12 23 0 11 8 25 2 28 4 5 27 7 26 22
2237
6 18 15 26 22 7 23 12 0 27 5 11 8 25 28 2 4 20 1 19 9 3 17 16 21 13 14 10 24
2192
4 25 2 28 1 19 9 14 10 13 21 16 17 3 18 6 24 15 26 22 7 23 12 20 0 27 5 11 8
2197
27 5 11 8 4 25 28 2 1 20 19 9 3 14 10 13 21 16 17 12 18 15 24 6 22 26 23 7 0
2147
5 11 8 4 25 2 28 1 20 19 9 3 14 10 21 16 13 17 12 18 6 24 15 23 26 22 7 0 27
2169
15 24 6 18 14 10 21 13 16 17 3 19 9 12 23 0 20 1 2 28 25 4 8 11 5 27 7 22 26
2132
15 24 6 18 14 10 21 16 13 17 3 9 19 1 20 12 23 0 28 2 25 4 8 11 5 27 7 22 26
2239
19 1 20 4 25 2 28 8 11 5 27 0 12 23 7 26 22 6 24 15 18 14 10 21 13 16 17 3 9
2135
9 19 3 17 16 13 21 10 14 18 6 24 15 26 22 7 27 5 11 8 4 25 28 2 1 20 0 23 12
2132
23 12 9 19 3 17 16 13 21 10 14 18 15 24 6 22 26 7 27 5 11 8 4 25 28 2 1 20 0
2092
4 25 28 2 1 20 0 23 12 19 9 3 17 16 21 13 10 14 18 6 24 15 22 26 7 27 5 11 8
2151
21 13 14 10 18 15 24 6 22 26 7 27 11 5 0 23 12 20 4 8 25 28 2 1 19 9 3 17 16
2205
22 7 27 5 11 8 25 28 2 4 0 23 12 20 1 19 9 3 17 16 21 13 14 10 18 6 24 15 26
2280
23 0 20 1 2 28 25 4 8 11 5 27 7 22 26 15 18 6 24 10 14 13 21 16 17 3 19 9 12
2151
18 6 24 10 14 13 21 16 17 3 19 9 12 23 0 20 1 2 28 25 4 8 11 5 27 7 22 26 15
2151
19 9 12 3 18 23 1 20 4 25 2 28 8 11 5 27 0 7 22 26 15 24 6 10 14 13 21 16 17
2390
5 4 20 1 2 28 25 8 11 27 7 26 22 6 24 15 18 10 14 13 21 16 17 3 19 9 12 23 0
2222
18 14 10 21 13 16 17 3 19 9 12 23 0 20 1 2 28 25 4 8 11 5 27 7 22 26 15 24 6
2132
22 7 27 5 11 8 25 28 2 4 0 23 12 20 1 19 9 3 17 16 13 21 10 14 18 6 24 15 26
2257
14 10 21 13 16 17 3 19 9 12 23 0 20 1 2 28 25 4 8 11 5 27 7 22 26 15 24 6 18
2132
0 7 22 26 23 12 15 24 6 18 14 10 21 13 16 17 3 9 19 20 1 2 28 25 4 8 11 5 27
2104
13 21 16 17 3 9 19 1 20 12 23 0 28 2 25 4 8 11 5 27 7 22 26 15 24 6 18 14 10
2258
25 28 2 1 20 19 9 3 17 16 13 21 10 14 18 6 24 15 12 23 26 22 7 0 27 5 11 4 8
2142
27 5 11 8 4 25 28 2 1 20 0 23 12 9 19 3 17 16 21 13 10 14 18 15 24 6 22 26 7
2113
21 13 14 10 24 6 18 15 26 22 7 27 5 11 8 4 25 28 2 1 20 0 23 12 9 19 3 17 16
2151
6 22 26 7 23 12 0 27 5 11 8 28 2 25 4 20 1 19 9 3 17 13 16 21 10 14 18 15 24
2137
28 2 1 20 19 9 12 3 17 16 21 13 10 14 18 6 24 15 23 26 22 7 0 27 5 11 4 8 25
2170
2 28 25 8 11 5 27 7 22 26 15 24 6 18 14 10 21 16 13 17 3 19 9 12 23 0 20 4 1
2214
27 5 11 8 4 25 28 2 1 19 9 3 17 16 21 13 10 14 18 15 24 6 22 26 7 23 12 20 0
2099
13 21 16 17 3 19 9 12 23 0 20 1 2 28 25 4 8 11 5 27 7 22 26 15 18 6 24 10 14
2151
15 18 6 24 10 14 13 21 16 17 3 19 9 12 23 0 20 1 2 28 25 4 8 11 5 27 7 22 26
2151
25 2 28 1 19 9 18 6 24 10 14 13 21 16 17 3 12 15 22 26 7 23 20 0 27 5 11 8 4
2227
19 17 13 16 21 10 14 18 6 24 15 26 22 7 27 5 11 8 4 25 28 2 1 20 0 23 12 3 9
2174
17 16 13 21 10 14 18 6 24 15 26 22 7 23 12 0 27 5 11 8 25 2 28 4 20 1 19 9 3
2176
16 21 13 14 10 24 6 18 15 26 22 7 27 5 11 0 23 12 20 4 8 25 28 2 1 19 9 3 17
2242
15 26 22 7 27 5 11 8 4 25 28 2 1 20 0 23 12 9 19 3 17 16 21 13 14 10 24 6 18
2151
12 23 0 11 8 25 2 28 4 5 27 7 26 22 6 24 15 18 10 14 13 21 16 17 3 9 19 1 20
2258
19 3 17 16 21 13 10 14 18 15 24 6 22 26 7 27 5 11 8 4 25 28 2 1 20 0 23 12 9
2113
28 1 20 19 9 3 17 16 21 13 14 10 24 6 18 12 15 22 26 23 7 0 27 5 11 8 4 25 2
2139
12 20 1 19 9 3 17 13 16 21 10 14 18 15 24 6 22 26 7 27 5 11 8 25 2 28 4 0 23
2222
7 26 22 6 24 15 18 10 14 13 21 16 17 3 19 9 12 23 0 20 1 2 28 25 4 8 11 5 27
2115
20 0 27 11 5 8 4 25 28 2 1 19 9 3 17 13 16 21 10 14 18 6 24 15 26 22 7 23 12
2155
19 17 16 21 13 14 10 24 6 22 26 7 27 5 11 8 4 25 28 2 1 20 0 23 15 18 3 12 9
2156
1 20 4 0 23 12 9 19 3 17 16 21 13 10 14 18 15 24 6 22 26 7 27 5 11 8 25 28 2
2206
2 28 25 4 8 11 5 27 0 7 22 26 23 15 24 6 18 14 10 13 21 16 17 3 12 9 19 20 1
2132
20 1 2 28 25 8 4 5 11 27 0 7 12 15 23 26 22 6 24 18 14 10 13 21 16 17 3 9 19
2166
19 9 12 23 0 20 1 2 28 25 4 8 11 5 27 7 22 26 15 18 6 24 10 14 13 21 16 17 3
2151
9 12 23 0 20 1 2 28 25 4 8 11 5 27 7 26 22 6 24 15 18 10 14 13 21 16 17 3 19
2115
1 20 4 28 2 25 8 11 5 27 0 12 23 7 26 22 6 24 15 18 14 10 21 16 13 17 3 9 19
2138
4 8 25 28 2 1 20 0 23 12 19 9 3 17 16 21 13 10 14 18 15 24 6 22 26 7 27 11 5
2152
6 24 15 18 14 10 21 13 16 17 3 9 19 1 20 12 23 0 4 25 2 28 8 11 5 27 7 26 22
2219
23 0 28 2 25 4 8 11 5 27 7 22 26 15 24 6 18 14 10 13 21 16 17 3 9 19 1 20 12
2258
9 12 23 0 20 1 2 28 25 4 8 11 5 27 7 26 22 6 24 15 18 10 14 13 21 16 17 3 19
2115
4 25 2 28 1 19 9 18 24 6 14 10 13 21 16 17 3 12 15 22 26 7 23 20 0 27 5 11 8
2272
15 24 6 22 26 7 27 5 11 8 25 2 28 4 0 23 12 20 1 19 9 3 17 16 21 13 10 14 18
2241
18 14 10 21 16 13 17 3 19 9 12 23 0 20 1 2 28 25 4 8 11 5 27 7 26 22 6 24 15
2094
22 7 27 5 11 8 4 25 2 28 0 23 12 20 1 19 9 3 17 16 21 13 14 10 18 6 24 15 26
2260
4 8 25 28 2 1 20 19 9 12 3 17 16 21 13 10 14 18 6 24 15 23 26 22 7 0 27 5 11
2170
5 11 8 4 25 28 2 1 20 19 9 3 17 16 13 21 10 14 12 18 6 24 15 23 26 22 7 0 27
2159
4 8 11 5 27 7 26 22 15 24 6 18 14 10 13 21 16 17 3 19 9 12 23 0 20 1 28 2 25
2159
6 18 14 10 13 21 16 17 3 19 9 12 23 0 1 20 4 25 2 28 8 5 11 27 7 22 26 15 24
2289
15 24 6 22 26 7 27 5 11 8 25 28 2 4 0 23 12 20 1 19 9 3 17 16 21 13 10 14 18
2238
20 4 8 25 28 2 1 19 9 3 17 16 13 21 10 14 18 15 24 6 22 26 7 27 11 5 0 23 12
2182
25 4 8 11 5 27 0 20 12 23 7 22 26 15 24 6 18 14 10 21 16 13 17 3 9 19 1 28 2
2128
21 13 16 17 3 9 19 1 20 12 23 0 11 8 25 28 2 4 5 27 7 22 26 15 24 6 18 14 10
2272
5 4 20 27 0 12 23 7 26 22 6 24 15 18 14 10 21 16 13 17 3 9 19 1 2 28 25 8 11
2168
9 12 23 0 20 1 2 28 25 4 8 11 5 27 7 26 22 15 24 6 18 14 10 21 13 16 17 3 19
2130
2 28 25 8 4 5 11 27 0 7 22 26 23 15 24 6 18 14 17 16 13 21 10 3 12 9 19 20 1
2158
13 10 14 18 15 24 6 22 26 7 27 5 11 8 4 25 28 2 1 20 0 23 12 9 19 3 17 16 21
2113
14 18 6 24 15 22 26 7 27 5 11 8 4 25 28 2 1 20 0 23 12 9 19 3 17 16 13 21 10
2130
7 26 22 6 24 15 18 14 10 21 16 13 17 3 19 9 12 23 0 20 1 2 28 25 4 8 11 5 27
2094
27 7 26 22 6 24 15 18 14 10 13 21 16 17 3 19 9 12 23 0 20 1 2 28 25 4 8 11 5
2113
19 9 12 23 0 20 1 2 28 25 4 8 11 5 27 7 26 22 6 24 15 18 10 14 13 21 16 17 3
2115
27 5 11 8 4 25 28 2 1 20 0 23 12 19 9 3 17 16 13 21 10 14 18 15 24 6 22 26 7
2092
27 5 11 8 4 25 28 2 1 20 0 23 12 19 9 3 17 16 13 21 10 14 18 6 24 15 22 26 7
2130
13 14 10 24 6 18 15 26 22 7 27 5 11 8 25 2 28 4 0 23 12 20 1 19 9 3 17 16 21
2279
18 6 24 15 26 22 7 27 5 11 8 4 25 2 28 0 23 12 20 1 19 9 3 17 16 21 13 10 14
2258
24 6 18 14 10 21 13 16 17 3 19 9 12 23 0 20 1 2 28 25 4 8 11 5 27 7 22 26 15
2132
4 25 2 28 1 20 0 23 12 9 19 3 17 16 13 21 10 14 18 6 24 15 22 26 7 27 5 11 8
2138
16 17 19 9 18 3 12 23 0 20 1 2 28 25 4 8 11 5 27 7 22 26 15 24 6 10 14 13 21
2274
21 13 16 17 3 19 9 12 23 0 20 1 2 28 25 4 8 11 5 27 7 22 26 15 24 6 18 14 10
2132
0 20 1 2 28 25 4 8 11 5 27 7 26 22 15 24 6 18 14 10 21 13 16 17 3 19 9 12 23
2130
6 22 26 7 27 5 11 8 25 28 2 4 0 23 12 20 1 19 9 3 17 13 16 21 10 14 18 15 24
2219
8 4 25 28 2 1 20 19 9 3 17 16 13 21 10 14 18 6 24 15 12 23 26 22 7 0 27 5 11
2104
3 9 19 1 20 12 23 0 28 2 25 4 8 11 5 27 7 22 26 15 24 6 18 14 10 13 21 16 17
2258
6 18 14 10 21 13 16 17 3 9 19 1 20 12 23 0 5 4 2 28 25 8 11 27 7 22 26 15 24
2271
22 7 27 11 8 25 28 2 4 5 0 23 12 20 1 19 9 3 17 16 21 13 14 10 24 6 18 15 26
2290
11 8 4 25 28 2 1 20 19 9 3 17 16 21 13 14 10 24 6 18 12 15 22 26 7 23 0 27 5
2124
6 18 14 10 21 13 16 17 3 19 9 12 23 20 1 2 28 25 4 8 11 5 27 0 7 22 26 15 24
2144
8 11 5 27 0 20 12 23 7 26 22 15 24 6 18 14 10 21 13 16 17 3 9 19 1 2 28 25 4
2116
3 19 9 12 23 0 20 1 2 28 25 4 8 11 5 27 7 26 22 6 24 15 18 14 10 21 16 13 17
2094
23 0 4 2 28 25 8 5 11 27 7 26 22 6 24 15 18 14 10 21 16 13 17 3 9 19 1 20 12
2254
20 4 5 11 8 25 28 2 1 19 9 3 17 16 13 21 10 14 18 6 24 15 26 22 7 27 0 23 12
2179
9 19 17 16 21 13 10 14 18 6 24 15 22 26 7 27 5 11 8 4 25 28 2 1 20 0 23 12 3
2191
9 3 17 16 21 13 14 10 24 6 18 15 26 22 7 27 5 11 8 25 2 28 4 0 23 12 20 1 19
2279
13 21 16 17 3 19 9 12 23 0 20 1 2 28 25 4 8 11 5 27 7 22 26 15 18 6 24 10 14
2151
10 21 13 16 17 14 3 9 19 1 20 12 23 0 4 2 28 25 8 11 5 27 7 26 22 15 18 6 24
2219
10 21 13 16 17 14 3 19 9 12 23 0 20 1 2 28 25 4 8 11 5 27 7 26 22 15 18 24 6
2094
14 10 21 13 16 17 3 19 9 12 23 0 20 1 2 28 25 4 8 11 5 27 7 22 26 15 24 6 18
2132
0 27 5 11 8 4 25 28 2 1 19 9 3 17 16 21 13 14 10 24 6 18 15 26 22 7 23 12 20
2137
26 22 6 24 15 18 14 10 21 16 13 17 3 9 19 1 20 12 23 0 4 28 2 25 8 11 5 27 7
2222
26 22 6 24 15 18 14 10 21 13 16 17 3 9 19 1 20 12 23 0 4 2 28 25 8 11 5 27 7
2217
21 13 14 10 6 24 15 22 26 7 0 27 5 11 8 28 2 25 4 20 1 23 18 3 12 9 19 17 16
2388
28 2 1 4 20 0 23 12 19 9 3 17 16 21 13 14 10 18 6 24 15 26 22 7 27 5 11 8 25
2235
11 5 27 0 20 12 23 7 26 22 15 24 6 18 17 16 13 21 10 14 3 9 19 1 2 28 25 4 8
2124
18 6 24 10 14 13 21 16 17 3 19 9 12 23 0 20 1 2 28 25 4 8 11 5 27 7 22 26 15
2151
25 28 2 1 20 19 9 3 17 16 21 13 14 10 24 6 18 12 15 23 26 22 7 0 27 11 5 4 8
2165
7 26 22 6 24 15 18 14 10 21 16 13 17 3 19 9 12 23 0 20 1 2 28 25 4 8 11 5 27
2094
18 15 24 6 22 26 7 23 12 0 27 5 11 8 25 28 2 4 20 1 19 9 3 17 16 13 21 10 14
2133
14 10 13 21 16 17 3 19 9 12 23 0 20 1 2 28 25 4 8 11 5 27 7 26 22 6 24 15 18
2113
28 1 20 19 9 3 17 16 21 13 10 14 18 6 24 15 12 23 26 22 7 0 27 5 11 8 4 25 2
2133
12 23 0 20 1 2 28 25 4 8 11 5 27 7 22 26 15 24 6 18 14 10 21 13 16 17 3 19 9
2132
22 7 23 12 0 27 5 11 8 25 2 28 4 20 1 19 9 3 17 16 21 13 14 10 24 6 18 15 26
2195
7 22 26 15 18 6 24 10 14 13 21 16 17 3 19 9 12 23 0 20 1 2 28 25 4 8 11 5 27
2151
28 1 19 9 17 13 16 21 10 14 3 18 6 24 15 26 22 7 23 12 20 0 27 5 11 8 4 25 2
2177
23 12 0 27 5 11 8 28 2 25 4 20 1 19 9 3 17 16 21 13 14 10 18 15 24 6 22 26 7
2158
15 18 10 14 13 21 16 17 3 19 9 12 23 0 20 1 2 28 25 4 8 11 5 27 7 26 22 6 24
2115
11 5 4 20 12 23 0 27 7 26 22 15 24 6 18 14 10 21 13 16 17 3 9 19 1 2 28 25 8
2177
15 18 6 24 10 14 13 21 16 17 3 19 9 12 23 0 20 1 2 28 25 4 8 11 5 27 7 22 26
2151
3 17 16 21 13 10 14 18 15 24 6 22 26 7 27 5 11 8 4 25 28 2 1 20 0 23 12 9 19
2113
3 19 9 12 23 0 20 1 2 28 25 4 8 11 5 27 7 22 26 15 24 6 18 14 10 21 13 16 17
2132
2 25 4 8 11 5 27 0 7 22 26 23 15 12 18 24 6 14 10 13 21 16 17 3 9 19 20 1 28
2179
28 1 19 9 3 17 16 21 13 10 14 18 6 24 15 26 22 7 23 12 20 0 27 5 11 8 4 25 2
2147
12 20 1 19 9 3 17 16 21 13 14 10 24 6 18 15 26 22 7 27 11 8 25 2 28 4 5 0 23
2293
17 3 9 19 1 20 12 23 0 4 2 28 25 8 11 5 27 7 22 26 15 24 6 18 14 10 21 13 16
2257
10 21 13 16 17 14 3 9 19 1 2 28 25 8 4 20 12 23 0 5 11 27 7 22 26 15 18 6 24
2186
18 14 10 13 21 16 17 3 9 19 1 2 28 25 8 4 20 12 23 0 11 5 27 7 26 22 6 24 15
2204
11 8 4 25 2 28 1 19 9 3 17 16 13 21 10 14 18 6 24 15 26 22 7 23 12 20 0 27 5
2126
19 9 12 23 0 20 1 2 28 25 4 8 11 5 27 7 26 22 6 24 15 18 14 10 21 16 13 17 3
2094
1 20 0 23 12 19 9 3 17 16 13 21 10 14 18 6 24 15 26 22 7 27 11 5 4 8 25 28 2
2171
24 15 26 22 7 23 12 0 27 5 11 8 4 25 2 28 20 1 19 9 3 17 16 13 21 10 14 18 6
2153
17 13 16 21 10 14 18 15 24 6 22 26 7 27 5 11 8 28 2 25 4 0 23 12 20 1 19 9 3
2221
13 16 21 10 14 18 6 24 15 26 22 7 27 5 11 8 25 28 2 4 0 23 12 20 1 19 9 3 17
2259
18 15 24 6 22 26 7 27 5 11 8 4 25 28 2 1 20 0 23 12 9 19 3 17 16 21 13 14 10
2115
27 5 11 8 4 25 28 2 1 19 9 3 17 16 21 13 14 10 18 15 24 6 22 26 7 23 12 20 0
2101
16 13 21 10 14 18 6 24 15 26 22 7 27 11 8 25 2 28 4 5 0 23 12 20 1 19 9 3 17
2274
17 16 21 13 14 10 18 15 24 6 22 26 7 27 5 11 8 25 28 2 4 0 23 12 20 1 19 9 3
2240
12 23 0 20 1 2 28 25 4 8 11 5 27 7 26 22 6 24 15 18 10 14 13 21 16 17 3 19 9
2115
6 22 26 7 23 12 0 27 5 11 8 25 2 28 4 20 1 19 9 3 17 16 13 21 10 14 18 15 24
2136
0 20 1 2 28 25 4 8 11 5 27 7 26 22 15 24 6 18 14 10 21 16 13 17 3 9 19 12 23
2132
10 6 24 18 15 22 26 7 0 27 5 11 8 4 25 28 2 1 20 23 12 9 19 3 14 17 13 16 21
2108
11 5 27 7 26 22 6 24 15 18 14 10 13 21 16 17 3 9 19 12 23 0 20 1 2 28 25 4 8
2113
13 21 16 17 19 9 12 3 18 23 20 1 2 28 25 8 4 5 11 0 27 7 22 26 15 24 6 10 14
2354
10 21 13 16 17 14 3 9 19 1 2 28 25 8 4 20 12 23 0 11 5 27 7 26 22 6 24 15 18
2151
18 14 10 21 13 16 17 3 9 19 1 20 28 2 25 4 8 11 5 27 0 12 23 7 22 26 15 24 6
2153
12 23 0 4 25 2 28 8 11 5 27 7 26 22 6 24 15 18 14 10 21 13 16 17 3 9 19 1 20
2219
18 6 24 15 26 22 7 27 5 11 8 25 28 2 4 0 23 12 20 1 19 9 3 17 16 13 21 10 14
2257
26 22 6 24 15 18 14 10 21 13 16 17 3 19 9 12 23 0 20 1 2 28 25 4 8 11 5 27 7
2092
26 22 6 24 15 18 14 10 21 13 16 17 3 9 19 1 20 12 23 0 4 25 2 28 8 11 5 27 7
2219
24 6 18 15 26 22 7 27 11 8 28 2 25 4 5 0 23 12 20 1 19 9 3 17 16 21 13 14 10
2292
4 25 28 2 1 20 0 23 12 19 9 3 17 16 21 13 10 14 18 15 24 6 22 26 7 27 5 11 8
2113
23 12 9 19 3 17 16 21 13 10 14 18 15 24 6 22 26 7 27 5 11 8 4 25 28 2 1 20 0
2113
3 17 16 21 13 14 10 18 6 24 15 26 22 7 27 5 11 8 4 25 28 2 1 20 0 23 12 19 9
2155
9 3 12 23 0 20 1 2 28 25 4 8 11 5 27 7 26 22 15 24 6 18 14 10 13 21 16 17 19
2191
0 27 5 11 8 4 25 28 2 1 19 9 3 17 16 21 13 10 14 18 12 15 24 6 22 26 7 23 20
2127
11 8 4 25 28 2 1 19 9 3 17 16 13 21 10 14 18 6 24 15 26 22 7 23 12 20 0 27 5
2118
11 8 25 28 2 1 19 9 3 17 13 16 21 10 14 18 12 15 24 6 22 26 7 23 20 4 0 27 5
2201
3 17 16 21 13 14 10 18 6 24 15 26 22 7 27 5 11 8 4 25 2 28 0 23 12 20 1 19 9
2260
9 3 17 16 13 21 10 14 18 15 24 6 22 26 7 27 4 2 28 25 8 11 5 0 23 12 20 1 19
2234
27 5 11 8 4 25 28 2 1 20 19 9 3 17 16 21 13 14 10 24 6 18 15 12 23 26 22 7 0
2123
2 28 25 4 8 11 5 27 0 20 12 23 7 26 22 15 24 6 18 10 14 13 21 16 17 3 9 19 1
2139
6 18 10 14 13 21 16 17 3 9 19 1 20 12 23 0 28 2 25 4 8 11 5 27 7 22 26 15 24
2260
14 10 24 6 18 15 26 22 7 27 5 11 8 4 25 28 2 1 20 0 23 12 9 19 3 17 16 21 13
2151
25 8 11 27 0 5 4 20 12 23 7 22 26 15 24 6 18 14 10 21 13 16 17 3 9 19 1 2 28
2225
23 0 4 25 2 28 8 11 5 27 7 26 22 6 24 15 18 14 10 13 21 16 17 3 9 19 1 20 12
2240
10 21 16 13 17 14 3 19 9 12 23 0 1 2 28 25 8 4 20 11 5 27 7 22 26 15 18 24 6
2227
12 20 1 19 9 3 17 16 21 13 10 14 18 15 24 6 22 26 7 27 4 25 2 28 8 11 5 0 23
2257
24 15 18 10 14 13 21 16 17 3 19 9 12 23 0 20 1 2 28 25 4 8 11 5 27 7 26 22 6
2115
20 1 2 28 25 4 8 11 5 27 7 26 22 15 24 6 18 10 14 13 21 16 17 3 9 19 12 23 0
2153
3 17 16 21 13 14 10 24 6 18 15 26 22 7 27 5 11 8 4 25 28 2 1 20 0 23 12 9 19
2151
18 10 14 13 21 16 17 3 9 19 1 20 12 23 0 4 28 2 25 8 11 5 27 7 22 26 15 24 6
2283
2 28 25 8 4 5 11 27 0 20 12 23 7 26 22 15 24 6 18 10 13 21 16 17 14 3 9 19 1
2144
3 19 9 12 23 0 20 1 2 28 25 4 8 11 5 27 7 22 26 15 18 6 24 10 14 13 21 16 17
2151
19 1 20 4 25 2 28 8 11 5 27 0 12 23 7 26 22 6 24 15 18 14 10 21 16 13 17 3 9
2137
25 4 8 11 5 27 7 22 26 15 24 6 18 10 14 13 21 16 17 3 19 9 12 23 0 20 1 28 2
2163
15 26 22 7 27 11 5 0 23 12 20 4 8 25 28 2 1 19 9 3 17 16 13 21 10 14 18 6 24
2222
22 26 7 27 5 11 8 4 25 28 2 1 20 0 23 12 9 19 3 17 13 16 21 10 14 18 6 24 15
2132
27 7 26 22 6 24 15 18 10 14 13 21 16 17 3 9 19 12 23 0 20 1 2 28 25 4 8 11 5
2115
11 8 4 25 2 28 1 19 9 3 17 16 13 21 10 14 18 6 24 15 22 26 7 23 12 20 0 27 5
2124
11 5 27 0 20 12 23 7 22 26 15 18 6 24 10 14 13 21 16 17 3 9 19 1 2 28 25 4 8
2137
21 13 10 14 18 15 24 6 22 26 7 27 5 11 8 4 25 28 2 1 20 0 23 12 9 19 3 17 16
2113
18 14 10 21 13 16 17 3 19 9 12 23 0 20 1 2 28 25 4 8 11 5 27 7 22 26 15 24 6
2132
5 27 7 26 22 6 24 15 18 14 10 21 16 13 17 3 9 19 12 23 0 20 1 2 28 25 4 8 11
2094
10 21 13 16 17 14 3 9 19 1 20 12 23 0 4 25 2 28 8 11 5 27 7 26 22 6 24 15 18
2187
11 5 27 0 20 12 23 7 22 26 15 24 6 18 14 10 21 13 16 17 3 9 19 1 2 28 25 4 8
2118
9 3 17 16 21 13 14 10 18 15 24 6 22 26 7 27 5 4 2 28 25 8 11 0 23 12 20 1 19
2255
13 21 16 17 19 9 12 23 0 20 1 2 28 25 4 8 11 5 27 7 26 22 15 24 6 18 3 14 10
2177
10 21 13 16 17 14 3 19 9 12 23 0 20 1 2 28 25 4 8 11 5 27 7 26 22 15 18 24 6
2094
11 8 25 28 2 1 19 9 3 17 16 21 13 14 10 18 15 24 6 22 26 7 23 12 20 4 5 27 0
2209
8 11 5 27 0 7 22 26 23 12 15 24 6 18 3 14 10 13 21 16 17 9 19 20 1 2 28 25 4
2174
27 5 11 8 4 25 28 2 1 20 19 9 3 17 16 13 21 10 14 18 6 24 15 12 23 26 22 7 0
2104
10 21 16 13 17 14 3 9 19 1 20 28 2 25 4 8 11 5 27 0 12 23 7 22 26 15 18 6 24
2119
10 21 13 16 17 14 3 19 9 12 23 0 20 1 2 28 25 4 8 11 5 27 7 22 26 15 18 6 24
2096
8 11 5 27 7 26 22 6 24 15 18 10 14 13 21 16 17 3 9 19 12 23 0 20 1 2 28 25 4
2115
9 19 3 17 16 21 13 10 14 18 15 24 6 22 26 7 27 5 11 8 4 25 28 2 1 20 0 23 12
2113
17 16 21 13 14 10 24 6 18 15 26 22 7 23 12 0 27 5 11 8 25 2 28 4 20 1 19 9 3
2195
21 13 16 17 3 19 9 12 23 0 20 1 2 28 25 4 8 11 5 27 7 22 26 15 24 6 18 14 10
2132
28 2 25 4 8 11 5 27 0 7 22 26 23 15 12 18 24 6 14 10 13 21 16 17 3 9 19 20 1
2179
13 10 14 18 15 24 6 22 26 7 23 12 0 27 5 11 8 28 2 25 4 20 1 19 9 3 17 16 21
2156
21 13 14 10 18 6 24 15 22 26 7 27 5 11 8 4 25 28 2 1 20 0 23 12 19 9 3 17 16
2153
14 13 21 16 17 3 19 9 12 23 0 20 1 2 28 25 4 8 11 5 27 7 22 26 15 18 6 24 10
2151
0 20 12 23 7 26 22 6 24 15 18 14 10 13 21 16 17 3 9 19 1 2 28 25 4 8 11 5 27
2099
13 21 16 17 3 19 9 12 23 0 20 1 2 28 25 4 8 11 5 27 7 26 22 6 24 15 18 10 14
2115
25 28 2 1 19 9 3 17 16 21 13 10 14 18 6 24 15 22 26 7 23 12 20 0 27 11 5 4 8
2176
27 0 7 22 26 23 12 15 18 6 24 14 10 21 16 13 17 3 9 19 20 1 2 28 25 4 8 11 5
2149
25 8 11 27 0 5 4 20 12 23 7 22 26 15 18 6 24 10 14 13 21 16 17 3 9 19 1 2 28
2244
26 22 6 24 15 18 14 10 13 21 16 17 3 19 9 12 23 0 20 1 2 28 25 4 8 11 5 27 7
2113
24 15 18 14 10 13 21 16 17 3 19 9 12 23 0 20 1 2 28 25 4 8 11 5 27 7 26 22 6
2113
15 24 6 18 14 10 21 13 16 17 3 19 9 12 23 0 20 1 2 28 25 4 8 11 5 27 7 26 22
2130
19 3 17 16 13 21 10 14 18 6 24 15 26 22 7 27 5 11 8 4 25 28 2 1 20 0 23 12 9
2132
3 19 9 12 23 0 20 1 2 28 25 4 8 11 5 27 7 26 22 6 24 15 18 10 14 13 21 16 17
2115
28 2 1 20 0 23 12 9 19 3 17 16 21 13 10 14 18 15 24 6 22 26 7 27 11 5 4 8 25
2152
9 3 17 16 21 13 14 10 18 6 24 15 22 26 7 27 5 11 8 4 25 28 2 1 20 0 23 12 19
2153
16 21 13 10 14 18 15 24 6 22 26 7 27 5 11 8 4 25 28 2 1 20 0 23 12 9 19 3 17
2113
1 20 0 23 12 19 9 3 17 13 16 21 10 14 18 6 24 15 26 22 7 27 5 4 11 8 25 28 2
2221
24 6 22 26 7 27 11 5 0 23 12 20 4 8 25 28 2 1 19 9 3 17 13 16 21 10 14 18 15
2184
18 6 24 15 26 22 7 27 5 11 8 4 25 28 2 1 20 0 23 12 9 19 3 17 16 13 21 10 14
2132
10 21 13 16 17 14 3 9 19 1 20 12 23 0 28 2 25 4 8 11 5 27 7 22 26 15 18 24 6
2201
6 18 14 10 21 16 13 17 3 9 19 1 20 12 23 0 4 2 28 25 8 11 5 27 7 22 26 15 24
2259
16 17 3 9 19 1 20 12 23 0 5 4 28 2 25 8 11 27 7 22 26 15 18 6 24 10 14 13 21
2293
28 2 1 19 9 3 17 16 21 13 14 10 6 24 18 12 15 23 26 22 7 27 0 20 4 5 11 8 25
2168
12 23 0 4 2 28 25 8 11 5 27 7 26 22 6 24 15 18 14 10 21 13 16 17 3 9 19 1 20
2217
14 18 23 1 20 4 28 2 25 8 11 5 27 0 7 26 22 15 24 6 10 21 13 16 17 19 9 12 3
2352
24 15 18 14 10 13 21 16 17 3 19 9 12 23 0 20 1 2 28 25 4 8 11 5 27 7 26 22 6
2113
9 19 1 20 12 23 0 4 2 28 25 8 11 5 27 7 22 26 15 18 6 24 10 14 13 21 16 17 3
2276
1 2 28 25 8 11 5 4 20 12 23 0 27 7 26 22 15 24 6 18 17 16 13 21 10 14 3 9 19
2185
2 4 20 1 19 9 14 10 13 21 16 17 3 12 18 6 24 15 23 26 22 7 0 27 5 11 8 25 28
2216
24 10 14 13 21 16 17 3 19 9 12 23 0 20 1 2 28 25 4 8 11 5 27 7 22 26 15 18 6
2151
4 25 28 2 1 19 9 3 17 16 21 13 10 14 18 15 24 6 22 26 7 23 12 20 0 27 5 11 8
2099
14 18 15 24 6 22 26 7 27 5 11 8 28 2 25 4 0 23 12 20 1 19 9 3 17 16 21 13 10
2240
27 0 20 12 23 7 22 26 15 24 6 18 14 10 21 13 16 17 3 9 19 1 2 28 25 4 8 11 5
2118
28 2 25 4 8 11 5 27 0 7 22 26 23 12 15 24 6 18 14 10 21 16 13 17 3 9 19 20 1
2114
16 21 13 14 10 18 15 24 6 22 26 7 27 5 11 8 4 25 28 2 1 20 0 23 12 9 19 3 17
2115
19 12 23 0 20 1 2 28 25 4 8 11 5 27 7 26 22 15 24 6 18 10 14 13 21 16 17 3 9
2153
21 13 10 14 18 6 24 15 26 22 7 27 5 11 8 4 25 28 2 1 20 0 23 12 3 9 19 17 16
2193
23 12 9 19 3 17 16 21 13 14 10 24 6 18 15 26 22 7 27 5 11 8 4 25 28 2 1 20 0
2151
16 17 3 19 9 12 23 0 20 1 2 28 25 4 8 11 5 27 7 26 22 6 24 15 18 10 14 13 21
2115
4 8 25 28 2 1 20 19 9 14 3 17 16 13 21 10 6 24 18 12 15 23 26 22 7 0 27 5 11
2177
17 16 13 21 10 14 18 15 24 6 22 26 7 27 5 11 0 23 12 20 4 8 25 28 2 1 19 9 3
2183
4 8 11 5 27 0 20 23 7 22 26 15 12 18 24 6 10 14 13 21 16 17 3 9 19 1 2 28 25
2165
23 12 9 19 3 17 13 16 21 10 14 18 15 24 6 22 26 7 27 5 11 8 4 25 28 2 1 20 0
2094
7 27 4 28 2 25 8 11 5 0 23 12 20 1 19 9 3 17 16 21 13 10 14 18 15 24 6 22 26
2258
2 25 4 8 11 5 27 0 20 12 23 7 26 22 15 24 6 18 14 10 13 21 16 17 3 9 19 1 28
2145
0 7 22 26 23 15 12 6 24 18 14 10 21 16 13 17 3 9 19 20 1 2 28 25 4 8 11 5 27
2152
13 21 16 17 3 9 19 1 20 12 23 0 4 25 2 28 8 11 5 27 7 26 22 6 24 15 18 14 10
2240
28 2 1 20 4 0 23 12 9 19 3 17 16 13 21 10 14 18 6 24 15 26 22 7 27 5 11 8 25
2225
10 6 24 18 15 22 26 7 23 12 0 27 5 11 8 4 25 2 28 20 1 19 9 3 14 17 13 16 21
2117
15 18 6 24 10 14 13 21 16 17 3 9 19 1 20 12 23 0 4 2 28 25 8 11 5 27 7 22 26
2276
2 28 25 4 8 11 5 27 0 20 12 23 7 26 22 15 24 6 18 14 10 21 13 16 17 3 9 19 1
2116
17 19 9 3 12 23 0 20 1 2 28 25 4 8 11 5 27 7 22 26 15 24 6 18 14 10 13 21 16
2193
25 4 1 19 9 12 3 17 16 21 13 10 14 18 24 6 15 22 26 7 23 20 0 27 5 11 8 28 2
2261
22 7 27 5 11 8 4 25 28 2 1 20 0 23 12 9 19 3 17 16 13 21 10 14 18 6 24 15 26
2132
0 23 12 19 9 3 17 16 13 21 10 14 18 6 24 15 26 22 7 27 5 11 8 4 25 28 2 1 20
2132
9 3 17 16 21 13 14 10 18 15 24 6 22 26 7 23 12 0 27 5 11 8 25 2 28 4 20 1 19
2159
1 19 9 3 17 16 21 13 14 10 24 6 18 15 26 22 7 23 12 0 27 5 11 8 25 2 28 4 20
2195
23 0 20 1 2 28 25 4 8 11 5 27 7 26 22 6 24 15 18 10 14 13 21 16 17 3 19 9 12
2115
27 5 11 8 4 25 28 2 1 19 9 3 17 16 21 13 14 10 18 15 24 6 22 26 7 23 12 20 0
2101
24 15 18 14 10 21 16 13 17 3 19 9 12 23 0 20 1 2 28 25 4 8 11 5 27 7 26 22 6
2094
28 2 1 19 9 3 17 16 13 21 10 14 18 6 24 15 26 22 7 27 0 23 12 20 4 5 11 8 25
2179
12 23 0 20 1 2 28 25 4 8 11 5 27 7 26 22 6 24 15 18 14 10 13 21 16 17 3 19 9
2113
7 26 22 6 24 15 18 14 10 13 21 16 17 3 9 19 1 20 12 23 0 11 8 25 2 28 4 5 27
2256
4 25 2 28 1 20 0 23 12 19 9 3 17 16 21 13 10 14 18 6 24 15 26 22 7 27 5 11 8
2161
12 20 1 19 9 3 17 16 21 13 10 14 18 6 24 15 26 22 7 27 5 11 8 25 2 28 4 0 23
2281
11 8 25 28 2 1 20 4 5 27 7 26 22 6 24 15 18 14 10 13 21 16 17 3 9 19 12 23 0
2221
28 1 19 9 3 17 16 21 13 10 14 18 6 24 15 26 22 7 23 12 20 0 27 5 11 8 4 25 2
2147
19 3 17 16 13 21 10 14 18 15 24 6 22 26 7 27 5 11 8 4 25 28 2 1 20 0 23 12 9
2092
23 0 20 1 2 28 25 4 8 11 5 27 7 26 22 6 24 15 18 14 10 13 21 16 17 3 19 9 12
2113
26 15 24 6 18 10 14 13 21 16 17 3 9 19 1 20 12 23 0 4 28 2 25 8 11 5 27 7 22
2283
3 17 13 16 21 10 14 18 15 24 6 22 26 7 27 5 11 8 4 25 28 2 1 20 0 23 12 9 19
2094
21 13 14 10 18 6 24 15 26 22 7 27 5 11 8 4 25 28 2 1 20 0 23 12 19 9 3 17 16
2155
11 8 4 25 2 28 1 20 19 9 17 13 16 21 10 14 3 12 18 6 24 15 23 26 22 7 0 27 5
2168
13 14 10 18 6 24 15 22 26 7 27 5 11 8 4 25 28 2 1 20 0 23 12 19 9 3 17 16 21
2153
4 8 11 5 27 7 26 22 15 24 6 18 14 10 21 13 16 17 3 19 9 12 23 0 20 1 28 2 25
2138
2 1 19 9 3 17 16 13 21 10 14 18 6 24 15 26 22 7 27 0 23 12 20 4 5 11 8 25 28
2179
23 0 20 1 2 28 25 4 8 11 5 27 7 26 22 6 24 15 18 14 10 13 21 16 17 3 19 9 12
2113
16 17 19 9 12 23 0 20 1 2 28 25 4 8 11 5 27 7 26 22 15 24 6 10 18 3 14 13 21
2204
21 13 14 10 24 6 18 15 26 22 7 27 5 11 8 4 25 28 2 1 20 0 23 12 9 19 3 17 16
2151
27 5 11 8 4 25 28 2 1 20 0 23 12 19 9 3 17 13 16 21 10 14 18 15 24 6 22 26 7
2094
24 15 26 22 7 27 5 11 8 4 25 2 28 0 23 12 20 1 19 9 3 17 16 13 21 10 14 18 6
2237
23 12 20 1 19 9 3 17 16 21 13 14 10 18 6 24 15 26 22 7 27 5 11 8 25 28 2 4 0
2280
18 15 24 6 22 26 7 27 11 5 0 23 12 20 4 8 25 28 2 1 19 9 3 17 13 16 21 10 14
2184
26 15 24 6 18 14 10 21 13 16 17 3 9 19 1 20 12 23 0 5 4 2 28 25 8 11 27 7 22
2271
24 15 22 26 7 27 5 11 8 4 25 28 2 1 20 0 23 12 9 19 3 17 13 16 21 10 14 18 6
2132
19 9 12 23 0 20 1 2 28 25 4 8 11 5 27 7 26 22 6 24 15 18 14 10 13 21 16 17 3
2113
14 18 6 24 15 26 22 7 27 11 5 0 23 12 20 4 8 25 28 2 1 19 9 3 17 16 13 21 10
2222
4 25 28 2 1 19 9 3 17 16 21 13 10 14 18 15 24 6 22 26 7 23 12 20 0 27 5 11 8
2099
3 12 9 19 17 16 21 13 14 10 6 24 15 26 22 7 0 27 5 11 8 4 25 28 2 1 20 23 18
2289
2 28 1 20 19 9 3 10 13 21 16 17 14 12 18 6 24 15 23 26 22 7 0 27 5 11 8 4 25
2196
27 7 22 26 15 24 6 18 14 10 21 13 16 17 3 9 19 12 23 0 20 1 2 28 25 4 8 11 5
2132
1 20 12 23 0 4 25 2 28 8 11 5 27 7 26 22 6 24 15 18 14 10 13 21 16 17 3 9 19
2240
16 17 3 9 19 12 23 0 20 1 2 28 25 4 8 11 5 27 7 26 22 15 24 6 18 14 10 13 21
2151
14 10 18 15 24 6 22 26 7 23 12 0 27 5 11 8 28 2 25 4 20 1 19 9 3 17 16 21 13
2158
6 24 15 26 22 7 0 27 5 11 8 28 2 25 4 20 1 23 12 9 19 3 17 16 13 21 10 14 18
2245
1 19 9 3 17 16 21 13 14 10 18 6 24 15 26 22 7 27 5 11 8 25 2 28 4 0 23 12 20
2283
22 7 27 5 11 8 4 25 2 28 0 23 12 20 1 19 9 3 17 16 21 13 14 10 18 6 24 15 26
2260
21 16 17 3 19 9 12 23 0 20 1 2 28 25 4 8 11 5 27 7 22 26 15 18 6 24 10 14 13
2151
8 11 27 7 22 26 15 24 6 18 14 10 21 13 16 17 3 19 9 12 23 0 5 4 20 1 2 28 25
2239
23 12 20 1 19 9 3 17 16 21 13 14 10 24 6 18 15 26 22 7 27 5 11 8 25 28 2 4 0
2276
13 21 16 17 3 9 19 1 20 12 23 0 4 28 2 25 8 11 5 27 7 26 22 6 24 15 18 10 14
2243
24 6 22 26 7 27 5 11 8 28 2 25 4 0 23 12 20 1 19 9 3 17 16 21 13 10 14 18 15
2240
11 5 27 0 20 12 23 7 26 22 6 24 15 18 14 10 21 13 16 17 3 9 19 1 2 28 25 4 8
2078
2 25 4 8 11 5 27 0 7 22 26 23 15 24 6 18 10 14 13 21 16 17 3 12 9 19 20 1 28
2142
3 17 16 21 13 14 10 18 6 24 15 26 22 7 27 5 11 8 4 25 2 28 0 23 12 20 1 19 9
2260
4 8 25 28 2 1 20 19 9 3 17 16 13 21 10 14 18 6 24 15 12 23 26 22 7 0 27 11 5
2143
2 25 8 11 5 4 20 12 23 0 27 7 22 26 15 24 6 18 10 13 21 16 17 14 3 9 19 1 28
2176
6 18 14 10 21 13 16 17 3 9 19 1 20 12 23 0 5 11 8 28 2 25 4 27 7 22 26 15 24
2276
8 11 5 27 0 20 12 23 7 26 22 15 24 6 18 14 10 21 16 13 17 3 9 19 1 28 2 25 4
2126
15 18 14 10 21 16 13 17 3 19 9 12 23 0 20 1 2 28 25 4 8 11 5 27 7 26 22 6 24
2094
2 25 8 11 0 23 12 9 19 3 14 17 16 21 13 10 18 6 24 15 26 22 7 27 5 4 20 1 28
2237
13 10 14 18 15 24 6 22 26 7 27 5 11 8 25 2 28 4 0 23 12 20 1 19 9 3 17 16 21
2241
20 0 23 12 9 19 3 17 16 21 13 14 10 18 6 24 15 26 22 7 27 5 11 8 25 28 2 1 4
2235
27 5 11 8 4 25 28 2 1 19 9 3 17 16 13 21 10 14 18 6 24 15 22 26 7 23 12 20 0
2116
9 19 1 20 12 23 0 28 2 25 4 8 11 5 27 7 22 26 15 24 6 18 14 10 13 21 16 17 3
2258
22 26 7 27 5 11 8 4 25 28 2 1 20 0 23 12 9 19 3 17 13 16 21 10 14 18 6 24 15
2132
13 14 10 18 6 24 15 22 26 7 27 5 11 8 4 25 28 2 1 20 0 23 12 19 9 3 17 16 21
2153
27 0 7 12 15 23 26 22 6 24 18 3 14 10 13 21 16 17 9 19 20 1 2 28 25 4 8 11 5
2176
11 5 27 0 20 12 23 7 22 26 15 24 6 18 14 10 21 16 13 17 3 9 19 1 28 2 25 4 8
2128
1 19 9 3 17 16 21 13 14 10 24 6 18 15 26 22 7 23 12 0 27 5 11 8 25 2 28 4 20
2195
20 1 19 9 18 24 6 14 10 13 21 16 17 3 12 15 23 26 22 7 0 27 5 11 8 25 28 2 4
2263
6 24 15 18 10 14 13 21 16 17 3 9 19 1 20 12 23 0 5 11 8 28 2 25 4 27 7 26 22
2259
4 25 28 2 1 20 0 23 12 9 19 3 17 16 21 13 10 14 18 15 24 6 22 26 7 27 5 11 8
2113
12 23 0 20 1 2 28 25 4 8 11 5 27 7 22 26 15 18 6 24 10 14 13 21 16 17 3 19 9
2151
14 10 13 21 16 17 3 19 9 12 23 0 20 1 2 28 25 4 8 11 5 27 7 26 22 6 24 15 18
2113
23 12 0 27 5 11 8 25 2 28 4 20 1 19 9 3 17 16 21 13 14 10 24 6 18 15 26 22 7
2195
26 7 27 11 5 8 28 2 25 4 0 23 12 20 1 19 9 3 17 13 16 21 10 14 18 15 24 6 22
2256
25 2 28 1 20 0 23 12 9 19 3 17 16 21 13 10 14 18 6 24 15 22 26 7 27 5 11 8 4
2159
6 24 15 26 22 7 23 12 0 27 5 11 8 4 25 2 28 20 1 19 9 3 17 16 21 13 14 10 18
2176
12 9 19 3 17 16 13 21 10 14 18 6 24 15 26 22 7 27 5 11 8 4 25 28 2 1 20 0 23
2132
19 9 12 23 0 20 1 2 28 25 4 8 11 5 27 7 22 26 15 24 6 10 18 3 14 13 21 16 17
2206
26 15 24 6 18 14 10 21 13 16 17 3 9 19 1 20 12 23 0 4 2 28 25 8 11 5 27 7 22
2257
13 21 16 17 3 9 19 12 23 0 20 1 2 28 25 4 8 11 5 27 7 22 26 15 24 6 18 10 14
2155
26 7 23 12 0 27 5 11 8 28 2 25 4 20 1 19 9 3 17 16 21 13 14 10 18 15 24 6 22
2158
26 15 24 6 18 14 10 21 13 16 17 3 19 9 12 23 0 20 1 2 28 25 4 8 11 5 27 7 22
2132
20 1 19 9 3 17 16 21 13 10 14 18 6 24 15 26 22 7 23 12 0 27 5 11 8 4 25 2 28
2174
16 21 13 14 10 18 15 24 6 22 26 7 27 5 11 8 4 25 28 2 1 20 0 23 12 9 19 3 17
2115
15 26 22 7 27 5 11 8 4 25 2 28 0 23 12 20 1 19 9 3 17 16 13 21 10 14 18 6 24
2237
1 20 4 25 2 28 8 11 5 27 0 12 23 7 26 22 6 24 15 18 14 10 21 16 13 17 3 9 19
2137
19 9 12 23 0 20 1 2 28 25 4 8 11 5 27 7 26 22 6 24 15 18 14 10 13 21 16 17 3
2113
19 9 12 23 0 20 1 2 28 25 4 8 11 5 27 7 26 22 6 24 15 18 14 10 13 21 16 17 3
2113
22 26 7 27 5 11 8 4 25 28 2 1 20 0 23 12 9 19 3 17 16 13 21 10 14 18 6 24 15
2130
3 19 9 12 23 0 20 1 2 28 25 4 8 11 5 27 7 22 26 15 24 6 18 14 10 21 13 16 17
2132
28 25 4 8 11 5 27 0 20 12 23 7 22 26 15 24 6 18 14 10 13 21 16 17 3 9 19 1 2
2139
13 21 16 17 3 19 9 12 23 0 20 1 2 28 25 4 8 11 5 27 7 22 26 15 18 6 24 10 14
2151
27 5 11 8 4 25 28 2 1 20 19 9 3 17 16 13 21 10 14 12 18 6 24 15 23 26 22 7 0
2159
10 21 16 13 17 14 3 19 9 12 23 0 1 20 4 2 28 25 8 11 5 27 7 22 26 15 18 24 6
2197
16 17 3 19 9 12 23 0 20 1 2 28 25 4 8 11 5 27 7 26 22 6 24 15 18 10 14 13 21
2115
16 21 13 10 14 18 6 24 15 22 26 7 27 5 11 8 4 25 28 2 1 20 0 23 12 3 9 19 17
2191
6 24 10 14 13 21 16 17 3 19 9 12 23 0 20 1 2 28 25 4 8 11 5 27 7 22 26 15 18
2151
21 16 17 3 19 9 12 23 0 20 1 2 28 25 4 8 11 5 27 7 26 22 6 24 15 18 14 10 13
2113
0 27 5 11 8 4 25 28 2 1 20 19 9 3 17 16 13 21 10 14 12 18 6 24 15 23 26 22 7
2159
17 16 13 21 10 14 18 6 24 15 26 22 7 27 5 11 8 4 25 28 2 1 20 0 23 12 9 19 3
2132
2 1 20 4 19 9 18 6 24 10 13 21 16 17 14 3 12 15 23 26 22 7 0 27 5 11 8 25 28
2249
7 22 26 15 24 6 18 14 10 21 16 13 17 3 9 19 1 20 12 23 0 28 2 25 4 8 11 5 27
2239
16 21 13 10 14 18 15 24 6 22 26 7 27 11 5 0 23 12 20 4 8 25 28 2 1 19 9 3 17
2203
3 17 16 21 13 14 10 18 15 24 6 22 26 7 27 5 11 8 4 25 28 2 1 20 0 23 12 9 19
2115
15 24 6 18 14 10 21 13 16 17 3 9 19 1 20 12 23 0 5 4 25 2 28 8 11 27 7 26 22
2271
21 13 10 14 18 15 24 6 22 26 7 27 5 11 8 4 25 28 2 1 20 0 23 12 9 19 3 17 16
2113
28 1 19 9 18 6 24 10 14 13 21 16 17 3 12 15 22 26 7 23 20 0 27 5 11 8 4 25 2
2227
26 7 27 5 11 8 25 2 28 4 0 23 12 20 1 19 9 3 17 13 16 21 10 14 18 15 24 6 22
2222
13 10 14 18 6 24 15 26 22 7 27 11 5 8 28 2 25 4 20 1 0 23 3 12 9 19 17 16 21
2405
8 4 25 28 2 1 19 9 3 14 10 13 21 16 17 18 6 24 15 22 26 7 23 12 20 0 27 5 11
2145
9 19 3 17 16 21 13 10 14 18 15 24 6 22 26 7 27 5 11 8 4 25 28 2 1 20 0 23 12
2113
4 8 25 28 2 1 20 19 9 3 14 10 21 13 16 17 12 18 6 24 15 23 26 22 7 0 27 11 5
2198
2 28 25 8 11 5 27 0 7 22 26 23 15 12 18 6 24 10 13 21 16 17 14 3 9 19 4 20 1
2193
11 8 4 25 28 2 1 20 19 9 12 3 17 16 21 13 10 14 18 6 24 15 23 26 22 7 0 27 5
2132
9 19 3 17 16 21 13 14 10 18 15 24 6 22 26 7 27 5 11 8 4 25 28 2 1 20 0 23 12
2115
18 14 10 21 13 16 17 3 19 9 12 23 0 20 1 2 28 25 4 8 11 5 27 7 26 22 15 24 6
2130
11 5 27 0 7 22 26 23 12 15 24 6 18 14 10 21 16 13 17 3 9 19 20 1 2 28 25 4 8
2106
7 26 22 6 24 15 18 10 14 13 21 16 17 3 19 9 12 23 0 20 1 2 28 25 4 8 11 5 27
2115
15 26 22 7 27 5 11 8 4 25 28 2 1 20 0 23 12 9 19 3 17 16 13 21 10 14 18 6 24
2132
1 2 28 25 8 4 5 11 27 7 26 22 6 24 15 18 14 10 13 21 16 17 3 9 19 12 23 0 20
2152
12 23 0 11 5 27 7 22 26 15 18 6 24 10 14 13 21 16 17 3 9 19 1 2 28 25 8 4 20
2242
8 11 5 27 0 7 22 26 23 12 15 24 6 18 14 10 21 13 16 17 3 9 19 20 1 2 28 25 4
2104
26 22 7 27 5 11 8 4 25 28 2 1 20 0 23 12 9 19 3 17 16 13 21 10 14 18 6 24 15
2132
10 21 16 13 17 14 3 9 19 1 20 4 2 28 25 8 11 5 27 0 12 23 7 22 26 15 18 24 6
2139
19 9 3 12 23 0 20 1 2 28 25 4 8 11 5 27 7 22 26 15 24 6 18 14 10 13 21 16 17
2193
2 25 8 4 5 11 27 7 22 26 15 24 6 18 10 13 21 16 17 14 3 19 9 12 23 0 20 1 28
2168
28 2 25 4 8 11 5 27 0 20 12 23 7 26 22 15 24 6 18 10 14 13 21 16 17 3 9 19 1
2147
12 9 19 3 17 16 13 21 10 14 18 15 24 6 22 26 7 27 5 11 8 4 25 28 2 1 20 0 23
2092
4 25 28 2 1 20 19 9 3 17 16 13 21 10 14 18 24 6 22 26 23 15 12 7 0 27 5 11 8
2106
15 26 22 7 27 5 11 8 25 28 2 4 0 23 12 20 1 19 9 3 17 16 13 21 10 14 18 6 24
2257
4 8 25 28 2 1 19 9 3 17 16 21 13 14 10 18 15 24 6 22 26 7 23 12 20 0 27 11 5
2140
10 21 13 16 17 14 3 9 19 1 2 28 25 8 4 20 12 23 0 5 11 27 7 26 22 15 18 6 24
2184
16 21 13 14 10 24 6 18 15 26 22 7 27 5 11 8 4 25 28 2 1 20 0 23 12 9 19 3 17
2151
23 0 4 2 28 25 8 11 5 27 7 22 26 15 18 6 24 10 14 13 21 16 17 3 9 19 1 20 12
2276
14 18 17 13 16 21 10 6 24 15 22 26 7 27 5 11 8 4 25 28 2 1 20 0 23 12 19 9 3
2165
6 22 26 7 27 11 5 8 28 2 25 4 0 23 12 20 1 19 9 3 17 16 13 21 10 14 18 15 24
2254
11 5 27 0 7 22 26 23 12 15 18 24 6 10 14 13 21 16 17 3 9 19 20 1 2 28 25 4 8
2123
4 5 0 23 12 19 9 3 17 16 13 21 10 14 18 6 24 15 22 26 7 27 11 8 25 28 2 1 20
2237
28 2 25 4 8 11 5 27 0 20 12 23 7 22 26 15 24 6 18 14 10 21 13 16 17 3 9 19 1
2126
16 17 3 19 9 12 23 0 20 1 2 28 25 4 8 11 5 27 7 22 26 15 24 6 18 14 10 21 13
2132
19 17 13 16 21 10 14 18 6 24 15 22 26 7 27 0 5 11 8 4 25 28 2 1 20 23 12 3 9
2209
23 12 9 19 3 17 16 13 21 10 14 18 6 24 15 26 22 7 27 5 11 8 4 25 28 2 1 20 0
2132
12 23 0 20 1 2 28 25 4 8 11 5 27 7 22 26 15 24 6 18 14 10 21 13 16 17 3 19 9
2132
6 24 15 26 22 7 0 27 5 11 8 25 2 28 4 20 1 23 12 9 19 3 17 13 16 21 10 14 18
2248
11 5 27 7 22 26 15 18 6 24 10 14 13 21 16 17 3 19 9 12 23 0 20 1 2 28 25 4 8
2151
10 21 13 16 17 14 3 9 19 1 20 12 23 0 5 4 2 28 25 8 11 27 7 22 26 15 18 24 6
2235
10 21 16 13 17 14 3 19 9 12 23 0 20 1 2 28 25 4 8 11 5 27 7 22 26 15 18 6 24
2098
4 2 28 25 8 11 5 27 0 7 22 26 23 15 12 18 6 24 10 14 13 21 16 17 3 9 19 1 20
2162
28 2 4 20 1 19 9 3 17 13 16 21 10 14 12 18 6 24 15 23 26 22 7 0 27 5 11 8 25
2197
28 2 1 19 9 3 14 10 13 21 16 17 18 6 24 15 22 26 7 23 12 20 4 5 27 0 11 8 25
2253
17 19 9 3 12 23 0 20 1 2 28 25 4 8 11 5 27 7 26 22 15 24 6 18 10 14 13 21 16
2193
25 28 2 1 20 19 9 3 17 16 21 13 14 10 24 6 18 12 15 23 26 22 7 0 27 11 5 4 8
2165
12 9 19 3 17 16 21 13 14 10 18 15 24 6 22 26 7 27 5 11 8 4 25 28 2 1 20 0 23
2115
16 21 13 14 10 18 6 24 15 22 26 7 27 5 11 8 4 25 28 2 1 20 0 23 12 19 9 3 17
2153
25 8 11 5 4 20 12 23 0 27 7 22 26 15 24 6 18 14 10 21 16 13 17 3 9 19 1 2 28
2181
2 4 20 1 19 9 3 10 13 21 16 17 14 18 6 24 15 12 26 22 7 23 0 27 5 11 8 25 28
2206
24 6 18 14 10 13 21 16 17 3 9 19 1 20 12 23 0 4 25 2 28 8 11 5 27 7 22 26 15
2280
26 15 24 6 18 14 10 21 13 16 17 3 19 9 12 23 0 20 1 2 28 25 4 8 11 5 27 7 22
2132
16 17 3 9 19 12 23 0 20 1 2 28 25 4 8 11 5 27 7 22 26 15 24 6 18 14 10 13 21
2153
16 17 19 9 3 12 23 0 20 1 2 28 25 4 8 11 5 27 7 22 26 15 24 6 18 10 14 13 21
2195
20 1 19 9 3 17 16 21 13 14 10 24 6 18 15 26 22 7 27 5 11 8 25 2 28 4 0 23 12
2279
25 28 2 1 20 19 9 3 17 16 21 13 10 14 12 18 6 24 15 23 26 22 7 0 27 5 11 8 4
2180
2 28 1 20 0 23 12 9 19 3 10 13 21 16 17 14 18 6 24 15 26 22 7 27 5 11 8 4 25
2169
3 17 16 21 13 14 10 18 15 24 6 22 26 7 27 5 11 8 25 2 28 4 0 23 12 20 1 19 9
2243
22 26 15 24 6 18 14 10 13 21 16 17 3 9 19 1 20 12 23 0 4 25 2 28 8 11 5 27 7
2280
8 11 5 27 0 20 12 23 7 26 22 15 24 6 18 3 14 10 13 21 16 17 9 19 1 28 2 25 4
2194
6 18 15 26 22 7 27 5 11 8 4 25 28 2 1 20 0 23 12 9 19 3 17 16 21 13 14 10 24
2151
3 17 16 21 13 10 14 18 15 24 6 22 26 7 27 5 11 8 25 28 2 4 0 23 12 20 1 19 9
2238
8 11 5 27 7 22 26 15 24 6 18 14 10 21 16 13 17 3 19 9 12 23 0 20 1 28 2 25 4
2142
23 0 11 5 27 7 22 26 15 24 6 18 14 10 21 13 16 17 3 9 19 1 2 28 25 8 4 20 12
2223
12 9 19 3 17 16 21 13 14 10 24 6 18 15 26 22 7 27 5 11 8 4 25 28 2 1 20 0 23
2151
18 6 24 15 22 26 7 27 5 11 8 4 25 28 2 1 20 0 23 12 9 19 3 17 16 13 21 10 14
2130
4 8 11 5 27 0 7 22 26 23 15 12 24 6 18 14 10 13 21 16 17 3 9 19 20 1 28 2 25
2179
12 9 19 3 17 16 13 21 10 14 18 6 24 15 26 22 7 27 5 11 8 4 25 28 2 1 20 0 23
2132
6 24 10 14 13 21 16 17 3 19 9 12 23 0 20 1 2 28 25 4 8 11 5 27 7 22 26 15 18
2151
3 19 9 12 23 0 20 1 2 28 25 4 8 11 5 27 7 22 26 15 18 6 24 10 14 13 21 16 17
2151
21 16 17 3 9 19 12 23 0 20 1 2 28 25 4 8 11 5 27 7 26 22 15 24 6 18 14 10 13
2151
4 20 12 23 7 22 26 15 18 6 24 10 14 13 21 16 17 3 9 19 1 2 28 25 8 11 27 0 5
2244
16 17 3 9 19 1 20 4 25 2 28 8 11 5 27 0 12 23 7 26 22 6 24 15 18 10 14 13 21
2158
26 22 7 27 5 11 8 4 25 2 28 0 23 12 20 1 19 9 3 17 16 21 13 10 14 18 6 24 15
2258
18 6 24 15 26 22 7 23 12 0 27 5 11 8 4 25 2 28 20 1 19 9 3 17 16 13 21 10 14
2153
2 28 1 19 9 3 13 21 16 17 14 10 18 6 24 15 22 26 7 23 12 20 0 27 5 11 8 4 25
2155
17 3 19 9 12 23 0 20 1 2 28 25 4 8 11 5 27 7 26 22 6 24 15 18 10 14 13 21 16
2115
28 1 20 0 23 12 9 19 3 17 16 21 13 14 10 18 6 24 15 22 26 7 27 5 11 8 4 25 2
2161
15 24 6 18 14 10 21 13 16 17 3 19 9 12 23 0 20 1 2 28 25 4 8 11 5 27 7 22 26
2132
3 17 16 13 21 10 14 18 15 24 6 22 26 7 27 5 11 8 4 25 28 2 1 20 0 23 12 9 19
2092
5 27 0 20 12 23 7 26 22 6 24 15 18 10 14 13 21 16 17 3 9 19 1 2 28 25 4 8 11
2101
20 0 23 12 19 9 3 17 16 21 13 10 14 18 15 24 6 22 26 7 27 11 5 4 8 25 28 2 1
2152
0 20 1 2 28 25 4 8 11 5 27 7 26 22 6 24 15 18 14 10 21 13 16 17 3 19 9 12 23
2092
2 25 4 8 11 5 27 7 26 22 15 24 6 18 14 10 13 21 16 17 3 9 19 12 23 0 20 1 28
2159
18 15 24 6 22 26 7 27 5 11 8 4 25 28 2 1 20 0 23 12 9 19 3 17 16 13 21 10 14
2092
4 11 8 25 28 2 1 20 0 23 12 9 19 3 17 16 21 13 10 14 18 6 24 15 26 22 7 27 5
2240
2 28 25 4 8 5 11 27 0 20 12 23 7 22 26 15 24 6 18 10 14 13 21 16 17 3 9 19 1
2176
2 28 1 20 19 9 18 24 6 14 10 21 13 16 17 3 12 15 23 26 22 7 0 27 5 11 8 4 25
2214
3 17 16 21 13 10 14 18 15 24 6 22 26 7 27 5 11 8 4 25 28 2 1 20 0 23 12 9 19
2113
9 19 17 16 21 13 10 14 18 6 24 15 22 26 7 27 5 11 8 4 25 28 2 1 20 0 23 12 3
2191
21 13 14 10 24 6 18 15 26 22 7 27 5 11 8 4 25 28 2 1 20 0 23 12 9 19 3 17 16
2151
8 4 25 2 28 1 20 19 9 17 16 21 13 10 14 3 18 6 24 12 15 23 26 22 7 0 27 5 11
2228
4 25 28 2 1 20 0 23 12 9 19 3 17 13 16 21 10 14 18 6 24 15 26 22 7 27 5 11 8
2134
22 7 27 5 11 8 4 25 28 2 1 20 0 23 12 9 19 3 17 16 21 13 14 10 24 6 18 15 26
2151
12 23 0 20 1 2 28 25 4 8 11 5 27 7 26 22 6 24 15 18 10 14 13 21 16 17 3 19 9
2115
1 19 9 3 17 16 13 21 10 14 18 15 24 6 22 26 7 27 5 11 8 25 28 2 4 0 23 12 20
2217
22 7 27 5 11 8 4 25 2 28 0 23 12 20 1 19 9 3 17 16 13 21 10 14 18 6 24 15 26
2237
13 14 10 24 6 18 15 26 22 7 27 5 11 8 25 28 2 4 0 23 12 20 1 19 9 3 17 16 21
2276
6 24 15 18 14 10 13 21 16 17 3 9 19 1 20 12 23 0 4 25 2 28 8 11 5 27 7 26 22
2240
16 21 13 10 14 18 15 24 6 22 26 7 27 5 11 8 28 2 25 4 0 23 12 20 1 19 9 3 17
2240
7 22 26 15 24 6 18 14 10 21 16 13 17 3 9 19 1 20 12 23 0 4 2 28 25 8 11 5 27
2259
7 27 5 11 8 4 25 28 2 1 20 0 23 12 9 19 3 17 16 21 13 14 10 18 15 24 6 22 26
2115
2 1 19 9 3 17 16 13 21 10 14 18 6 24 15 26 22 7 23 12 20 4 5 0 27 11 8 25 28
2225
15 26 22 7 27 5 11 8 4 25 28 2 1 20 0 23 12 9 19 3 17 16 21 13 14 10 24 6 18
2151
7 27 5 4 2 28 25 8 11 0 23 12 20 1 19 9 3 17 16 21 13 14 10 18 15 24 6 22 26
2255
27 5 11 8 4 25 28 2 1 20 0 23 12 9 19 3 17 16 13 21 10 14 18 15 24 6 22 26 7
2092
1 19 9 3 17 16 21 13 14 10 24 6 18 15 26 22 7 27 5 11 8 25 2 28 4 0 23 12 20
2279
13 21 16 17 3 9 19 1 20 4 25 2 28 8 11 5 27 0 12 23 7 26 22 6 24 15 18 14 10
2156
23 12 20 1 19 9 3 17 16 21 13 14 10 18 15 24 6 22 26 7 27 11 8 28 2 25 4 5 0
2256
25 4 8 11 5 27 0 23 7 26 22 15 12 18 6 24 10 14 13 21 16 17 3 9 19 20 1 28 2
2132
7 26 22 6 24 15 18 10 14 13 21 16 17 3 9 19 1 20 12 23 0 4 25 2 28 8 11 5 27
2242
0 27 5 11 8 4 25 28 2 1 20 19 9 3 17 16 21 13 14 10 6 24 18 12 15 23 26 22 7
2126
24 10 14 13 21 16 17 3 19 9 12 23 0 20 1 2 28 25 4 8 11 5 27 7 22 26 15 18 6
2151
9 19 12 23 0 20 1 2 28 25 4 8 11 5 27 7 22 26 15 24 6 18 10 14 13 21 16 17 3
2155
23 12 20 1 19 9 3 17 16 21 13 10 14 18 6 24 15 26 22 7 27 5 11 8 4 25 2 28 0
2258
17 3 9 19 1 20 12 23 0 4 2 28 25 8 11 5 27 7 22 26 15 24 6 18 14 10 21 13 16
2257
27 5 11 8 4 25 28 2 1 20 19 9 12 3 17 16 21 13 10 14 18 6 24 15 22 26 23 7 0
2137
18 15 24 6 22 26 7 27 5 11 8 4 25 28 2 1 20 0 23 12 9 19 3 17 16 21 13 10 14
2113
6 24 15 18 14 10 13 21 16 17 3 9 19 1 20 12 23 0 11 8 28 2 25 4 5 27 7 26 22
2255
28 2 1 19 9 3 17 16 13 21 10 14 18 6 24 15 26 22 7 23 12 0 27 20 4 5 11 8 25
2206
13 10 14 18 6 24 15 26 22 7 27 5 11 8 4 25 28 2 1 20 0 23 12 19 9 3 17 16 21
2153
27 0 23 7 26 22 15 24 6 18 14 10 13 21 16 17 3 12 9 19 20 1 2 28 25 4 8 11 5
2130
3 17 16 13 21 10 14 18 6 24 15 26 22 7 27 5 11 8 28 2 25 4 0 23 12 20 1 19 9
2259
15 24 6 22 26 7 27 5 11 8 25 2 28 4 0 23 12 20 1 19 9 3 17 13 16 21 10 14 18
2222
1 20 12 23 0 4 28 2 25 8 11 5 27 7 22 26 15 18 6 24 10 14 13 21 16 17 3 9 19
2279
9 3 17 16 21 13 14 10 18 15 24 6 22 26 7 27 5 11 8 25 2 28 4 0 23 12 20 1 19
2243
0 27 5 11 8 4 25 28 2 1 19 9 3 17 16 13 21 10 14 18 6 24 15 26 22 7 23 12 20
2118
24 10 14 13 21 16 17 3 19 9 12 23 0 20 1 2 28 25 4 8 11 5 27 7 22 26 15 18 6
2151
6 24 15 26 22 7 23 12 0 27 5 11 8 4 25 2 28 20 1 19 9 3 17 16 13 21 10 14 18
2153
7 26 22 6 24 15 18 14 10 21 13 16 17 3 19 9 12 23 0 20 1 2 28 25 4 8 11 5 27
2092
24 15 26 22 7 27 5 4 28 2 25 8 11 0 23 12 20 1 19 9 3 17 16 13 21 10 14 18 6
2275
19 9 12 23 0 20 1 2 28 25 4 8 11 5 27 7 26 22 6 24 15 18 14 10 21 16 13 17 3
2094
6 24 15 22 26 7 27 5 11 8 25 28 2 4 20 1 0 23 12 9 19 3 17 16 21 13 10 14 18
2250
28 2 25 4 8 11 5 27 0 20 12 23 7 22 26 15 24 6 18 14 10 21 13 16 17 3 9 19 1
2126
10 18 15 24 6 22 26 7 27 5 11 8 4 25 28 2 1 20 0 23 12 9 19 3 14 17 16 13 21
2060
15 24 6 22 26 7 27 4 28 2 25 8 11 5 0 23 12 20 1 19 9 3 17 16 21 13 10 14 18
2258
10 21 13 16 17 14 3 9 19 1 20 12 23 0 4 28 2 25 8 11 5 27 7 22 26 15 18 6 24
2224
2 28 25 8 4 5 11 27 0 20 12 23 7 22 26 15 24 6 18 14 10 21 13 16 17 3 9 19 1
2157
8 4 25 28 2 1 20 19 9 3 17 13 16 21 10 14 18 24 6 22 26 23 15 12 7 0 27 5 11
2108
17 3 9 19 1 2 28 25 8 4 20 12 23 0 5 11 27 7 22 26 15 24 6 18 14 10 21 13 16
2222
9 19 3 17 16 13 21 10 14 18 6 24 15 22 26 7 27 5 11 8 4 25 28 2 1 20 0 23 12
2130
10 21 13 16 17 14 3 9 19 1 20 12 23 0 4 2 28 25 8 11 5 27 7 22 26 15 18 6 24
2221
2 25 4 8 11 5 27 0 20 12 23 7 26 22 15 24 6 18 10 14 13 21 16 17 3 9 19 1 28
2147
18 15 26 22 7 27 5 11 8 4 25 28 2 1 20 0 23 12 9 19 3 17 16 21 13 14 10 24 6
2151
11 5 27 0 7 22 26 23 15 12 18 6 24 14 10 21 16 13 17 3 9 19 20 1 2 28 25 4 8
2152
3 17 16 21 13 14 10 18 6 24 15 26 22 7 27 5 11 8 28 2 25 4 0 23 12 20 1 19 9
2282
28 2 25 4 8 11 5 27 7 22 26 15 24 6 18 10 14 13 21 16 17 3 19 9 12 23 0 20 1
2163
20 1 19 9 3 17 16 13 21 10 14 18 6 24 15 26 22 7 27 5 11 8 25 28 2 4 0 23 12
2257
1 20 0 23 12 9 19 3 17 16 21 13 14 10 24 6 18 15 26 22 7 27 11 5 4 8 25 28 2
2190
1 20 0 23 12 19 9 3 17 16 13 21 10 14 18 15 24 6 22 26 7 27 5 11 4 8 25 28 2
2130
21 16 17 3 9 19 1 20 4 25 2 28 8 11 5 27 0 12 23 7 26 22 6 24 15 18 10 14 13
2158
28 1 20 19 9 14 10 13 21 16 17 3 6 24 18 12 15 23 26 22 7 0 27 5 11 8 4 25 2
2229
17 16 21 13 10 14 3 18 6 24 15 22 26 7 27 11 5 0 1 2 28 25 8 4 20 23 12 9 19
2337
24 15 18 10 14 13 21 16 17 3 9 19 1 20 12 23 0 5 11 8 25 28 2 4 27 7 26 22 6
2257
25 8 4 5 11 27 0 23 7 26 22 6 24 15 18 12 17 16 21 13 10 14 3 9 19 20 1 2 28
2179
8 11 5 27 0 7 22 26 23 15 24 6 18 17 16 21 13 10 14 3 12 9 19 20 1 2 28 25 4
2140
3 17 16 13 21 10 14 18 6 24 15 26 22 7 27 5 11 8 4 25 28 2 1 20 0 23 12 9 19
2132
28 25 8 11 5 4 20 27 0 12 23 7 22 26 15 24 6 18 14 10 21 13 16 17 3 9 19 1 2
2206
21 16 17 3 9 19 12 23 0 20 1 2 28 25 4 8 11 5 27 7 22 26 15 24 6 18 14 10 13
2153
1 20 4 28 2 25 8 11 5 27 0 12 23 7 26 22 6 24 15 18 14 10 21 16 13 17 3 9 19
2138
13 21 16 17 3 9 19 1 20 4 28 2 25 8 11 5 27 0 12 23 7 22 26 15 18 6 24 10 14
2195
0 27 5 11 8 4 25 28 2 1 19 9 3 17 16 13 21 10 14 18 6 24 15 22 26 7 23 12 20
2116
28 25 8 4 5 11 27 7 26 22 6 24 15 18 10 14 13 21 16 17 3 9 19 12 23 0 20 1 2
2154
28 2 1 19 9 3 17 16 13 21 10 14 18 6 24 15 26 22 7 23 12 20 0 27 11 5 4 8 25
2157
13 21 16 17 3 19 9 12 23 0 20 1 2 28 25 4 8 11 5 27 7 26 22 6 24 15 18 10 14
2115
9 19 1 20 12 23 0 4 25 2 28 8 11 5 27 7 26 22 6 24 15 18 14 10 21 13 16 17 3
2219
4 25 28 2 1 19 9 3 17 16 13 21 10 14 18 15 24 6 22 26 7 23 12 20 0 27 5 11 8
2078
16 17 3 9 19 12 23 0 20 1 2 28 25 4 8 11 5 27 7 26 22 15 24 6 18 10 14 13 21
2153
1 20 19 9 3 17 16 13 21 10 14 18 6 24 15 12 23 26 22 7 0 27 11 5 4 8 25 28 2
2143
5 4 20 1 2 28 25 8 11 27 7 22 26 15 24 6 18 14 10 21 13 16 17 3 9 19 12 23 0
2239
22 15 24 6 18 14 10 21 13 16 17 3 19 9 12 23 0 20 1 2 28 25 4 8 11 5 27 7 26
2130
21 13 16 17 3 19 9 12 23 0 20 1 2 28 25 4 8 11 5 27 7 22 26 15 24 6 18 14 10
2132
14 18 6 24 15 22 26 7 27 5 11 8 4 25 28 2 1 20 0 23 12 9 19 3 17 16 13 21 10
2130
11 8 4 25 28 2 1 19 9 3 17 16 13 21 10 14 18 15 24 6 22 26 7 23 12 20 0 27 5
2078
23 12 0 27 5 11 8 25 28 2 4 20 1 19 9 3 17 16 13 21 10 14 18 6 24 15 26 22 7
2173
3 19 9 12 23 0 20 1 2 28 25 4 8 11 5 27 7 26 22 6 24 15 18 10 14 13 21 16 17
2115
13 14 10 18 15 24 6 22 26 7 27 11 8 28 2 25 4 5 0 23 12 20 1 19 9 3 17 16 21
2256
13 21 10 14 18 6 24 15 26 22 7 27 5 4 25 2 28 8 11 0 23 12 20 1 19 9 3 17 16
2274
24 10 14 13 21 16 17 3 9 19 1 20 12 23 0 4 2 28 25 8 11 5 27 7 22 26 15 18 6
2276
16 17 3 9 19 12 23 0 20 1 2 28 25 4 8 11 5 27 7 26 22 15 24 6 18 14 10 13 21
2151
17 16 21 13 14 10 18 15 24 6 22 26 7 27 5 11 8 4 25 28 2 1 20 0 23 12 9 19 3
2115
16 21 13 14 10 24 6 18 15 26 22 7 27 5 11 8 4 25 28 2 1 20 0 23 12 9 19 3 17
2151
0 23 7 26 22 6 24 15 18 12 17 16 21 13 10 14 3 9 19 20 1 2 28 25 4 8 11 5 27
2140
20 1 19 9 3 17 16 13 21 10 14 18 6 24 15 26 22 7 23 12 0 27 5 11 8 4 25 2 28
2153
5 27 0 20 12 23 7 26 22 15 24 6 18 14 10 21 16 13 17 3 9 19 1 2 28 25 4 8 11
2118
16 17 3 9 19 12 23 0 20 1 2 28 25 4 8 11 5 27 7 22 26 15 24 6 18 10 14 13 21
2155
18 15 26 22 7 27 5 11 8 25 2 28 4 0 23 12 20 1 19 9 3 17 16 21 13 14 10 24 6
2279
7 27 5 11 8 25 28 2 4 0 23 12 20 1 19 9 3 17 16 13 21 10 14 18 15 24 6 22 26
2217
27 5 11 8 4 25 28 2 1 20 0 23 12 9 19 3 17 16 13 21 10 14 18 6 24 15 26 22 7
2132
27 5 11 8 4 25 28 2 1 19 9 3 17 16 13 21 10 14 18 6 24 15 22 26 7 23 12 20 0
2116
16 17 3 9 19 1 20 4 2 28 25 8 11 5 27 0 12 23 7 22 26 15 24 6 18 14 10 21 13
2173
15 24 6 22 26 7 27 5 11 8 4 25 28 2 1 20 0 23 12 9 19 3 17 16 21 13 14 10 18
2115
21 13 14 10 18 6 24 15 22 26 7 27 5 11 8 4 25 28 2 1 20 0 23 12 19 9 3 17 16
2153
5 11 8 4 25 28 2 1 20 19 9 3 17 16 13 21 10 14 24 6 18 12 15 23 26 22 7 0 27
2150
5 11 8 4 25 28 2 1 20 19 9 3 17 16 21 13 14 10 6 24 18 12 15 22 26 7 23 0 27
2124
20 4 5 0 23 12 9 19 3 17 16 21 13 14 10 24 6 18 15 26 22 7 27 11 8 25 28 2 1
2258
0 20 1 2 28 25 4 8 11 5 27 7 22 26 15 18 6 24 10 14 13 21 16 17 3 9 19 12 23
2151
11 8 4 25 2 28 1 20 0 23 12 9 19 3 17 16 21 13 10 14 18 6 24 15 22 26 7 27 5
2159
23 0 4 25 2 28 8 11 5 27 7 26 22 6 24 15 18 14 10 13 21 16 17 3 9 19 1 20 12
2240
25 8 11 5 4 20 12 23 0 27 7 26 22 15 24 6 18 14 10 21 16 13 17 3 9 19 1 2 28
2179
5 4 20 12 23 0 27 7 22 26 15 24 6 18 14 10 13 21 16 17 3 9 19 1 2 28 25 8 11
2200
25 8 11 5 27 0 7 22 26 23 15 12 18 24 6 14 10 13 21 16 17 3 9 19 1 20 4 2 28
2207
12 23 7 26 22 6 24 15 18 10 14 13 21 16 17 3 9 19 1 20 4 25 2 28 8 11 5 27 0
2158
24 6 18 14 10 21 13 16 17 3 19 9 12 23 0 20 1 2 28 25 4 8 11 5 27 7 26 22 15
2130
18 10 14 13 21 16 17 3 19 9 12 23 0 20 1 2 28 25 4 8 11 5 27 7 26 22 6 24 15
2115
13 10 14 18 6 24 15 22 26 7 27 5 11 8 4 25 28 2 1 20 0 23 12 19 9 3 17 16 21
2151
3 9 19 17 16 21 13 10 14 18 6 24 15 26 22 7 27 5 11 8 4 25 28 2 1 20 0 23 12
2193
15 18 10 14 13 21 16 17 3 9 19 1 20 12 23 0 4 28 2 25 8 11 5 27 7 26 22 6 24
2243
5 27 0 20 12 23 7 22 26 15 24 6 18 17 13 16 21 10 14 3 9 19 1 2 28 25 4 8 11
2128
14 10 21 16 13 17 3 9 19 1 20 28 2 25 4 8 11 5 27 0 12 23 7 22 26 15 24 6 18
2155
16 21 13 10 14 18 6 24 15 26 22 7 27 5 11 8 4 25 28 2 1 20 0 23 12 19 9 3 17
2153
7 22 26 15 24 6 18 10 14 13 21 16 17 3 9 19 1 20 12 23 0 28 2 25 4 8 11 5 27
2260
24 6 22 26 7 27 5 11 8 28 2 25 4 0 23 12 20 1 19 9 3 17 16 21 13 10 14 18 15
2240
12 9 19 3 17 16 21 13 10 14 18 15 24 6 22 26 7 27 5 11 8 4 25 28 2 1 20 0 23
2113
17 19 9 3 12 23 0 20 1 2 28 25 4 8 11 5 27 7 22 26 15 24 6 18 14 10 13 21 16
2193
25 2 28 1 20 0 23 12 9 19 3 17 16 21 13 10 14 18 6 24 15 26 22 7 27 5 11 8 4
2161
22 7 27 5 11 8 25 2 28 4 0 23 12 20 1 19 9 3 17 16 13 21 10 14 18 6 24 15 26
2260
26 7 27 5 11 8 4 25 28 2 1 20 0 23 12 9 19 3 17 13 16 21 10 14 18 6 24 15 22
2132
8 11 5 27 0 20 12 23 7 26 22 15 24 6 18 10 14 13 21 16 17 3 9 19 1 28 2 25 4
2147
26 22 7 27 5 11 8 25 2 28 4 0 23 12 20 1 19 9 3 17 16 21 13 14 10 24 6 18 15
2279
26 7 27 5 11 8 4 25 28 2 1 20 0 23 12 9 19 3 17 16 21 13 10 14 18 15 24 6 22
2113
2 1 19 9 3 14 17 16 21 13 10 18 6 24 15 22 26 7 23 12 0 27 20 4 5 11 8 25 28
2193
21 13 10 14 18 6 24 15 26 22 7 27 5 11 8 4 25 28 2 1 20 0 23 12 19 9 3 17 16
2153
25 4 8 11 5 27 0 7 23 26 22 6 24 15 12 18 14 10 13 21 16 17 3 9 19 20 1 28 2
2103
28 1 20 19 9 3 17 13 16 21 10 14 18 6 24 12 15 23 26 22 7 0 27 5 11 8 4 25 2
2160
4 20 12 23 0 27 7 26 22 6 24 15 18 14 10 21 16 13 17 3 9 19 1 2 28 25 8 11 5
2141
21 16 17 3 19 9 12 23 0 20 1 2 28 25 4 8 11 5 27 7 22 26 15 18 6 24 10 14 13
2151
24 6 18 14 10 21 13 16 17 3 19 9 12 23 0 20 1 2 28 25 4 8 11 5 27 7 26 22 15
2130
20 4 1 2 28 25 8 11 5 27 7 22 26 15 24 6 18 14 10 21 13 16 17 3 19 9 12 23 0
2212
5 11 8 4 25 2 28 1 19 9 3 17 13 16 21 10 14 18 6 24 15 22 26 7 23 12 20 0 27
2126
24 6 22 26 7 27 5 11 8 4 25 28 2 1 20 0 23 12 9 19 3 17 13 16 21 10 14 18 15
2094
5 27 0 20 12 23 7 22 26 15 24 6 18 14 10 21 13 16 17 3 9 19 1 2 28 25 4 8 11
2118
26 15 24 6 18 14 10 13 21 16 17 3 9 19 1 20 28 2 25 4 8 11 5 27 0 12 23 7 22
2174
5 11 8 25 28 2 1 19 9 3 14 10 13 21 16 17 18 6 24 15 22 26 7 27 0 23 12 20 4
2206
6 24 15 18 10 14 13 21 16 17 3 9 19 1 2 28 25 8 4 20 12 23 0 11 5 27 7 26 22
2206
28 1 20 0 23 12 19 9 3 17 16 21 13 14 10 18 6 24 15 22 26 7 27 5 11 8 4 25 2
2161
9 19 3 17 16 13 21 10 14 18 6 24 15 22 26 7 27 5 11 8 4 25 28 2 1 20 0 23 12
2130
24 6 22 26 7 27 5 11 8 4 25 28 2 1 20 0 23 12 9 19 3 17 16 21 13 10 14 18 15
2113
13 21 16 17 3 9 19 12 23 0 20 1 2 28 25 4 8 11 5 27 7 26 22 15 24 6 18 10 14
2153
19 12 23 0 20 1 2 28 25 4 8 11 5 27 7 22 26 15 24 6 18 14 10 13 21 16 17 3 9
2153
15 24 6 18 14 10 21 13 16 17 3 9 19 1 20 12 23 0 4 2 28 25 8 11 5 27 7 22 26
2257
20 0 27 5 11 8 4 25 28 2 1 19 9 3 17 16 21 13 14 10 18 6 24 15 26 22 7 23 12
2141
3 17 16 21 13 10 14 18 15 24 6 22 26 7 27 5 11 8 4 25 28 2 1 20 0 23 12 9 19
2113
27 5 11 8 4 25 28 2 1 19 9 3 17 13 16 21 10 14 18 15 24 6 22 26 7 23 12 20 0
2080
28 2 1 20 19 9 3 17 16 21 13 14 10 24 6 18 12 15 23 26 22 7 0 27 11 5 4 8 25
2165
28 25 8 11 0 27 5 4 20 12 23 7 26 22 6 24 15 18 14 10 21 16 13 17 3 9 19 1 2
2188
8 11 5 27 0 23 7 22 26 15 12 6 24 18 3 14 10 13 21 16 17 9 19 20 1 28 2 25 4
2228
1 20 0 23 12 9 19 3 17 13 16 21 10 14 18 6 24 15 26 22 7 27 5 11 8 4 25 28 2
2134
20 28 2 25 4 8 11 5 27 0 12 23 7 22 26 15 24 6 18 14 10 21 13 16 17 3 9 19 1
2153
20 4 2 28 25 8 11 5 27 0 12 23 7 22 26 15 18 6 24 10 14 13 21 16 17 3 9 19 1
2192
12 0 27 5 11 8 25 2 28 4 20 1 19 9 3 17 16 21 13 14 10 24 6 18 15 26 22 7 23
2195
8 4 25 28 2 1 19 9 3 17 16 21 13 14 10 18 15 24 6 22 26 7 23 12 20 0 27 5 11
2101
26 7 27 5 11 8 4 25 28 2 1 20 0 23 12 9 19 3 17 16 13 21 10 14 18 6 24 15 22
2130
7 26 22 15 24 6 18 14 10 21 13 16 17 3 19 9 12 23 0 20 1 2 28 25 4 8 11 5 27
2130
28 1 19 9 3 17 16 21 13 14 10 18 6 24 15 26 22 7 23 12 20 0 27 5 11 8 4 25 2
2149
4 25 28 2 1 20 0 23 12 9 19 3 17 16 13 21 10 14 18 6 24 15 26 22 7 27 5 11 8
2132
19 12 23 0 20 1 2 28 25 4 8 11 5 27 7 26 22 15 24 6 18 14 10 13 21 16 17 3 9
2151
20 1 2 28 25 8 4 11 5 27 0 7 12 15 23 26 22 6 24 18 14 10 13 21 16 17 3 9 19
2165
8 25 28 2 1 19 9 3 17 16 13 21 10 14 18 6 24 15 26 22 7 27 0 23 12 20 4 5 11
2179
14 10 18 6 24 15 26 22 7 27 5 11 8 4 25 28 2 1 20 0 23 12 19 9 3 17 16 21 13
2155
8 4 25 28 2 1 20 0 23 12 9 19 3 17 13 16 21 10 14 18 15 24 6 22 26 7 27 5 11
2094
21 16 17 19 9 12 23 0 20 1 2 28 25 4 8 11 5 27 7 26 22 15 24 6 10 18 3 14 13
2204
10 21 16 13 17 14 3 19 9 12 23 0 20 1 4 25 2 28 8 11 5 27 7 22 26 15 18 6 24
2180
17 3 9 19 1 20 12 23 0 28 2 25 4 8 11 5 27 7 22 26 15 24 6 18 14 10 13 21 16
2258
5 11 8 4 25 28 2 1 20 19 9 3 17 13 16 21 10 14 18 6 24 15 12 23 26 22 7 0 27
2106
24 15 26 22 7 23 12 0 27 5 11 8 4 25 2 28 20 1 19 9 3 17 16 21 13 14 10 18 6
2176
14 13 21 16 17 3 9 19 1 20 12 23 0 4 25 2 28 8 11 5 27 7 22 26 15 24 6 18 10
2282
9 3 12 23 0 20 1 2 28 25 4 8 11 5 27 7 22 26 15 24 6 18 10 14 13 21 16 17 19
2195
8 4 25 2 28 1 19 9 3 17 16 21 13 14 10 18 6 24 15 22 26 7 23 12 20 0 27 5 11
2147
24 15 26 22 7 27 5 11 8 4 25 28 2 1 20 0 23 12 9 19 3 17 16 13 21 10 14 18 6
2132
19 9 3 17 16 21 13 10 14 18 6 24 15 22 26 7 27 5 11 8 4 25 28 2 1 20 0 23 12
2151
16 13 21 10 14 18 6 24 15 26 22 7 27 5 11 8 25 2 28 4 0 23 12 20 1 19 9 3 17
2260
19 3 17 16 13 21 10 14 18 6 24 15 26 22 7 27 5 11 8 4 25 28 2 1 20 0 23 12 9
2132
21 13 10 14 18 15 24 6 22 26 7 27 5 11 8 28 2 25 4 0 23 12 20 1 19 9 3 17 16
2240
18 6 24 15 26 22 7 23 12 0 27 5 11 8 25 28 2 4 20 1 19 9 3 17 16 13 21 10 14
2173
20 1 19 9 3 17 16 13 21 10 14 18 6 24 15 26 22 7 23 12 0 27 5 11 8 25 28 2 4
2173
16 21 13 10 14 18 6 24 15 26 22 7 27 5 11 8 4 25 28 2 1 20 0 23 12 19 9 3 17
2153
22 15 24 6 18 14 10 21 16 13 17 3 19 9 12 23 0 20 1 2 28 25 4 8 11 5 27 7 26
2132
7 27 11 5 8 25 28 2 4 0 23 12 20 1 19 9 3 17 13 16 21 10 14 18 15 24 6 22 26
2254
3 17 16 13 21 10 14 18 6 24 15 26 22 7 27 5 11 8 4 25 28 2 1 20 0 23 12 9 19
2132
7 26 22 6 24 15 18 14 10 21 13 16 17 3 19 9 12 23 0 20 1 2 28 25 4 8 11 5 27
2092
27 5 11 8 4 25 28 2 1 20 0 23 12 19 9 3 17 16 21 13 10 14 18 15 24 6 22 26 7
2113
10 21 16 13 17 14 3 9 19 1 20 4 2 28 25 8 11 5 27 0 12 23 7 26 22 6 24 15 18
2103
22 7 27 5 11 8 4 25 28 2 1 20 0 23 12 9 19 3 17 16 21 13 14 10 24 6 18 15 26
2151
0 20 12 23 7 26 22 15 24 6 18 17 16 21 13 10 14 3 9 19 1 2 28 25 4 8 11 5 27
2145
3 17 16 21 13 10 14 18 15 24 6 22 26 7 27 11 5 8 25 2 28 4 0 23 12 20 1 19 9
2276
15 24 6 18 14 10 21 13 16 17 3 19 9 12 23 0 20 1 2 28 25 4 8 11 5 27 7 22 26
2132
7 27 5 11 8 25 28 2 4 0 23 12 20 1 19 9 3 17 16 21 13 10 14 18 6 24 15 26 22
2278
10 24 6 18 15 26 22 7 27 11 5 0 23 12 20 4 8 25 28 2 1 19 9 3 14 17 13 16 21
2188
15 24 6 18 14 10 21 13 16 17 3 19 9 12 23 0 20 1 2 28 25 4 8 11 5 27 7 22 26
2132
13 21 16 17 3 9 19 12 23 0 20 1 2 28 25 4 8 11 5 27 7 26 22 15 24 6 18 10 14
2153
4 20 12 23 0 27 7 26 22 6 24 15 18 14 10 13 21 16 17 3 9 19 1 2 28 25 8 11 5
2160
14 18 15 24 6 22 26 7 27 5 11 8 4 25 28 2 1 20 0 23 12 9 19 3 17 16 21 13 10
2113
16 17 3 9 19 12 23 0 20 1 2 28 25 4 8 11 5 27 7 26 22 15 24 6 18 14 10 13 21
2151
1 20 12 23 0 4 2 28 25 8 11 5 27 7 26 22 6 24 15 18 14 10 21 13 16 17 3 9 19
2217
12 9 19 3 17 16 21 13 14 10 24 6 18 15 26 22 7 27 5 11 8 4 25 28 2 1 20 0 23
2151
15 24 6 22 26 7 27 4 28 2 25 8 11 5 0 23 12 20 1 19 9 3 17 13 16 21 10 14 18
2239
22 26 15 18 6 24 10 14 13 21 16 17 3 19 9 12 23 0 20 1 2 28 25 4 8 11 5 27 7
2151
1 19 9 3 17 16 21 13 14 10 18 6 24 15 26 22 7 27 5 11 8 4 25 2 28 0 23 12 20
2260
11 5 27 7 22 26 15 24 6 18 14 10 21 13 16 17 3 19 9 12 23 0 4 20 1 2 28 25 8
2225
21 13 14 10 18 6 24 15 26 22 7 27 5 11 8 4 25 2 28 0 23 12 20 1 19 9 3 17 16
2260
27 5 11 8 4 25 28 2 1 20 19 9 3 17 16 13 21 10 14 6 24 18 15 12 23 26 22 7 0
2147
24 15 26 22 7 23 12 0 27 5 11 8 4 25 2 28 20 1 19 9 3 17 13 16 21 10 14 18 6
2155
1 19 9 3 17 16 21 13 10 14 18 15 24 6 22 26 7 27 5 11 8 28 2 25 4 0 23 12 20
2240
16 21 13 14 10 6 24 15 26 22 7 0 27 5 11 8 4 25 28 2 1 20 23 18 3 12 9 19 17
2289
26 7 27 4 25 2 28 8 11 5 0 23 12 20 1 19 9 3 17 16 13 21 10 14 18 15 24 6 22
2236
26 7 27 5 11 8 4 25 28 2 1 20 0 23 12 9 19 3 17 16 21 13 14 10 18 15 24 6 22
2115
10 18 15 24 6 22 26 7 27 5 11 8 4 25 28 2 1 20 0 23 12 9 19 3 14 17 13 16 21
2062
11 8 4 25 28 2 1 19 9 3 14 10 21 13 16 17 18 6 24 15 22 26 7 23 12 20 0 27 5
2124
17 3 19 9 12 23 0 20 1 2 28 25 4 8 11 5 27 7 26 22 6 24 15 18 10 14 13 21 16
2115
11 5 27 0 20 12 23 7 26 22 15 24 6 18 14 10 21 13 16 17 3 9 19 1 2 28 25 4 8
2116
14 3 9 19 17 13 16 21 10 6 24 15 22 26 7 0 27 5 11 8 28 2 25 4 20 1 23 12 18
2294
7 22 26 15 24 6 18 14 10 21 16 13 17 3 9 19 1 20 12 23 0 4 2 28 25 8 11 5 27
2259
18 15 24 6 22 26 7 27 5 4 25 2 28 8 11 0 23 12 20 1 19 9 3 17 13 16 21 10 14
2236
1 2 28 25 8 4 20 12 23 0 5 11 27 7 26 22 6 24 15 18 10 14 13 21 16 17 3 9 19
2205
5 11 8 25 28 2 1 4 20 0 23 12 19 9 3 17 16 21 13 14 10 18 6 24 15 26 22 7 27
2235
2 25 4 8 11 5 27 0 20 12 23 7 26 22 15 24 6 18 10 14 13 21 16 17 3 9 19 1 28
2147
8 11 5 27 0 7 22 26 23 15 12 18 6 24 14 10 21 16 13 17 3 9 19 20 1 28 2 25 4
2160
13 21 10 14 18 6 24 15 26 22 7 23 12 0 27 5 11 8 25 28 2 4 20 1 19 9 3 17 16
2173
15 24 6 18 14 10 21 13 16 17 3 19 9 12 23 0 20 1 2 28 25 4 8 11 5 27 7 26 22
2130
16 17 3 19 9 12 23 0 20 1 2 28 25 4 8 11 5 27 7 26 22 6 24 15 18 14 10 13 21
2113
2 25 8 11 5 4 20 27 0 12 23 7 26 22 15 24 6 18 10 13 21 16 17 14 3 9 19 1 28
2201
14 13 21 16 17 3 9 19 12 23 0 20 1 2 28 25 4 8 11 5 27 7 22 26 15 24 6 18 10
2155
0 27 5 11 8 4 25 28 2 1 19 9 3 17 16 13 21 10 14 18 6 24 15 26 22 7 23 12 20
2118
2 25 8 11 5 27 0 7 22 26 23 15 24 6 18 12 3 10 13 21 16 17 14 9 19 1 20 4 28
2227
2 25 8 11 5 4 20 27 0 12 23 7 26 22 6 24 15 18 14 10 21 16 13 17 3 9 19 1 28
2176
28 2 25 4 8 11 5 27 0 20 23 7 22 26 15 12 3 17 16 21 13 14 10 6 24 18 9 19 1
2229
20 1 2 28 25 8 4 5 11 27 0 7 22 26 23 15 24 6 18 17 13 16 21 10 14 3 12 9 19
2160
9 3 17 16 21 13 10 14 18 15 24 6 22 26 7 27 5 11 8 25 28 2 4 0 23 12 20 1 19
2238
9 19 3 17 16 13 21 10 14 18 6 24 15 26 22 7 27 5 11 8 4 25 28 2 1 20 0 23 12
2132
25 28 2 4 20 1 19 9 3 14 10 13 21 16 17 12 18 6 24 15 26 22 7 23 0 27 5 11 8
2216
26 22 7 27 5 11 8 25 28 2 4 0 23 12 20 1 19 9 3 17 16 13 21 10 14 18 6 24 15
2257
16 17 3 9 19 1 2 28 25 8 4 20 12 23 0 5 11 27 7 22 26 15 24 6 18 14 10 21 13
2222
19 9 12 23 0 20 1 2 28 25 4 8 11 5 27 7 26 22 15 24 6 18 14 10 21 16 13 17 3
2132
11 8 25 28 2 1 20 4 0 23 12 9 19 3 17 16 21 13 10 14 18 15 24 6 22 26 7 27 5
2206
8 11 5 27 0 7 23 26 22 6 24 15 18 12 14 10 13 21 16 17 3 9 19 20 1 2 28 25 4
2147
12 23 0 4 28 2 25 8 11 5 27 7 26 22 6 24 15 18 14 10 13 21 16 17 3 9 19 1 20
2241
2 1 20 0 23 12 9 19 3 17 13 16 21 10 14 18 6 24 15 26 22 7 27 11 5 4 8 25 28
2173
19 9 12 23 0 20 1 2 28 25 4 8 11 5 27 7 26 22 6 24 15 18 10 14 13 21 16 17 3
2115
17 3 9 19 1 20 12 23 0 4 2 28 25 8 11 5 27 7 22 26 15 24 6 18 10 14 13 21 16
2280
18 6 24 15 26 22 7 27 5 11 8 28 2 25 4 0 23 12 20 1 19 9 3 17 16 21 13 10 14
2280
21 13 10 14 18 6 24 15 26 22 7 27 5 11 8 4 25 28 2 1 20 0 23 12 19 9 3 17 16
2153
7 27 5 11 8 25 2 28 4 0 23 12 20 1 19 9 3 17 16 13 21 10 14 18 15 24 6 22 26
2220
16 13 21 10 14 18 6 24 15 26 22 7 27 5 11 8 4 25 28 2 1 20 0 23 12 9 19 3 17
2132
26 15 18 6 24 10 14 13 21 16 17 3 19 9 12 23 0 20 1 2 28 25 4 8 11 5 27 7 22
2151
14 10 18 15 24 6 22 26 7 27 5 11 8 4 25 28 2 1 20 0 23 12 9 19 3 17 16 21 13
2115
7 26 22 6 24 15 18 14 10 13 21 16 17 3 19 9 12 23 0 20 1 2 28 25 4 8 11 5 27
2113
20 0 27 5 11 8 4 25 28 2 1 19 9 3 17 16 21 13 10 14 18 6 24 15 22 26 7 23 12
2137
0 20 1 2 28 25 4 8 11 5 27 7 22 26 15 24 6 18 14 10 21 13 16 17 3 19 9 12 23
2132
14 13 21 16 17 19 9 12 23 0 20 1 2 28 25 4 8 11 5 27 7 26 22 15 24 6 10 18 3
2204
25 2 28 1 19 9 3 17 16 21 13 10 14 18 6 24 15 26 22 7 23 12 20 0 27 5 11 8 4
2147
22 26 15 18 6 24 10 14 13 21 16 17 3 9 19 1 20 12 23 0 4 2 28 25 8 11 5 27 7
2276
21 10 14 18 6 24 15 26 22 7 27 5 11 8 4 25 28 2 1 20 0 23 12 9 19 3 17 16 13
2132
26 22 7 27 5 11 0 23 12 20 4 8 25 28 2 1 19 9 3 17 16 21 13 14 10 24 6 18 15
2242
21 13 14 10 18 6 24 15 26 22 7 27 5 11 8 4 25 2 28 0 23 12 20 1 19 9 3 17 16
2260
16 17 3 9 19 1 20 12 23 0 5 4 28 2 25 8 11 27 7 22 26 15 18 6 24 10 14 13 21
2293
28 2 25 4 8 11 5 27 7 22 26 15 24 6 18 14 10 21 13 16 17 3 19 9 12 23 0 20 1
2140
5 11 8 4 25 28 2 1 19 9 3 17 16 13 21 10 14 18 6 24 15 26 22 7 23 12 20 0 27
2118
27 5 11 8 4 25 28 2 1 19 9 3 17 16 13 21 10 14 18 6 24 15 26 22 7 23 12 20 0
2118
1 19 9 3 17 16 13 21 10 14 18 6 24 15 26 22 7 23 12 0 27 5 11 8 25 28 2 4 20
2173
10 21 13 16 17 14 3 19 9 12 23 1 20 4 25 2 28 8 11 5 27 0 7 26 22 15 18 6 24
2207
7 26 22 15 24 6 18 14 10 21 13 16 17 3 19 9 12 23 0 20 1 2 28 25 4 8 11 5 27
2130
6 24 15 26 22 7 27 5 11 8 4 25 28 2 1 20 0 23 12 9 19 3 17 16 13 21 10 14 18
2132
15 24 6 18 14 10 21 13 16 17 3 19 9 12 23 0 20 1 2 28 25 4 8 11 5 27 7 26 22
2130
17 19 9 12 3 14 18 23 0 1 20 4 28 2 25 8 11 5 27 7 26 22 15 24 6 10 21 16 13
2342
21 13 14 10 18 6 24 15 26 22 7 27 5 11 8 4 25 28 2 1 20 0 23 12 19 9 3 17 16
2155
12 23 0 20 1 2 28 25 4 8 11 5 27 7 26 22 6 24 15 18 14 10 21 16 13 17 3 19 9
2094
26 22 6 24 15 18 14 10 13 21 16 17 3 9 19 1 20 12 23 0 11 8 28 2 25 4 5 27 7
2255
27 5 11 8 4 25 28 2 1 19 9 3 17 16 21 13 14 10 24 6 18 15 26 22 7 23 12 20 0
2137
15 18 6 24 10 14 13 21 16 17 3 19 9 12 23 0 20 1 2 28 25 4 8 11 5 27 7 22 26
2151
0 20 12 23 7 22 26 15 24 6 18 14 10 21 13 16 17 3 9 19 1 2 28 25 4 8 11 5 27
2118
24 6 18 10 14 13 21 16 17 3 9 19 1 20 12 23 0 28 2 25 4 8 11 5 27 7 22 26 15
2260
9 12 23 0 20 1 2 28 25 4 8 11 5 27 7 26 22 15 24 6 18 14 10 21 16 13 17 3 19
2132
17 16 21 13 14 10 24 6 18 15 26 22 7 27 5 11 8 4 25 28 2 1 20 0 23 12 9 19 3
2151
2 28 1 19 9 3 14 17 16 21 13 10 18 6 24 15 26 22 7 23 12 20 0 27 11 5 4 8 25
2154
10 21 13 16 17 14 3 9 19 1 2 28 25 8 4 20 12 23 0 5 11 27 7 22 26 15 18 6 24
2186
17 3 9 19 1 20 12 23 0 28 2 25 4 8 11 5 27 7 22 26 15 24 6 18 14 10 13 21 16
2258
1 19 9 3 17 16 21 13 14 10 18 6 24 15 26 22 7 27 5 11 8 25 28 2 4 0 23 12 20
2280
8 25 28 2 1 4 20 0 23 12 9 19 3 17 16 21 13 14 10 18 6 24 15 26 22 7 27 5 11
2235
11 5 27 0 23 7 26 22 15 24 6 18 17 16 21 13 10 14 3 12 9 19 20 1 2 28 25 4 8
2138
12 9 19 3 17 16 21 13 14 10 24 6 18 15 26 22 7 27 5 11 8 4 25 28 2 1 20 0 23
2151
24 10 14 13 21 16 17 3 19 9 12 23 0 20 1 2 28 25 4 8 11 5 27 7 22 26 15 18 6
2151
4 25 2 28 1 20 0 23 12 9 19 3 17 16 21 13 10 14 18 6 24 15 26 22 7 27 5 11 8
2161
22 26 7 27 5 11 8 4 25 28 2 1 20 0 23 12 9 19 3 17 13 16 21 10 14 18 6 24 15
2132
22 26 15 24 6 18 14 10 21 13 16 17 3 19 9 12 23 0 20 1 2 28 25 4 8 11 5 27 7
2132
5 27 0 7 22 26 23 12 15 24 6 18 14 10 21 13 16 17 3 9 19 20 1 28 2 25 4 8 11
2112
14 10 13 21 16 17 3 19 9 12 23 0 20 1 2 28 25 4 8 11 5 27 7 26 22 6 24 15 18
2113
22 26 15 24 6 18 14 10 21 13 16 17 3 9 19 1 20 12 23 0 4 2 28 25 8 11 5 27 7
2257
15 24 6 18 14 10 21 13 16 17 3 19 9 12 23 0 20 1 2 28 25 4 8 11 5 27 7 26 22
2130
15 26 22 7 27 5 11 8 25 28 2 4 0 23 12 20 1 19 9 3 17 16 21 13 14 10 24 6 18
2276
9 19 3 17 16 21 13 14 10 18 15 24 6 22 26 7 27 5 11 8 4 25 28 2 1 20 0 23 12
2115
6 24 15 26 22 7 23 12 0 27 5 11 8 4 25 2 28 20 1 19 9 3 17 16 21 13 14 10 18
2176
6 22 26 7 27 5 11 8 4 25 28 2 1 20 0 23 12 9 19 3 17 16 21 13 14 10 18 15 24
2115
17 3 9 19 12 23 0 20 1 2 28 25 4 8 11 5 27 7 22 26 15 24 6 18 10 14 13 21 16
2155
20 0 23 12 9 19 3 17 16 21 13 10 14 18 6 24 15 26 22 7 27 5 11 8 4 25 28 2 1
2153
11 8 4 25 28 2 1 19 9 3 17 16 13 21 10 14 6 24 18 12 15 22 26 7 23 20 0 27 5
2187
23 0 20 1 2 28 25 4 8 11 5 27 7 22 26 15 24 6 18 14 10 21 13 16 17 3 19 9 12
2132
19 9 3 17 13 16 21 10 14 18 15 24 6 22 26 7 23 12 0 27 5 11 8 28 2 25 4 20 1
2137
27 5 11 8 4 25 28 2 1 20 19 9 3 14 10 13 21 16 17 24 6 18 12 15 23 26 22 7 0
2179
19 3 17 16 13 21 10 14 18 6 24 15 26 22 7 27 5 11 8 4 25 28 2 1 20 0 23 12 9
2132
27 5 11 8 4 25 28 2 1 20 19 9 12 3 17 16 21 13 10 14 18 24 6 15 23 26 22 7 0
2142
6 24 15 22 26 7 27 5 11 8 4 25 28 2 1 20 0 23 12 9 19 3 17 13 16 21 10 14 18
2132
8 11 5 27 0 20 12 23 7 22 26 15 24 6 18 14 10 13 21 16 17 3 9 19 1 28 2 25 4
2147
4 8 11 5 27 0 20 12 23 7 22 26 15 24 6 18 14 10 13 21 16 17 3 9 19 1 28 2 25
2147
13 21 16 17 3 9 19 12 23 0 20 1 2 28 25 4 8 11 5 27 7 26 22 15 24 6 18 14 10
2151
9 19 3 17 16 21 13 14 10 24 6 18 15 26 22 7 27 5 11 8 4 25 28 2 1 20 0 23 12
2151
2 25 8 4 5 11 27 0 20 12 23 7 26 22 15 24 6 18 10 13 21 16 17 14 3 9 19 1 28
2152
25 28 2 1 20 4 0 23 12 9 19 3 17 16 21 13 10 14 18 15 24 6 22 26 7 27 5 11 8
2206
11 8 25 28 2 1 4 20 0 23 12 9 19 3 17 16 21 13 14 10 18 6 24 15 26 22 7 27 5
2235
28 2 1 20 4 0 23 12 9 19 3 17 13 16 21 10 14 18 15 24 6 22 26 7 27 5 11 8 25
2187
5 27 7 26 22 15 24 6 18 14 10 21 16 13 17 3 19 9 12 23 0 20 1 28 2 25 4 8 11
2140
6 24 15 22 26 7 27 5 11 8 4 25 28 2 1 20 0 23 12 9 19 3 17 13 16 21 10 14 18
2132
23 12 9 19 3 17 16 13 21 10 14 18 6 24 15 26 22 7 27 5 11 8 4 25 28 2 1 20 0
2132
2 1 20 0 23 12 9 19 3 14 17 16 21 13 10 18 6 24 15 26 22 7 27 5 11 4 8 25 28
2159
12 20 1 19 9 3 17 16 21 13 10 14 18 15 24 6 22 26 7 27 5 11 8 25 28 2 4 0 23
2238
8 4 25 2 28 1 20 19 9 3 17 13 16 21 10 14 18 6 24 15 12 23 26 22 7 0 27 5 11
2114
24 15 18 14 10 21 13 16 17 3 9 19 1 2 28 25 8 4 20 12 23 0 5 11 27 7 26 22 6
2182
22 7 23 12 0 27 5 11 8 25 28 2 4 20 1 19 9 3 17 16 13 21 10 14 18 6 24 15 26
2173
0 27 5 11 8 4 25 28 2 1 20 19 9 3 17 16 21 13 14 10 24 6 18 15 12 23 26 22 7
2123
13 21 16 17 3 19 9 12 23 0 20 1 2 28 25 4 8 11 5 27 7 26 22 6 24 15 18 14 10
2113
0 20 12 23 7 22 26 15 24 6 18 14 10 21 13 16 17 3 9 19 1 2 28 25 4 8 11 5 27
2118
13 21 16 17 3 9 19 1 20 28 2 25 4 8 11 5 27 0 12 23 7 22 26 15 24 6 18 14 10
2174
25 4 8 11 5 27 0 7 22 26 23 15 12 18 24 6 14 10 13 21 16 17 3 9 19 20 1 28 2
2179
7 27 5 4 2 28 25 8 11 0 23 12 20 1 19 9 3 17 16 21 13 10 14 18 15 24 6 22 26
2253
17 3 19 9 12 23 0 20 1 2 28 25 4 8 11 5 27 7 26 22 6 24 15 18 10 14 13 21 16
2115
26 22 6 24 15 18 10 14 13 21 16 17 3 19 9 12 23 0 20 1 2 28 25 4 8 11 5 27 7
2115
26 22 6 24 15 18 10 14 13 21 16 17 3 19 9 12 23 0 20 1 2 28 25 4 8 11 5 27 7
2115
18 6 24 10 14 13 21 16 17 3 9 19 1 20 12 23 0 4 2 28 25 8 11 5 27 7 22 26 15
2276
13 14 10 24 6 18 15 26 22 7 27 5 11 0 23 12 20 4 8 25 28 2 1 19 9 3 17 16 21
2242
13 21 10 14 18 6 24 15 26 22 7 27 5 11 8 28 2 25 4 0 23 12 20 1 19 9 3 17 16
2259
2 25 4 8 11 5 27 0 20 12 23 7 26 22 15 24 6 18 10 14 13 21 16 17 3 9 19 1 28
2147
23 12 20 1 19 9 3 17 16 21 13 14 10 18 15 24 6 22 26 7 27 5 4 25 2 28 8 11 0
2257
21 13 10 14 18 6 24 15 22 26 7 27 5 11 8 4 25 28 2 1 20 0 23 12 19 9 3 17 16
2151
16 21 13 14 10 24 6 18 15 26 22 7 27 5 11 8 25 28 2 4 0 23 12 20 1 19 9 3 17
2276
2 28 25 8 4 11 5 27 0 20 12 23 7 22 26 15 24 6 18 10 21 16 13 17 14 3 9 19 1
2126
11 5 27 7 26 22 6 24 15 18 10 14 13 21 16 17 3 9 19 12 23 0 20 1 2 28 25 4 8
2115
27 5 11 8 4 25 28 2 1 19 9 3 14 10 13 21 16 17 18 6 24 15 26 22 7 23 12 20 0
2147
4 25 2 28 1 20 0 23 12 19 9 3 17 16 21 13 14 10 18 6 24 15 22 26 7 27 5 11 8
2161
11 8 4 25 28 2 1 20 19 9 3 17 16 21 13 10 14 18 24 6 22 15 12 26 7 23 0 27 5
2126
25 28 2 1 19 9 3 17 16 13 21 10 14 18 6 24 15 26 22 7 27 0 23 12 20 4 5 11 8
2179
3 17 16 21 13 14 10 24 6 18 15 26 22 7 27 5 11 8 4 25 28 2 1 20 0 23 12 9 19
2151
13 21 10 14 18 6 24 15 26 22 7 23 12 0 27 5 11 8 25 2 28 4 20 1 19 9 3 17 16
2176
15 24 6 22 26 7 27 5 11 8 4 25 28 2 1 20 0 23 12 9 19 3 17 16 21 13 14 10 18
2115
2 25 8 11 5 4 20 0 27 7 23 26 22 15 6 24 18 14 10 21 13 16 17 3 12 9 19 1 28
2176
4 8 25 28 2 1 20 0 23 12 9 19 3 17 16 21 13 10 14 18 15 24 6 22 26 7 27 11 5
2152
2 1 19 9 3 14 17 16 21 13 10 18 6 24 15 22 26 7 23 12 20 0 27 11 5 4 8 25 28
2144
7 22 26 15 18 6 24 10 14 13 21 16 17 3 9 19 1 20 12 23 0 4 28 2 25 8 11 5 27
2279
9 12 23 0 20 1 2 28 25 4 8 11 5 27 7 26 22 15 24 6 18 14 10 21 16 13 17 3 19
2132
28 2 25 4 8 11 5 27 0 7 23 26 22 15 24 6 18 12 14 10 13 21 16 17 3 9 19 20 1
2193
9 19 3 17 16 13 21 10 14 18 6 24 15 26 22 7 27 5 11 8 4 25 28 2 1 20 0 23 12
2132
11 5 27 0 4 20 12 23 7 26 22 15 24 6 18 14 10 21 16 13 17 3 9 19 1 2 28 25 8
2211
18 6 24 15 26 22 7 27 5 11 8 4 25 28 2 1 20 0 23 12 9 19 3 17 16 13 21 10 14
2132
21 16 17 3 9 19 1 20 12 23 0 28 2 25 4 8 11 5 27 7 22 26 15 24 6 18 14 10 13
2258
14 10 21 16 13 17 19 9 12 23 20 1 2 28 25 4 8 11 5 0 27 7 22 26 15 24 6 18 3
2197
21 13 14 3 18 10 6 24 15 22 26 7 27 5 11 8 4 25 28 2 1 20 0 23 12 9 19 17 16
2204
13 21 16 17 3 19 9 12 23 0 20 1 2 28 25 4 8 11 5 27 7 26 22 6 24 15 18 10 14
2115
23 0 20 1 2 28 25 4 8 11 5 27 7 26 22 6 24 15 18 14 10 21 13 16 17 3 19 9 12
2092
19 9 12 23 0 20 1 2 28 25 4 8 11 5 27 7 26 22 6 24 15 18 14 10 21 13 16 17 3
2092
22 7 27 5 11 8 25 28 2 4 0 23 12 20 1 19 9 3 17 16 13 21 10 14 18 6 24 15 26
2257
1 20 4 2 28 25 8 11 5 27 0 12 23 7 22 26 15 24 6 18 14 10 21 13 16 17 3 9 19
2173
3 17 16 21 13 14 10 18 15 24 6 22 26 7 27 5 11 8 4 25 28 2 1 20 0 23 12 9 19
2115
20 27 0 12 23 7 26 22 15 24 6 18 14 10 13 21 16 17 3 9 19 1 2 28 25 8 11 5 4
2225
1 19 9 3 17 16 21 13 14 10 18 15 24 6 22 26 7 23 12 0 27 5 11 8 25 28 2 4 20
2156
2 28 25 8 4 11 5 27 0 20 12 23 7 22 26 15 24 6 18 10 13 21 16 17 14 3 9 19 1
2145
19 9 12 23 0 20 1 2 28 25 4 8 11 5 27 7 26 22 6 24 15 18 10 14 13 21 16 17 3
2115
0 27 5 11 8 4 25 28 2 1 20 19 9 3 14 10 13 21 16 17 6 24 18 12 15 23 26 22 7
2179
2 28 25 8 11 27 0 5 4 20 12 23 7 26 22 15 24 6 18 14 10 21 13 16 17 3 9 19 1
2223
14 10 18 6 24 15 26 22 7 27 5 11 8 4 25 2 28 0 23 12 20 1 19 9 3 17 16 21 13
2260
25 4 8 11 5 27 7 26 22 15 24 6 18 10 14 13 21 16 17 3 19 9 12 23 0 20 1 28 2
2161
7 23 12 0 27 5 11 8 4 25 2 28 20 1 19 9 3 17 16 21 13 14 10 18 6 24 15 26 22
2176
8 4 25 28 2 1 19 9 3 17 16 21 13 14 10 6 24 18 12 15 22 26 7 23 20 0 27 5 11
2163
18 10 14 13 21 16 17 3 9 19 1 20 12 23 0 11 8 28 2 25 4 5 27 7 26 22 6 24 15
2257
19 3 17 16 21 13 10 14 18 15 24 6 22 26 7 27 5 11 8 4 25 28 2 1 20 0 23 12 9
2113
25 4 8 11 5 27 0 20 12 23 7 22 26 15 24 6 18 14 10 13 21 16 17 3 9 19 1 28 2
2147
1 19 9 3 17 16 21 13 14 10 24 6 18 15 26 22 7 23 12 0 27 5 11 8 25 2 28 4 20
2195
3 19 9 12 23 0 20 1 2 28 25 4 8 11 5 27 7 26 22 6 24 15 18 14 10 13 21 16 17
2113
10 21 13 16 17 14 3 19 9 12 23 0 20 1 2 28 25 4 8 11 5 27 7 26 22 15 18 24 6
2094
9 3 17 16 21 13 14 10 18 15 24 6 22 26 7 27 5 11 8 28 2 25 4 0 23 12 20 1 19
2242
24 15 26 22 7 27 5 11 8 4 25 28 2 1 20 0 23 12 9 19 3 17 16 13 21 10 14 18 6
2132
8 25 28 2 1 20 19 9 3 14 10 13 21 16 17 12 18 15 24 6 22 26 23 7 0 27 11 5 4
2186
6 18 14 10 21 16 13 17 3 19 9 12 23 20 1 2 28 25 4 8 11 5 27 0 7 22 26 15 24
2146
19 9 12 23 0 20 1 2 28 25 4 8 11 5 27 7 26 22 6 24 15 18 10 14 13 21 16 17 3
2115
23 0 11 5 27 7 22 26 15 18 6 24 10 14 13 21 16 17 3 9 19 1 2 28 25 8 4 20 12
2242
13 21 10 6 24 15 22 26 7 27 5 11 8 4 25 28 2 1 20 0 23 12 18 14 3 9 19 17 16
2179
0 27 5 11 8 4 25 28 2 1 20 19 9 12 3 17 16 21 13 10 14 18 6 24 15 23 26 22 7
2132
24 6 18 14 10 21 13 16 17 3 9 19 1 20 12 23 0 4 2 28 25 8 11 5 27 7 22 26 15
2257
13 14 10 18 15 24 6 22 26 7 27 5 11 8 25 28 2 4 0 23 12 20 1 19 9 3 17 16 21
2240
4 0 23 12 9 19 3 17 16 13 21 10 14 18 6 24 15 26 22 7 27 5 11 8 25 28 2 1 20
2225
3 17 16 13 21 10 14 18 6 24 15 26 22 7 27 5 11 8 4 25 28 2 1 20 0 23 12 9 19
2132
7 27 5 11 8 4 25 28 2 1 20 0 23 12 9 19 3 17 16 13 21 10 14 18 6 24 15 22 26
2130
1 2 28 25 8 4 5 11 27 0 20 12 23 7 26 22 6 24 15 18 14 10 21 16 13 17 3 9 19
2119
5 27 0 7 23 26 22 6 24 18 12 15 14 10 21 16 13 17 3 9 19 20 1 2 28 25 4 8 11
2119
6 24 15 22 26 7 27 5 11 8 4 25 28 2 1 20 0 23 12 9 19 3 17 16 13 21 10 14 18
2130
15 24 6 22 26 7 27 5 11 8 4 25 28 2 1 20 0 23 12 9 19 3 17 16 21 13 14 10 18
2115
23 12 9 19 3 17 16 21 13 14 10 18 15 24 6 22 26 7 27 5 11 8 4 25 28 2 1 20 0
2115
7 26 22 6 24 15 18 10 14 13 21 16 17 3 9 19 1 20 12 23 0 4 2 28 25 8 11 5 27
2240
24 15 22 26 7 27 5 11 8 4 25 28 2 1 20 0 23 12 9 19 3 17 16 13 21 10 14 18 6
2130
18 6 24 10 14 13 21 16 17 3 19 9 12 23 0 20 1 2 28 25 4 8 11 5 27 7 22 26 15
2151
12 9 19 3 17 16 13 21 10 14 18 6 24 15 22 26 7 27 5 11 8 4 25 28 2 1 20 0 23
2130
27 5 11 8 4 25 28 2 1 20 19 9 3 17 16 21 13 14 10 24 6 18 15 12 23 26 22 7 0
2123
20 0 27 11 5 4 8 25 28 2 1 19 9 3 17 16 21 13 10 14 6 24 18 12 15 22 26 7 23
2247
9 12 23 0 20 1 2 28 25 4 8 11 5 27 7 26 22 6 24 15 18 14 10 21 16 13 17 3 19
2094
28 25 4 8 5 11 27 7 22 26 15 24 6 18 14 10 21 16 13 17 3 19 9 12 23 0 20 1 2
2169
21 13 10 14 18 15 24 6 22 26 7 27 5 11 8 4 25 28 2 1 20 0 23 12 9 19 3 17 16
2113
27 5 11 8 4 25 28 2 1 20 19 9 3 17 16 21 13 14 10 6 24 18 15 12 23 26 22 7 0
2123
2 28 1 20 4 0 23 12 19 9 3 14 17 16 21 13 10 18 6 24 15 22 26 7 27 5 11 8 25
2220
22 7 27 5 11 8 4 25 2 28 0 23 12 20 1 19 9 3 17 16 21 13 14 10 18 6 24 15 26
2260
18 14 10 21 13 16 17 3 19 9 12 23 0 20 1 2 28 25 4 8 11 5 27 7 26 22 15 24 6
2130
4 25 28 2 1 20 19 9 3 17 16 13 21 10 14 18 6 24 15 12 23 26 22 7 0 27 5 11 8
2104
7 26 22 6 24 15 18 10 14 13 21 16 17 3 9 19 1 20 12 23 0 5 11 8 28 2 25 4 27
2259
19 12 23 0 20 1 2 28 25 4 8 11 5 27 7 22 26 15 24 6 18 14 10 13 21 16 17 3 9
2153
8 11 5 27 0 20 23 7 26 22 15 12 18 6 24 14 10 21 16 13 17 3 9 19 1 2 28 25 4
2189
20 1 2 28 25 8 4 11 5 27 0 7 12 15 23 26 22 6 24 18 3 14 10 13 21 16 17 9 19
2214
16 17 3 19 9 12 23 0 20 1 2 28 25 4 8 11 5 27 7 26 22 6 24 15 18 10 14 13 21
2115
19 9 12 23 0 20 1 2 28 25 4 8 11 5 27 7 26 22 6 24 15 18 14 10 21 13 16 17 3
2092
14 18 15 24 6 22 26 7 27 5 11 8 4 25 28 2 1 20 0 23 12 9 19 3 17 13 16 21 10
2094
1 2 28 25 4 8 5 11 27 0 20 12 23 7 22 26 15 24 6 18 10 14 13 21 16 17 3 9 19
2176
15 26 22 7 27 5 11 8 4 25 28 2 1 20 0 23 12 9 19 3 17 16 21 13 14 10 24 6 18
2151
15 18 6 24 10 14 13 21 16 17 3 19 9 12 23 0 20 1 2 28 25 4 8 11 5 27 7 22 26
2151
4 25 2 28 1 20 0 23 12 9 19 3 17 16 21 13 10 14 18 6 24 15 26 22 7 27 5 11 8
2161
27 7 26 22 6 24 15 18 14 10 21 16 13 17 3 19 9 12 23 0 20 1 2 28 25 4 8 11 5
2094
16 17 3 19 9 12 23 0 20 1 2 28 25 4 8 11 5 27 7 26 22 6 24 15 18 14 10 13 21
2113
28 1 20 0 23 12 9 19 3 17 16 21 13 10 14 18 6 24 15 22 26 7 27 5 11 8 4 25 2
2159
23 0 20 1 2 28 25 4 8 11 5 27 7 26 22 6 24 15 18 10 14 13 21 16 17 3 19 9 12
2115
7 26 22 6 24 15 18 14 10 13 21 16 17 3 9 19 1 20 12 23 0 4 25 2 28 8 11 5 27
2240
22 7 27 5 11 8 28 2 25 4 0 23 12 20 1 19 9 3 17 16 13 21 10 14 18 6 24 15 26
2259
20 1 19 9 3 17 16 13 21 10 14 18 6 24 15 26 22 7 23 12 0 27 5 11 8 4 25 2 28
2153
2 1 20 4 0 23 12 9 19 3 14 17 16 21 13 10 18 6 24 15 22 26 7 27 5 11 8 25 28
2212
5 11 8 4 25 28 2 1 20 0 23 12 9 19 3 17 16 13 21 10 14 18 15 24 6 22 26 7 27
2092
12 23 0 20 1 2 28 25 4 8 11 5 27 7 22 26 15 18 6 24 10 14 13 21 16 17 3 19 9
2151
21 16 17 19 9 3 12 23 0 20 1 2 28 25 4 8 11 5 27 7 26 22 15 24 6 18 14 10 13
2191
12 23 7 26 22 6 24 15 18 14 10 13 21 16 17 3 9 19 1 20 4 25 2 28 8 11 5 27 0
2156
14 13 21 16 17 3 19 9 12 23 0 20 1 2 28 25 4 8 11 5 27 7 26 22 6 24 15 18 10
2115
13 21 16 17 3 9 19 1 20 12 23 0 4 2 28 25 8 11 5 27 7 22 26 15 18 6 24 10 14
2276
3 19 9 12 23 0 20 1 2 28 25 4 8 11 5 27 7 22 26 15 18 6 24 10 14 13 21 16 17
2151
8 11 5 27 0 20 12 23 7 26 22 6 24 15 18 14 10 13 21 16 17 3 9 19 1 2 28 25 4
2099
4 20 1 2 28 25 8 11 0 23 12 9 19 3 17 16 13 21 10 14 18 15 24 6 22 26 7 27 5
2200
20 0 23 12 9 19 3 17 16 21 13 10 14 18 15 24 6 22 26 7 27 5 11 4 8 25 28 2 1
2151
6 18 14 10 13 21 16 17 3 9 19 1 20 12 23 0 4 25 2 28 8 11 5 27 7 22 26 15 24
2280
21 16 17 3 19 9 12 23 0 20 1 2 28 25 4 8 11 5 27 7 22 26 15 18 6 24 10 14 13
2151
28 2 1 20 19 9 3 14 10 13 21 16 17 24 6 18 12 15 23 26 22 7 0 27 5 11 4 8 25
2217
16 21 13 14 10 24 6 18 15 26 22 7 27 5 11 8 25 28 2 4 0 23 12 20 1 19 9 3 17
2276
9 19 3 17 16 21 13 14 10 24 6 18 15 26 22 7 27 5 11 8 4 25 28 2 1 20 0 23 12
2151
22 15 24 6 18 14 10 21 13 16 17 3 19 9 12 23 0 20 1 2 28 25 4 8 11 5 27 7 26
2130
7 23 12 0 27 5 11 8 28 2 25 4 20 1 19 9 3 17 16 21 13 10 14 18 15 24 6 22 26
2156
28 25 8 4 5 11 27 0 7 22 26 23 12 15 24 6 18 14 10 21 16 13 17 3 9 19 20 1 2
2145
10 6 24 18 15 22 26 7 27 5 11 20 4 8 25 28 2 1 0 23 12 9 19 3 14 17 16 13 21
2223
10 18 15 24 6 22 26 7 23 12 0 27 5 11 8 28 2 25 4 20 1 19 9 3 14 17 13 16 21
2105
20 1 19 9 3 17 16 21 13 14 10 18 6 24 15 26 22 7 23 12 0 27 5 11 8 4 25 2 28
2176
25 2 28 1 19 9 3 17 16 13 21 10 14 18 6 24 15 22 26 7 23 12 20 0 27 5 11 8 4
2124
25 2 28 1 19 9 14 10 13 21 16 17 3 18 6 24 15 22 26 7 23 12 20 0 27 5 11 8 4
2195
2 25 4 8 11 5 27 0 7 22 26 23 15 12 18 24 6 10 14 17 16 21 13 3 9 19 20 1 28
2142
15 18 6 24 10 14 13 21 16 17 3 19 9 12 23 0 20 1 2 28 25 4 8 11 5 27 7 22 26
2151
10 21 13 16 17 14 3 9 19 1 20 12 23 0 28 2 25 4 8 11 5 27 7 22 26 15 18 24 6
2201
26 7 27 11 5 8 28 2 25 4 0 23 12 20 1 19 9 3 17 13 16 21 10 14 18 15 24 6 22
2256
4 8 25 28 2 1 20 19 9 3 17 16 13 21 10 14 18 12 15 24 6 22 26 23 7 0 27 11 5
2113
17 16 21 13 14 10 18 15 24 6 22 26 7 27 5 11 8 4 25 28 2 1 20 0 23 12 9 19 3
2115
11 5 27 0 20 12 23 7 26 22 6 24 15 18 10 14 13 21 16 17 3 9 19 1 2 28 25 4 8
2101
14 10 13 21 16 17 3 19 9 12 23 0 20 1 2 28 25 4 8 11 5 27 7 26 22 6 24 15 18
2113
28 25 8 4 5 11 27 0 7 12 15 23 26 22 6 24 18 3 14 10 13 21 16 17 9 19 20 1 2
2215
18 15 24 6 22 26 7 27 5 11 8 4 25 28 2 1 20 0 23 12 9 19 3 17 16 21 13 10 14
2113
4 8 11 5 27 0 7 22 26 23 15 12 18 6 24 10 14 13 21 16 17 3 9 19 20 1 28 2 25
2134
16 17 3 19 9 12 23 0 20 1 2 28 25 4 8 11 5 27 7 22 26 15 24 6 18 14 10 21 13
2132
14 10 18 15 24 6 22 26 7 23 12 0 27 5 11 8 25 28 2 4 20 1 19 9 3 17 16 21 13
2156
24 15 18 10 14 13 21 16 17 3 19 9 12 23 0 20 1 2 28 25 4 8 11 5 27 7 26 22 6
2115
26 7 27 5 11 8 4 25 28 2 1 20 0 23 12 9 19 3 17 16 21 13 14 10 18 15 24 6 22
2115
17 16 21 13 10 14 18 6 24 15 22 26 7 27 5 11 8 4 25 28 2 1 20 0 23 12 19 9 3
2151
9 19 1 20 12 23 0 4 2 28 25 8 11 5 27 7 26 22 6 24 15 18 14 10 21 16 13 17 3
2219
27 5 11 8 4 25 28 2 1 19 9 3 17 16 13 21 10 14 18 6 24 15 22 26 7 23 12 20 0
2116
24 15 18 10 14 13 21 16 17 3 9 19 1 20 12 23 0 11 8 28 2 25 4 5 27 7 26 22 6
2257
21 16 17 3 9 19 1 20 12 23 0 5 4 2 28 25 8 11 27 7 26 22 6 24 15 18 10 14 13
2254
13 14 10 18 15 24 6 22 26 7 27 11 8 28 2 25 4 5 0 23 12 20 1 19 9 3 17 16 21
2256
7 22 26 15 24 6 18 10 14 13 21 16 17 3 9 19 1 20 12 23 0 4 2 28 25 8 11 5 27
2280
6 18 14 10 13 21 16 17 3 9 19 1 20 12 23 0 28 2 25 4 8 11 5 27 7 22 26 15 24
2258
27 5 11 8 4 25 28 2 1 19 9 3 17 16 21 13 10 14 6 24 18 12 15 22 26 7 23 20 0
2208
19 9 12 3 14 18 23 1 20 4 2 28 25 8 11 5 27 0 7 22 26 15 24 6 10 21 16 13 17
2353
14 10 13 21 16 17 3 19 9 12 23 0 20 1 2 28 25 4 8 11 5 27 7 26 22 6 24 15 18
2113
22 26 15 24 6 18 10 14 13 21 16 17 3 9 19 1 20 12 23 0 4 28 2 25 8 11 5 27 7
2283
3 19 9 12 23 0 20 1 2 28 25 4 8 11 5 27 7 22 26 15 18 6 24 10 14 13 21 16 17
2151
5 11 8 4 25 28 2 1 20 19 9 12 3 17 16 21 13 10 14 18 24 6 15 22 26 23 7 0 27
2147
7 27 5 11 8 4 25 28 2 1 20 0 23 12 9 19 3 17 16 13 21 10 14 18 6 24 15 26 22
2132
9 19 1 20 12 23 0 4 25 2 28 8 11 5 27 7 26 22 6 24 15 18 14 10 13 21 16 17 3
2240
