11 5 4 3 13 2 1 0 9 10 8 7 12 6
3453
10 7 12 6 4 5 11 3 2 13 1 0 9 8
3436
13 2 3 4 5 11 6 12 10 9 8 7 0 1
3428
10 8 7 12 6 4 5 11 3 2 13 1 0 9
3477
7 8 10 9 0 1 13 2 3 4 11 5 6 12
3467
1 13 2 3 4 11 5 6 12 7 10 8 9 0
3426
8 10 7 12 6 4 5 11 3 2 13 1 0 9
3436
10 8 7 12 6 4 5 11 3 2 13 1 0 9
3477
10 7 12 6 5 11 4 3 2 13 1 0 9 8
3426
7 13 2 3 4 5 11 6 12 8 10 9 0 1
3506
10 7 12 6 5 11 4 3 2 13 1 0 9 8
3426
2 3 4 5 11 6 12 7 10 8 9 0 1 13
3352
11 13 6 12 7 8 10 9 0 1 2 3 4 5
3494
2 13 1 0 8 9 10 7 12 6 11 5 4 3
3406
3 2 13 1 0 9 8 10 7 12 6 11 5 4
3352
11 5 4 3 2 13 1 0 7 10 8 9 12 6
3434
2 3 4 5 11 6 12 7 10 8 9 0 1 13
3352
12 7 10 8 9 0 1 2 3 4 5 11 13 6
3453
4 3 2 13 1 0 7 10 9 8 12 6 11 5
3438
0 9 10 8 7 12 6 5 11 4 3 2 13 1
3467
13 3 4 5 11 6 12 10 9 8 7 0 1 2
3488
6 11 5 4 3 2 13 1 0 7 10 8 9 12
3434
13 1 0 7 8 9 10 12 6 11 5 4 3 2
3428
1 2 13 3 11 5 4 6 12 8 10 9 0 7
3589
6 13 11 5 4 3 2 1 0 7 9 8 10 12
3515
6 12 10 9 8 7 0 1 2 13 3 4 5 11
3488
11 6 12 7 9 8 10 0 1 13 2 3 4 5
3407
11 6 12 8 9 10 7 0 1 13 2 3 4 5
3438
3 4 5 11 6 12 7 10 8 9 0 1 13 2
3352
2 13 1 0 9 8 10 7 12 6 11 5 4 3
3352
0 7 1 2 13 3 11 5 4 6 12 8 10 9
3589
5 4 3 13 2 1 0 9 8 10 7 12 6 11
3412
3 4 5 11 6 12 7 10 8 9 0 1 13 2
3352
0 1 13 2 3 4 11 5 6 12 7 10 8 9
3426
5 4 3 13 2 1 0 9 8 10 7 12 6 11
3412
13 2 3 4 5 11 6 12 10 9 8 7 0 1
3428
7 1 0 9 8 10 12 6 11 5 4 3 2 13
3455
8 9 0 1 13 2 3 4 11 5 6 12 7 10
3426
6 11 5 4 3 2 13 1 0 7 9 8 10 12
3414
10 9 0 1 13 2 3 4 11 5 6 12 7 8
3467
13 11 5 4 3 2 1 0 9 8 10 7 12 6
3453
13 2 3 4 5 11 6 12 7 9 8 10 0 1
3407
12 6 11 5 4 3 2 13 1 0 7 9 8 10
3414
9 8 10 0 7 12 6 4 5 11 3 2 13 1
3474
2 3 4 5 11 6 12 10 8 9 7 0 1 13
3414
7 12 6 5 11 4 3 2 13 1 0 9 8 10
3426
12 10 8 9 7 0 1 2 13 3 4 5 11 6
3474
0 1 13 2 3 11 5 4 6 12 7 10 8 9
3436
11 5 4 3 2 1 0 7 10 9 8 12 6 13
3539
8 10 12 6 11 5 4 3 2 13 7 1 0 9
3455
4 5 11 13 6 12 10 8 9 7 0 1 2 3
3515
2 3 4 5 11 6 12 10 8 9 7 0 1 13
3414
6 11 5 4 3 2 13 1 0 7 8 9 10 12
3428
1 7 13 2 3 4 5 11 6 12 10 8 9 0
3455
0 7 1 2 13 3 11 5 4 6 12 10 8 9
3538
6 11 5 4 3 2 13 1 0 10 8 9 7 12
3407
10 9 0 7 1 2 3 13 11 5 4 6 12 8
3593
8 7 12 6 5 11 4 3 2 13 1 0 9 10
3467
3 4 5 11 6 12 10 8 9 7 0 1 13 2
3414
9 8 10 7 12 6 4 5 11 3 2 13 1 0
3436
3 2 13 1 0 9 8 10 7 12 6 11 5 4
3352
8 10 9 0 1 7 13 2 3 4 5 11 6 12
3506
11 6 12 10 9 8 7 0 1 13 2 3 4 5
3428
3 4 5 11 6 12 7 10 8 9 0 1 13 2
3352
10 8 9 0 1 13 2 3 11 5 4 6 12 7
3436
4 3 13 2 1 0 7 9 8 10 12 6 11 5
3474
6 12 9 8 10 7 0 1 13 2 3 4 5 11
3434
6 4 5 11 13 3 2 1 0 9 8 10 7 12
3500
11 6 12 7 9 8 10 0 1 2 13 3 4 5
3467
6 12 10 9 8 7 0 1 2 3 4 5 11 13
3529
6 11 5 4 3 2 13 1 0 9 10 8 7 12
3393
10 9 0 1 13 2 3 11 5 4 6 12 7 8
3477
2 13 1 0 7 9 8 10 12 6 11 5 4 3
3414
6 12 7 9 8 10 0 1 2 13 3 4 5 11
3467
1 7 13 2 3 4 5 11 6 12 8 10 9 0
3506
11 13 6 12 10 8 9 7 0 1 2 3 4 5
3515
2 13 1 0 9 8 10 7 12 6 11 5 4 3
3352
12 7 8 10 9 0 1 2 3 4 5 11 13 6
3494
8 9 0 7 1 2 13 3 11 5 4 6 12 10
3538
3 4 5 11 6 12 7 10 8 9 0 1 13 2
3352
7 13 2 3 4 5 11 6 12 10 8 9 0 1
3455
0 1 7 13 2 3 4 5 11 6 12 8 10 9
3506
11 5 4 3 2 13 1 0 7 8 9 10 12 6
3428
2 3 4 5 11 6 12 7 10 8 9 0 1 13
3352
13 1 0 9 8 10 7 12 6 11 5 4 3 2
3352
1 0 9 10 8 7 12 6 5 11 4 3 2 13
3467
5 4 3 2 1 0 7 8 9 10 12 6 13 11
3529
11 5 4 3 2 13 1 0 10 8 9 7 12 6
3407
2 13 1 7 0 9 8 10 12 6 11 5 4 3
3394
6 12 7 10 8 9 0 1 2 13 3 4 5 11
3412
3 2 13 1 7 0 9 8 10 12 6 11 5 4
3394
5 4 3 2 13 1 0 7 10 8 9 12 6 11
3434
11 6 12 10 8 9 7 0 1 13 2 3 4 5
3414
10 8 9 0 1 13 2 3 4 11 5 6 12 7
3426
5 11 13 6 12 7 8 10 9 0 1 2 3 4
3494
13 6 12 8 9 10 7 0 1 2 3 4 5 11
3539
12 6 11 5 4 3 2 13 1 0 9 8 10 7
3352
10 7 12 6 4 5 11 3 2 13 1 0 9 8
3436
12 6 11 5 4 3 2 13 1 0 9 8 10 7
3352
4 3 2 13 1 0 9 8 10 7 12 6 11 5
3352
4 3 2 1 0 9 8 10 7 12 6 13 11 5
3453
13 2 3 4 5 11 6 12 7 10 8 9 0 1
3352
2 13 1 0 8 9 10 7 12 6 11 5 4 3
3406
2 13 1 0 9 8 10 7 12 6 11 5 4 3
3352
6 12 7 9 8 10 0 1 13 2 3 4 5 11
3407
4 3 2 13 1 0 9 8 10 7 12 6 11 5
3352
9 8 10 12 6 11 5 4 3 2 13 7 1 0
3455
7 12 6 5 11 4 3 2 13 1 0 9 10 8
3467
7 1 2 3 13 11 5 4 6 12 8 10 9 0
3593
2 13 1 0 8 9 10 7 12 6 11 5 4 3
3406
10 9 0 7 1 2 13 3 11 5 4 6 12 8
3589
10 7 12 6 5 11 4 3 2 13 1 0 9 8
3426
6 11 5 4 3 13 2 1 0 10 8 9 7 12
3467
7 12 6 5 11 4 3 2 13 1 0 9 8 10
3426
7 12 6 4 5 11 3 2 13 1 0 9 8 10
3436
9 8 10 12 6 4 5 11 3 13 2 1 7 0
3538
2 13 1 0 9 8 10 7 12 6 11 5 4 3
3352
4 3 2 13 1 0 9 10 8 7 12 6 11 5
3393
4 5 11 13 6 12 7 10 8 9 0 1 2 3
3453
0 9 8 10 7 12 6 4 5 11 3 2 13 1
3436
2 13 1 0 9 8 10 7 12 6 11 5 4 3
3352
3 4 5 11 6 12 10 8 9 0 7 1 13 2
3394
10 8 12 6 4 5 11 13 3 2 1 7 0 9
3593
6 12 8 9 10 7 0 1 13 2 3 4 5 11
3438
9 8 10 12 6 11 5 4 3 2 13 7 1 0
3455
11 6 12 7 9 8 10 0 1 13 2 3 4 5
3407
1 13 2 3 4 11 5 6 12 7 8 10 9 0
3467
4 3 2 1 0 9 8 10 7 12 6 13 11 5
3453
8 9 0 1 13 2 3 4 11 5 6 12 7 10
3426
4 5 11 13 6 12 10 8 9 7 0 1 2 3
3515
2 13 1 7 0 9 8 10 12 6 11 5 4 3
3394
2 13 1 7 0 9 8 10 12 6 11 5 4 3
3394
7 10 8 9 0 1 13 2 3 4 11 5 6 12
3426
0 9 10 8 12 6 4 5 11 3 13 2 1 7
3589
8 10 9 0 1 13 2 3 4 11 5 6 12 7
3467
8 7 12 6 5 11 4 3 2 13 1 0 9 10
3467
12 7 9 8 10 0 1 2 13 3 4 5 11 6
3467
8 12 6 11 5 4 3 2 13 7 1 0 9 10
3506
7 12 6 5 11 4 3 2 13 1 0 9 8 10
3426
8 10 7 12 6 5 11 4 3 2 13 1 0 9
3426
1 7 13 2 3 4 5 11 6 12 10 8 9 0
3455
11 5 4 3 2 13 1 0 7 10 9 8 12 6
3438
11 6 12 7 8 10 9 0 1 13 2 3 4 5
3393
2 13 1 0 9 8 10 7 12 6 11 5 4 3
3352
7 12 6 5 11 4 3 2 13 1 0 9 10 8
3467
13 2 3 4 5 11 6 12 7 9 8 10 0 1
3407
5 4 3 2 1 0 9 10 8 7 12 6 13 11
3494
13 1 0 9 8 10 7 12 6 5 11 4 3 2
3426
4 5 11 6 12 10 8 9 7 0 1 13 2 3
3414
4 3 2 13 1 0 7 9 8 10 12 6 11 5
3414
13 11 5 4 3 2 1 0 9 10 8 7 12 6
3494
11 13 3 2 1 0 9 8 10 7 12 6 4 5
3500
12 6 11 5 4 3 2 13 1 0 9 8 10 7
3352
12 6 11 5 4 3 13 2 1 0 9 8 10 7
3412
5 11 6 12 7 10 8 9 0 1 13 2 3 4
3352
8 10 12 6 11 5 4 3 2 13 7 1 0 9
3455
6 11 5 4 3 13 2 1 0 9 8 10 7 12
3412
5 4 3 13 2 1 0 9 8 10 7 12 6 11
3412
0 9 8 10 7 12 6 5 11 4 3 2 13 1
3426
9 8 10 0 7 12 6 5 11 4 3 2 13 1
3464
9 0 1 7 13 2 3 4 5 11 6 12 10 8
3455
0 1 13 2 3 4 11 5 6 12 7 10 8 9
3426
11 5 4 3 2 1 0 9 8 10 7 12 6 13
3453
5 4 3 2 1 0 9 8 10 7 12 6 13 11
3453
5 4 3 2 13 1 0 7 9 8 10 12 6 11
3414
10 8 9 0 1 13 2 3 4 11 5 6 12 7
3426
6 11 5 4 3 2 13 1 0 9 8 10 7 12
3352
5 11 13 6 12 7 10 8 9 0 1 2 3 4
3453
9 0 1 13 2 3 4 11 5 6 12 7 10 8
3426
10 8 12 6 11 5 4 3 2 13 7 1 0 9
3506
6 12 7 8 10 9 0 1 13 2 3 4 5 11
3393
5 11 6 12 8 9 10 7 0 1 2 13 3 4
3498
1 7 0 9 8 10 12 6 4 5 11 13 3 2
3542
1 7 0 9 8 10 12 6 4 5 11 13 3 2
3542
5 4 3 13 2 1 0 7 10 9 8 12 6 11
3498
0 9 8 10 12 6 11 5 4 3 2 13 7 1
3455
2 13 1 0 9 8 10 7 12 6 11 5 4 3
3352
1 7 0 9 10 8 12 6 4 5 11 13 3 2
3593
12 10 9 8 7 0 1 2 13 3 4 5 11 6
3488
2 13 1 0 7 10 9 8 12 6 11 5 4 3
3438
9 1 0 7 13 2 3 4 5 11 6 12 10 8
3458
8 10 9 0 1 13 2 3 4 11 5 6 12 7
3467
3 2 13 1 0 7 9 8 10 12 6 11 5 4
3414
10 8 9 0 1 13 2 3 11 5 4 6 12 7
3436
5 11 6 12 9 8 10 7 0 1 13 2 3 4
3434
3 4 5 11 6 12 7 10 8 9 0 1 13 2
3352
3 4 5 11 6 12 7 10 8 9 0 1 13 2
3352
3 4 5 11 6 12 7 10 8 9 0 1 13 2
3352
7 13 2 3 4 5 11 6 12 8 10 9 0 1
3506
2 3 4 5 11 6 12 7 10 9 8 0 1 13
3406
3 4 5 11 6 12 7 10 8 9 0 1 13 2
3352
12 6 11 5 4 3 13 2 1 0 7 10 9 8
3498
12 7 10 8 9 0 1 2 3 4 5 11 13 6
3453
3 2 13 1 7 0 9 8 10 12 6 11 5 4
3394
2 3 4 5 11 6 12 10 8 9 0 7 1 13
3394
9 8 10 12 6 11 5 4 3 2 13 7 0 1
3458
9 1 0 7 13 2 3 4 11 5 6 12 10 8
3532
5 4 3 2 13 1 0 7 8 9 10 12 6 11
3428
13 1 0 10 8 9 7 12 6 11 5 4 3 2
3407
7 12 6 5 11 4 3 2 13 1 0 9 10 8
3467
12 7 10 8 9 0 1 13 2 3 4 11 5 6
3426
8 10 9 0 1 13 2 3 11 5 4 6 12 7
3477
13 1 0 7 10 9 8 12 6 11 5 4 3 2
3438
10 8 9 0 7 1 2 13 3 11 5 4 6 12
3538
10 8 12 6 4 5 11 13 3 2 1 7 0 9
3593
4 5 11 6 12 7 8 10 9 0 1 13 2 3
3393
0 1 7 13 2 3 4 5 11 6 12 8 10 9
3506
4 5 11 6 12 7 8 10 9 0 1 2 13 3
3453
1 0 9 8 10 7 12 6 5 11 4 3 2 13
3426
7 8 10 9 0 1 13 2 3 11 5 4 6 12
3477
1 0 9 8 10 7 12 6 5 11 4 3 2 13
3426
11 6 12 7 9 8 10 0 1 2 13 3 4 5
3467
8 7 12 6 4 5 11 3 2 13 1 0 9 10
3477
13 6 12 7 10 8 9 0 1 2 3 4 5 11
3453
4 3 13 2 1 0 7 10 8 9 12 6 11 5
3494
8 10 9 0 7 1 2 13 3 11 5 4 6 12
3589
9 1 13 2 3 11 5 4 6 12 7 0 10 8
3474
8 7 12 6 5 11 4 3 2 13 1 0 9 10
3467
1 0 9 8 10 12 6 11 5 4 3 2 13 7
3455
1 0 9 8 10 7 12 6 4 5 11 3 2 13
3436
3 2 13 1 7 0 9 8 10 12 6 11 5 4
3394
10 9 0 1 13 2 3 11 5 4 6 12 7 8
3477
5 11 6 12 7 10 8 9 0 1 13 2 3 4
3352
9 8 10 12 6 11 5 4 3 2 13 7 1 0
3455
6 12 7 10 8 9 0 1 2 3 13 11 5 4
3500
6 11 5 4 3 2 13 1 0 9 8 10 7 12
3352
0 9 8 10 7 12 6 5 11 4 3 2 13 1
3426
13 3 2 1 0 9 8 10 7 12 6 4 5 11
3500
10 8 9 0 1 7 13 2 3 4 5 11 6 12
3455
10 8 9 0 1 13 2 3 4 11 5 6 12 7
3426
2 3 4 5 11 6 12 10 8 9 7 0 1 13
3414
10 8 12 6 11 5 4 3 2 13 7 1 0 9
3506
5 4 3 2 13 1 0 7 10 9 8 12 6 11
3438
3 2 13 1 0 9 8 10 7 12 6 11 5 4
3352
6 11 5 4 3 13 2 1 0 10 8 9 7 12
3467
8 10 12 6 11 5 4 3 2 13 7 1 0 9
3455
10 8 9 0 1 13 2 3 11 5 4 6 12 7
3436
1 0 9 10 8 7 12 6 4 5 11 3 2 13
3477
7 10 8 9 0 1 13 2 3 11 5 4 6 12
3436
4 5 11 6 12 9 8 10 7 0 1 2 13 3
3494
11 6 12 7 10 8 9 0 1 2 13 3 4 5
3412
3 2 13 1 0 9 8 10 7 12 6 11 5 4
3352
5 11 13 6 12 10 9 8 7 0 1 2 3 4
3529
3 4 5 11 6 12 7 10 8 9 0 1 13 2
3352
5 4 3 13 2 1 0 9 10 8 7 12 6 11
3453
13 2 3 4 5 11 6 12 10 9 8 7 0 1
3428
4 6 12 7 10 8 9 0 1 2 3 13 11 5
3500
0 9 8 10 12 6 11 5 4 3 2 13 7 1
3455
10 12 6 11 5 4 3 2 13 7 1 0 9 8
3455
3 2 13 1 0 9 8 10 7 12 6 11 5 4
3352
9 7 0 1 2 3 13 11 5 4 6 12 10 8
3562
4 3 2 13 1 0 9 8 10 7 12 6 11 5
3352
6 12 7 10 8 9 0 1 13 2 3 4 5 11
3352
8 9 0 1 13 2 3 11 5 4 6 12 7 10
3436
9 1 13 2 3 11 5 4 6 12 7 0 10 8
3474
3 2 13 1 0 8 9 10 7 12 6 11 5 4
3406
8 9 0 7 1 2 13 3 11 5 4 6 12 10
3538
3 4 5 11 6 12 7 10 8 9 0 1 13 2
3352
3 4 5 11 6 12 7 10 9 8 0 1 13 2
3406
12 6 13 11 5 4 3 2 1 0 9 8 10 7
3453
5 4 3 2 1 0 9 8 10 7 12 6 13 11
3453
8 9 0 1 13 2 3 11 5 4 6 12 7 10
3436
12 6 11 5 4 3 13 2 1 0 9 10 8 7
3453
4 3 13 2 1 0 7 10 9 8 12 6 11 5
3498
10 8 9 0 1 7 13 2 3 4 5 11 6 12
3455
2 13 1 0 7 9 8 10 12 6 11 5 4 3
3414
4 3 2 13 1 0 7 10 8 9 12 6 11 5
3434
11 5 4 3 2 13 1 0 7 9 8 10 12 6
3414
2 3 4 5 11 6 12 7 10 8 9 0 1 13
3352
0 9 8 10 7 12 6 5 11 4 3 2 13 1
3426
7 12 6 4 5 11 3 2 13 1 0 9 8 10
3436
10 8 9 0 1 13 2 3 11 5 4 6 12 7
3436
10 8 12 6 11 5 4 3 2 13 7 1 0 9
3506
12 6 13 11 5 4 3 2 1 0 7 9 8 10
3515
6 12 7 8 10 9 0 1 2 13 3 4 5 11
3453
13 2 1 0 7 10 8 9 12 6 11 5 4 3
3494
4 5 11 13 6 12 10 8 9 7 0 1 2 3
3515
7 12 6 5 11 4 3 2 13 1 0 9 10 8
3467
7 1 2 3 13 11 5 4 6 12 8 10 9 0
3593
9 8 10 0 7 12 6 5 11 4 3 2 13 1
3464
2 3 4 5 11 6 12 7 10 8 9 0 1 13
3352
1 0 9 8 10 7 12 6 5 11 4 3 2 13
3426
3 2 13 1 0 8 9 10 7 12 6 11 5 4
3406
11 5 4 3 2 13 1 0 9 8 10 7 12 6
3352
7 12 6 4 5 11 3 2 13 1 0 9 10 8
3477
5 4 3 2 13 1 0 9 8 10 7 12 6 11
3352
8 9 0 7 1 2 13 3 11 5 4 6 12 10
3538
7 8 10 9 0 1 13 2 3 11 5 4 6 12
3477
7 12 6 5 11 4 3 2 13 1 0 9 10 8
3467
6 12 7 10 8 9 0 1 2 3 4 5 11 13
3453
8 10 12 6 11 5 4 3 2 13 7 1 0 9
3455
0 1 13 2 3 4 11 5 6 12 7 8 10 9
3467
11 5 4 3 13 2 1 0 7 9 8 10 12 6
3474
1 13 2 3 4 11 5 6 12 7 8 10 9 0
3467
5 11 6 12 7 9 8 10 0 1 13 2 3 4
3407
0 9 8 10 12 6 11 5 4 3 2 13 7 1
3455
6 4 5 11 13 3 2 1 0 9 8 10 7 12
3500
0 1 13 2 3 11 5 4 6 12 7 10 8 9
3436
9 1 13 2 3 4 11 5 6 12 7 0 10 8
3464
12 6 11 5 4 3 13 2 1 0 10 8 9 7
3467
11 4 3 13 2 1 0 9 8 10 7 12 6 5
3486
0 9 8 10 7 12 6 4 5 11 3 2 13 1
3436
12 6 13 11 5 4 3 2 1 0 7 8 9 10
3529
11 5 4 3 2 13 1 0 9 8 10 7 12 6
3352
12 8 9 10 7 0 1 2 3 4 5 11 13 6
3539
5 11 13 6 12 7 8 10 9 0 1 2 3 4
3494
5 11 6 12 8 9 10 7 0 1 13 2 3 4
3438
6 12 9 8 10 7 0 1 13 2 3 4 5 11
3434
12 7 10 8 9 0 1 2 3 4 5 11 13 6
3453
3 4 5 11 6 12 7 10 8 9 0 1 13 2
3352
0 1 7 13 2 3 4 5 11 6 12 8 10 9
3506
6 12 10 8 9 7 0 1 13 2 3 4 5 11
3414
6 12 7 10 8 9 0 1 2 13 3 4 5 11
3412
10 12 6 4 5 11 13 3 2 1 7 0 9 8
3542
6 12 7 8 10 9 0 1 13 2 3 4 5 11
3393
1 7 13 2 3 4 5 11 6 12 10 8 9 0
3455
11 6 12 9 8 10 7 0 1 2 13 3 4 5
3494
7 12 6 5 11 4 3 2 13 1 0 9 8 10
3426
1 0 9 8 10 7 12 6 4 5 11 3 2 13
3436
12 6 11 5 4 3 2 13 1 0 9 10 8 7
3393
12 6 5 11 4 3 13 2 1 0 9 8 10 7
3486
4 3 13 2 1 0 9 10 8 7 12 6 11 5
3453
0 9 8 10 12 6 11 5 4 3 2 13 7 1
3455
11 5 4 3 2 1 0 9 10 8 7 12 6 13
3494
9 1 0 7 13 2 3 4 11 5 6 12 10 8
3532
11 5 4 3 13 2 1 0 9 8 10 7 12 6
3412
10 7 12 6 4 5 11 3 2 13 1 0 9 8
3436
12 7 10 8 9 0 1 2 3 4 5 11 13 6
3453
0 7 1 2 3 13 11 5 4 6 12 8 10 9
3593
9 8 10 0 7 12 6 5 11 4 3 2 13 1
3464
1 7 0 9 10 8 12 6 4 5 11 3 13 2
3589
3 4 5 11 6 12 7 10 8 9 0 1 13 2
3352
11 6 12 7 10 8 9 0 1 13 2 3 4 5
3352
1 0 9 8 10 7 12 6 5 11 4 3 2 13
3426
5 11 6 12 7 8 10 9 0 1 2 13 3 4
3453
11 5 4 3 2 13 1 0 9 8 10 7 12 6
3352
3 2 13 1 0 9 8 10 7 12 6 11 5 4
3352
5 4 3 2 13 1 0 7 8 9 10 12 6 11
3428
12 6 11 5 4 3 2 13 1 0 7 9 8 10
3414
0 7 1 2 13 3 11 5 4 6 12 10 8 9
3538
13 1 0 7 10 8 9 12 6 11 5 4 3 2
3434
9 0 1 13 2 3 4 11 5 6 12 7 10 8
3426
13 1 0 9 8 10 7 12 6 11 5 4 3 2
3352
7 12 6 4 5 11 3 2 13 1 0 9 10 8
3477
13 2 3 4 5 11 6 12 7 8 10 9 0 1
3393
2 13 1 0 9 8 10 7 12 6 11 5 4 3
3352
1 0 9 10 8 12 6 11 5 4 3 2 13 7
3506
7 0 9 8 10 12 6 4 5 11 13 3 2 1
3542
0 7 1 2 13 3 11 5 4 6 12 10 8 9
3538
12 7 10 8 9 0 1 13 2 3 4 11 5 6
3426
4 3 2 13 1 0 7 10 9 8 12 6 11 5
3438
9 0 1 13 2 3 4 11 5 6 12 7 10 8
3426
3 2 13 1 0 9 8 10 7 12 6 11 5 4
3352
5 11 6 12 10 8 9 7 0 1 13 2 3 4
3414
10 12 6 11 5 4 3 2 13 7 1 0 9 8
3455
13 2 3 4 5 11 6 12 7 10 8 9 0 1
3352
11 5 4 3 2 13 1 0 7 10 8 9 12 6
3434
12 7 9 8 10 0 1 2 13 3 4 5 11 6
3467
6 12 8 9 10 7 0 1 13 2 3 4 5 11
3438
5 4 3 2 13 1 0 10 8 9 7 12 6 11
3407
5 4 3 2 1 0 9 8 10 7 12 6 13 11
3453
11 5 4 3 2 1 0 9 8 10 7 12 6 13
3453
7 12 6 5 11 4 3 2 13 1 0 9 10 8
3467
3 4 5 11 6 12 7 10 8 9 0 1 13 2
3352
13 2 3 4 5 11 6 12 7 10 8 9 0 1
3352
10 8 9 0 1 13 2 3 11 5 4 6 12 7
3436
6 11 5 4 3 2 13 1 0 7 8 9 10 12
3428
3 2 13 1 0 7 9 8 10 12 6 11 5 4
3414
13 3 4 5 11 6 12 7 10 8 9 0 1 2
3412
8 10 12 6 11 5 4 3 2 13 7 1 0 9
3455
13 2 1 0 9 8 10 7 12 6 11 5 4 3
3412
5 11 13 6 12 7 10 8 9 0 1 2 3 4
3453
2 13 1 0 7 8 9 10 12 6 11 5 4 3
3428
12 7 10 8 9 0 1 2 13 3 4 5 11 6
3412
4 3 13 2 1 0 7 9 8 10 12 6 11 5
3474
4 5 11 6 12 8 9 10 7 0 1 2 13 3
3498
4 5 11 6 12 7 10 8 9 0 1 13 2 3
3352
2 3 4 5 11 6 12 10 8 9 7 0 1 13
3414
1 2 3 13 11 5 4 6 12 10 8 9 0 7
3542
4 3 13 2 1 0 9 8 10 7 12 6 11 5
3412
7 13 2 3 4 5 11 6 12 10 8 9 0 1
3455
11 6 12 7 10 8 9 0 1 13 2 3 4 5
3352
11 6 12 8 9 10 7 0 1 13 2 3 4 5
3438
9 0 1 7 13 2 3 4 5 11 6 12 10 8
3455
9 1 13 2 3 4 11 5 6 12 7 0 10 8
3464
9 8 10 12 6 4 5 11 3 2 13 7 0 1
3542
5 4 3 13 2 1 0 9 8 10 7 12 6 11
3412
6 12 10 8 9 7 0 1 13 2 3 4 5 11
3414
10 9 0 1 7 13 2 3 4 5 11 6 12 8
3506
10 9 0 1 13 2 3 11 5 4 6 12 7 8
3477
7 0 9 10 8 12 6 5 11 4 3 13 2 1
3579
1 7 0 9 8 10 12 6 4 5 11 3 13 2
3538
5 11 4 3 2 13 1 0 9 8 10 7 12 6
3426
10 7 12 6 5 11 4 3 2 13 1 0 9 8
3426
7 10 8 9 0 1 13 2 3 11 5 4 6 12
3436
9 8 10 12 6 5 11 4 3 13 2 1 7 0
3528
2 13 1 7 0 9 8 10 12 6 11 5 4 3
3394
5 11 6 12 7 10 8 9 0 1 13 2 3 4
3352
1 0 9 8 10 12 6 11 5 4 3 2 13 7
3455
12 8 9 10 7 0 1 2 3 4 5 11 13 6
3539
9 1 13 2 3 11 5 4 6 12 7 0 10 8
3474
8 9 0 1 13 2 3 4 11 5 6 12 7 10
3426
6 12 7 10 8 9 0 1 2 13 3 4 5 11
3412
4 3 2 13 1 0 9 10 8 7 12 6 11 5
3393
13 1 0 7 10 8 9 12 6 11 5 4 3 2
3434
11 5 4 3 2 13 1 0 7 8 9 10 12 6
3428
4 5 11 6 12 7 8 10 9 0 1 13 2 3
3393
6 13 11 5 4 3 2 1 0 7 10 9 8 12
3539
6 12 7 8 10 9 0 1 2 3 4 5 11 13
3494
8 10 9 0 7 1 2 13 3 11 5 4 6 12
3589
2 13 1 0 9 8 10 7 12 6 11 5 4 3
3352
10 12 6 4 5 11 13 3 2 1 7 0 9 8
3542
0 1 13 2 3 4 11 5 6 12 7 8 10 9
3467
4 3 13 2 1 0 9 8 10 7 12 6 11 5
3412
2 13 1 0 9 8 10 7 12 6 11 5 4 3
3352
10 8 12 6 11 5 4 3 2 13 7 1 0 9
3506
4 3 13 2 1 0 9 8 10 7 12 6 11 5
3412
6 12 7 10 8 9 0 1 13 2 3 4 5 11
3352
12 7 8 10 9 0 1 13 2 3 4 5 11 6
3393
7 0 9 10 8 12 6 5 11 4 3 13 2 1
3579
12 7 10 8 9 0 1 13 2 3 4 11 5 6
3426
9 8 10 12 6 4 5 11 13 3 2 1 7 0
3542
1 0 9 10 8 7 12 6 5 11 4 3 2 13
3467
8 9 0 1 13 2 3 11 5 4 6 12 7 10
3436
11 6 12 10 8 9 7 0 1 2 13 3 4 5
3474
13 2 3 4 5 11 6 12 7 8 10 9 0 1
3393
5 6 12 7 10 8 9 0 1 13 2 3 4 11
3426
11 13 6 12 7 10 8 9 0 1 2 3 4 5
3453
11 5 4 3 2 13 1 0 7 10 8 9 12 6
3434
11 6 12 10 9 8 7 0 1 13 2 3 4 5
3428
8 10 9 0 1 13 2 3 4 11 5 6 12 7
3467
12 10 8 9 7 0 1 13 2 3 4 5 11 6
3414
6 13 11 5 4 3 2 1 0 7 9 8 10 12
3515
6 12 10 9 8 7 0 1 13 2 3 4 5 11
3428
6 12 7 10 8 9 0 1 2 13 3 4 5 11
3412
2 13 1 0 9 8 10 7 12 6 11 5 4 3
3352
13 2 1 0 9 8 10 7 12 6 11 5 4 3
3412
4 3 2 1 0 9 10 8 7 12 6 13 11 5
3494
10 8 12 6 4 5 11 3 13 2 1 7 0 9
3589
13 2 3 4 5 11 6 12 9 8 10 7 0 1
3434
8 9 0 7 1 2 3 13 11 5 4 6 12 10
3542
3 2 13 1 0 9 8 10 7 12 6 11 5 4
3352
2 3 4 5 11 6 12 10 8 9 7 0 1 13
3414
10 9 0 1 7 13 2 3 4 5 11 6 12 8
3506
3 4 5 11 6 12 7 10 8 9 0 1 13 2
3352
8 10 12 6 4 5 11 3 13 2 1 7 0 9
3538
3 2 13 1 0 9 8 10 7 12 6 11 5 4
3352
6 12 7 10 8 9 0 1 2 3 13 11 5 4
3500
2 13 1 0 9 8 10 7 12 6 11 5 4 3
3352
3 4 5 11 6 12 10 8 9 0 7 1 13 2
3394
5 4 3 2 13 1 0 7 10 9 8 12 6 11
3438
12 10 8 9 7 0 1 13 2 3 4 5 11 6
3414
2 3 4 5 11 6 12 7 10 8 9 0 1 13
3352
7 0 9 10 8 12 6 4 5 11 13 3 2 1
3593
12 7 10 8 9 0 1 13 2 3 4 5 11 6
3352
3 4 5 11 6 12 10 8 9 7 0 1 13 2
3414
9 1 0 7 13 2 3 4 11 5 6 12 10 8
3532
5 11 6 12 7 10 8 9 0 1 13 2 3 4
3352
2 3 4 5 11 6 12 7 10 8 9 0 1 13
3352
11 5 4 3 2 13 1 0 9 8 10 7 12 6
3352
0 9 8 10 7 12 6 4 5 11 3 2 13 1
3436
8 10 9 0 7 1 2 3 13 11 5 4 6 12
3593
9 8 10 7 12 6 4 5 11 3 2 13 1 0
3436
5 6 12 7 10 8 9 0 1 13 2 3 4 11
3426
7 10 8 9 0 1 13 2 3 4 11 5 6 12
3426
1 7 13 2 3 4 5 11 6 12 10 8 9 0
3455
12 6 5 11 4 3 13 2 1 0 9 8 10 7
3486
0 9 8 10 12 6 11 5 4 3 2 13 7 1
3455
11 6 12 10 9 8 7 0 1 2 13 3 4 5
3488
9 1 13 2 3 11 5 4 6 12 7 0 10 8
3474
9 8 10 12 6 11 5 4 3 2 13 7 0 1
3458
6 11 5 4 3 2 13 1 0 9 8 10 7 12
3352
1 2 13 3 4 11 5 6 12 8 10 9 0 7
3579
2 3 4 5 11 6 12 7 10 8 9 0 1 13
3352
10 12 6 11 5 4 3 2 13 7 1 0 9 8
3455
1 0 9 8 10 7 12 6 4 5 11 3 2 13
3436
13 1 0 9 8 10 7 12 6 11 5 4 3 2
3352
7 10 8 9 0 1 13 2 3 11 5 4 6 12
3436
5 4 3 2 13 1 0 7 9 8 10 12 6 11
3414
8 10 12 6 5 11 4 3 13 2 1 7 0 9
3528
13 1 0 10 8 9 7 12 6 11 5 4 3 2
3407
11 5 4 3 2 1 0 7 8 9 10 12 6 13
3529
9 0 1 7 13 2 3 4 5 11 6 12 10 8
3455
8 12 6 4 5 11 13 3 2 1 7 0 9 10
3593
12 8 9 10 7 0 1 2 13 3 4 5 11 6
3498
6 11 5 4 3 2 13 1 0 9 8 10 7 12
3352
12 6 13 11 5 4 3 2 1 0 9 8 10 7
3453
2 3 4 5 11 6 12 10 9 8 7 0 1 13
3428
7 10 8 9 0 1 13 2 3 11 5 4 6 12
3436
8 9 0 1 13 2 3 11 5 4 6 12 7 10
3436
12 7 8 10 9 0 1 2 3 4 5 11 13 6
3494
8 10 12 6 4 5 11 3 13 2 1 7 0 9
3538
9 8 10 12 6 11 5 4 3 2 13 7 0 1
3458
3 2 13 1 0 7 9 8 10 12 6 11 5 4
3414
12 7 10 8 9 0 1 13 2 3 4 5 11 6
3352
4 5 11 6 12 7 8 10 9 0 1 13 2 3
3393
6 12 9 8 10 7 0 1 13 2 3 4 5 11
3434
13 3 4 5 11 6 12 7 9 8 10 0 1 2
3467
8 10 9 0 1 7 13 2 3 4 5 11 6 12
3506
13 2 1 0 7 9 8 10 12 6 11 5 4 3
3474
10 12 6 11 5 4 3 2 13 7 1 0 9 8
3455
5 11 6 12 7 8 10 9 0 1 2 13 3 4
3453
12 9 8 10 7 0 1 2 13 3 4 5 11 6
3494
0 1 13 2 3 4 11 5 6 12 7 8 10 9
3467
1 0 9 8 10 12 6 11 5 4 3 2 13 7
3455
6 5 11 4 3 2 13 1 0 9 8 10 7 12
3426
4 5 11 6 12 7 8 10 9 0 1 13 2 3
3393
4 3 2 13 1 0 9 10 8 7 12 6 11 5
3393
0 9 10 8 7 12 6 4 5 11 3 2 13 1
3477
4 3 2 13 1 0 7 10 8 9 12 6 11 5
3434
5 11 6 12 7 10 8 9 0 1 13 2 3 4
3352
3 4 5 11 6 12 10 8 9 7 0 1 13 2
3414
2 13 1 0 9 8 10 7 12 6 11 5 4 3
3352
0 1 7 13 2 3 4 5 11 6 12 8 10 9
3506
12 7 10 8 9 0 1 2 13 3 4 5 11 6
3412
6 12 8 9 10 7 0 1 2 3 4 5 11 13
3539
13 11 5 4 3 2 1 0 9 8 10 7 12 6
3453
2 3 4 5 11 6 12 7 10 8 9 0 1 13
3352
7 1 2 13 3 4 11 5 6 12 10 8 9 0
3528
5 11 13 6 12 7 10 8 9 0 1 2 3 4
3453
10 12 6 11 5 4 3 2 13 7 1 0 9 8
3455
10 12 6 11 5 4 3 2 13 7 1 0 9 8
3455
2 3 4 5 11 6 12 9 8 10 7 0 1 13
3434
4 3 2 13 1 0 7 10 8 9 12 6 11 5
3434
13 1 0 9 8 10 7 12 6 11 5 4 3 2
3352
8 7 12 6 4 5 11 3 2 13 1 0 9 10
3477
11 6 12 10 9 8 7 0 1 13 2 3 4 5
3428
2 13 1 0 9 8 10 7 12 6 11 5 4 3
3352
9 1 13 2 3 4 11 5 6 12 7 0 10 8
3464
8 9 0 1 13 2 3 4 11 5 6 12 7 10
3426
3 4 5 11 6 12 7 10 8 9 0 1 13 2
3352
2 13 1 0 9 10 8 7 12 6 11 5 4 3
3393
3 2 13 1 0 9 8 10 7 12 6 11 5 4
3352
0 9 10 8 12 6 5 11 4 3 13 2 1 7
3579
13 2 3 4 5 11 6 12 10 8 9 7 0 1
3414
9 1 13 2 3 4 11 5 6 12 7 0 10 8
3464
11 5 4 3 2 13 1 0 7 10 8 9 12 6
3434
8 10 7 12 6 5 11 4 3 2 13 1 0 9
3426
7 12 6 4 5 11 3 2 13 1 0 9 8 10
3436
6 11 5 4 3 2 13 1 0 9 8 10 7 12
3352
3 2 13 1 0 9 8 10 7 12 6 11 5 4
3352
5 4 3 2 13 1 0 9 10 8 7 12 6 11
3393
3 2 13 1 7 0 9 8 10 12 6 11 5 4
3394
8 7 12 6 5 11 4 3 2 13 1 0 9 10
3467
8 12 6 4 5 11 13 3 2 1 7 0 9 10
3593
1 0 9 10 8 7 12 6 5 11 4 3 2 13
3467
6 12 10 9 8 7 0 1 13 2 3 4 5 11
3428
10 9 0 1 7 13 2 3 4 5 11 6 12 8
3506
10 8 9 0 7 1 2 3 13 11 5 4 6 12
3542
9 0 7 1 2 13 3 11 5 4 6 12 10 8
3538
9 1 0 7 13 2 3 4 5 11 6 12 10 8
3458
3 2 13 1 0 9 8 10 7 12 6 11 5 4
3352
13 2 1 0 10 8 9 7 12 6 11 5 4 3
3467
3 4 5 11 6 12 10 8 9 7 0 1 13 2
3414
7 13 2 3 4 5 11 6 12 8 10 9 0 1
3506
9 1 0 7 13 2 3 4 11 5 6 12 10 8
3532
5 4 3 2 13 1 0 9 8 10 7 12 6 11
3352
4 5 11 6 12 10 8 9 7 0 1 13 2 3
3414
3 4 5 11 6 12 7 10 8 9 0 1 13 2
3352
3 4 5 11 6 12 10 8 9 7 0 1 13 2
3414
10 9 0 1 13 2 3 11 5 4 6 12 7 8
3477
0 1 13 2 3 11 5 4 6 12 7 8 10 9
3477
0 1 7 13 2 3 4 5 11 6 12 10 8 9
3455
4 3 2 1 0 7 10 9 8 12 6 13 11 5
3539
6 12 7 8 10 9 0 1 13 2 3 4 5 11
3393
4 5 11 13 6 12 7 8 10 9 0 1 2 3
3494
1 7 0 9 10 8 12 6 4 5 11 13 3 2
3593
10 8 9 0 7 1 2 13 3 4 11 5 6 12
3528
8 10 12 6 11 5 4 3 2 13 7 1 0 9
3455
0 9 8 10 7 12 6 4 5 11 3 2 13 1
3436
12 8 9 10 7 0 1 13 2 3 4 5 11 6
3438
10 8 12 6 4 5 11 13 3 2 1 7 0 9
3593
11 5 4 3 2 1 0 7 9 8 10 12 6 13
3515
6 12 7 8 10 9 0 1 13 2 3 4 5 11
3393
8 9 0 7 1 2 13 3 11 5 4 6 12 10
3538
4 5 11 6 12 10 8 9 7 0 1 13 2 3
3414
12 10 9 8 7 0 1 2 13 3 4 5 11 6
3488
9 8 10 12 6 5 11 4 3 13 2 1 7 0
3528
3 2 13 1 0 9 8 10 7 12 6 11 5 4
3352
1 13 2 3 11 5 4 6 12 7 8 10 9 0
3477
12 6 11 5 4 3 2 13 1 0 7 8 9 10
3428
9 8 10 12 6 11 5 4 3 2 13 7 1 0
3455
0 9 10 8 12 6 5 11 4 3 13 2 1 7
3579
10 8 12 6 11 5 4 3 2 13 7 1 0 9
3506
10 9 0 1 7 13 2 3 4 5 11 6 12 8
3506
9 8 10 0 7 12 6 5 11 4 3 2 13 1
3464
5 11 6 12 10 8 9 7 0 1 2 13 3 4
3474
13 2 3 4 5 11 6 12 10 9 8 7 0 1
3428
4 3 2 13 1 0 9 8 10 7 12 6 11 5
3352
12 6 11 5 4 3 13 2 1 0 7 9 8 10
3474
4 5 11 6 12 7 8 10 9 0 1 13 2 3
3393
10 12 6 11 5 4 3 2 13 7 1 0 9 8
3455
13 1 0 9 8 10 7 12 6 11 5 4 3 2
3352
0 9 8 10 12 6 4 5 11 3 13 2 1 7
3538
4 3 2 1 0 7 10 9 8 12 6 13 11 5
3539
1 13 2 3 11 5 4 6 12 7 8 10 9 0
3477
0 9 10 8 12 6 4 5 11 3 13 2 1 7
3589
12 6 4 5 11 13 3 2 1 0 9 8 10 7
3500
13 11 5 4 3 2 1 0 7 8 9 10 12 6
3529
5 11 6 12 7 8 10 9 0 1 13 2 3 4
3393
13 2 1 0 9 8 10 7 12 6 11 5 4 3
3412
9 1 13 2 3 11 5 4 6 12 7 0 10 8
3474
9 8 10 12 6 11 5 4 3 2 13 7 1 0
3455
13 2 3 4 5 11 6 12 10 8 9 7 0 1
3414
2 13 1 0 8 9 10 7 12 6 11 5 4 3
3406
12 7 8 10 9 0 1 13 2 3 4 5 11 6
3393
7 1 2 13 3 11 5 4 6 12 8 10 9 0
3589
4 5 11 6 12 10 8 9 7 0 1 13 2 3
3414
2 3 4 5 11 6 12 7 10 8 9 0 1 13
3352
6 12 10 8 9 7 0 1 13 2 3 4 5 11
3414
5 11 6 12 7 10 8 9 0 1 2 13 3 4
3412
9 1 0 7 13 2 3 4 5 11 6 12 10 8
3458
8 12 6 11 5 4 3 2 13 7 1 0 9 10
3506
10 8 12 6 4 5 11 13 3 2 1 7 0 9
3593
1 13 2 3 11 5 4 6 12 7 8 10 9 0
3477
6 11 5 4 3 2 13 1 0 7 9 8 10 12
3414
0 7 1 2 3 13 11 5 4 6 12 10 8 9
3542
6 12 7 10 8 9 0 1 2 3 4 5 11 13
3453
1 13 2 3 11 5 4 6 12 7 8 10 9 0
3477
13 2 3 4 5 11 6 12 10 9 8 7 0 1
3428
2 13 1 0 8 9 10 7 12 6 11 5 4 3
3406
6 5 11 4 3 2 13 1 0 9 8 10 7 12
3426
10 8 9 0 1 13 2 3 4 11 5 6 12 7
3426
12 6 11 5 4 3 2 13 1 0 7 8 9 10
3428
0 7 1 2 13 3 4 11 5 6 12 8 10 9
3579
1 0 9 10 8 12 6 11 5 4 3 2 13 7
3506
8 10 7 12 6 5 11 4 3 2 13 1 0 9
3426
2 13 1 0 10 8 9 7 12 6 11 5 4 3
3407
2 13 1 0 7 8 9 10 12 6 11 5 4 3
3428
8 9 0 1 7 13 2 3 4 5 11 6 12 10
3455
4 5 11 13 6 12 8 9 10 7 0 1 2 3
3539
6 12 7 8 10 9 0 1 13 2 3 4 5 11
3393
3 2 13 1 0 7 9 8 10 12 6 11 5 4
3414
5 4 3 2 13 1 0 7 10 9 8 12 6 11
3438
11 6 12 7 9 8 10 0 1 13 2 3 4 5
3407
12 6 11 5 4 3 2 13 1 0 7 10 9 8
3438
6 11 5 4 3 2 13 1 0 9 10 8 7 12
3393
1 7 0 9 8 10 12 6 4 5 11 13 3 2
3542
11 5 4 3 13 2 1 0 7 8 9 10 12 6
3488
4 3 2 1 0 9 10 8 7 12 6 13 11 5
3494
8 7 12 6 5 11 4 3 2 13 1 0 9 10
3467
9 1 0 7 13 2 3 4 11 5 6 12 10 8
3532
9 8 10 12 6 11 5 4 3 2 13 7 0 1
3458
9 8 10 7 12 6 5 11 4 3 2 13 1 0
3426
2 3 4 5 11 6 12 10 8 9 0 7 1 13
3394
4 5 11 6 12 10 8 9 7 0 1 2 13 3
3474
8 12 6 11 5 4 3 2 13 7 1 0 9 10
3506
10 8 9 0 1 13 2 3 11 5 4 6 12 7
3436
11 5 6 12 7 10 8 9 0 1 2 13 3 4
3486
11 13 6 12 10 9 8 7 0 1 2 3 4 5
3529
10 12 6 11 5 4 3 2 13 7 1 0 9 8
3455
4 3 2 1 0 9 10 8 7 12 6 13 11 5
3494
7 8 10 9 0 1 13 2 3 11 5 4 6 12
3477
6 12 10 9 8 7 0 1 2 3 4 5 11 13
3529
1 0 9 10 8 7 12 6 5 11 4 3 2 13
3467
6 11 5 4 3 13 2 1 0 9 10 8 7 12
3453
2 13 1 0 9 8 10 7 12 6 11 5 4 3
3352
11 5 4 6 12 7 10 8 9 0 1 2 3 13
3500
0 9 10 8 12 6 11 5 4 3 2 13 7 1
3506
9 0 1 13 2 3 11 5 4 6 12 7 10 8
3436
7 12 6 5 11 4 3 2 13 1 0 9 8 10
3426
11 13 6 12 7 8 10 9 0 1 2 3 4 5
3494
2 13 1 0 9 8 10 7 12 6 11 5 4 3
3352
5 4 3 2 1 0 9 10 8 7 12 6 13 11
3494
4 5 11 6 12 10 8 9 7 0 1 2 13 3
3474
11 13 3 2 1 0 9 8 10 7 12 6 4 5
3500
6 12 7 8 10 9 0 1 2 3 4 5 11 13
3494
4 5 11 13 6 12 7 8 10 9 0 1 2 3
3494
5 4 3 2 1 0 9 10 8 7 12 6 13 11
3494
12 6 11 5 4 3 2 13 1 0 7 9 8 10
3414
0 1 7 13 2 3 4 5 11 6 12 8 10 9
3506
8 7 12 6 5 11 4 3 2 13 1 0 9 10
3467
11 6 12 9 8 10 7 0 1 13 2 3 4 5
3434
7 1 2 3 13 11 5 4 6 12 8 10 9 0
3593
10 9 0 7 1 2 13 3 4 11 5 6 12 8
3579
1 13 2 3 4 11 5 6 12 7 10 8 9 0
3426
2 3 4 5 11 6 12 7 10 9 8 0 1 13
3406
0 9 10 8 7 12 6 4 5 11 3 2 13 1
3477
10 8 9 0 1 13 2 3 4 11 5 6 12 7
3426
3 4 5 11 6 12 7 10 8 9 0 1 13 2
3352
7 12 6 5 11 4 3 2 13 1 0 9 8 10
3426
2 3 4 5 11 6 12 7 10 8 9 0 1 13
3352
2 13 1 0 9 8 10 7 12 6 11 5 4 3
3352
5 11 6 12 7 10 8 9 0 1 13 2 3 4
3352
2 13 1 0 9 8 10 7 12 6 11 5 4 3
3352
3 4 5 11 6 12 7 10 8 9 0 1 13 2
3352
7 13 2 3 4 5 11 6 12 10 8 9 0 1
3455
10 9 0 1 13 2 3 4 11 5 6 12 7 8
3467
3 4 5 11 6 12 7 10 8 9 0 1 13 2
3352
1 7 0 9 8 10 12 6 5 11 4 3 13 2
3528
13 2 3 4 5 11 6 12 7 10 8 9 0 1
3352
8 10 7 12 6 4 5 11 3 2 13 1 0 9
3436
10 7 12 6 4 5 11 3 2 13 1 0 9 8
3436
7 10 8 9 0 1 13 2 3 11 5 4 6 12
3436
1 13 2 3 4 11 5 6 12 7 8 10 9 0
3467
0 1 13 2 3 11 5 4 6 12 7 10 8 9
3436
11 5 4 3 13 2 1 0 10 8 9 7 12 6
3467
4 5 11 6 12 7 10 8 9 0 1 2 13 3
3412
4 5 11 6 12 7 10 8 9 0 1 2 13 3
3412
2 3 4 5 11 6 12 10 8 9 0 7 1 13
3394
11 13 6 12 8 9 10 7 0 1 2 3 4 5
3539
8 9 0 1 13 2 3 4 11 5 6 12 7 10
3426
13 1 0 7 9 8 10 12 6 11 5 4 3 2
3414
9 8 10 12 6 11 5 4 3 2 13 7 0 1
3458
8 7 12 6 5 11 4 3 2 13 1 0 9 10
3467
10 9 0 1 7 13 2 3 4 5 11 6 12 8
3506
9 8 10 0 7 12 6 5 11 4 3 2 13 1
3464
6 11 5 4 3 2 13 1 0 7 8 9 10 12
3428
0 9 10 8 12 6 4 5 11 13 3 2 1 7
3593
1 7 13 2 3 4 5 11 6 12 10 8 9 0
3455
5 4 3 2 13 1 0 7 10 8 9 12 6 11
3434
9 8 10 7 12 6 5 11 4 3 2 13 1 0
3426
1 13 2 3 11 5 4 6 12 7 10 8 9 0
3436
7 10 8 9 0 1 13 2 3 11 5 4 6 12
3436
0 9 10 8 12 6 11 5 4 3 2 13 7 1
3506
6 11 5 4 3 13 2 1 0 7 10 9 8 12
3498
9 0 7 1 2 3 13 11 5 4 6 12 10 8
3542
10 8 12 6 4 5 11 13 3 2 1 7 0 9
3593
6 12 7 8 10 9 0 1 13 2 3 4 5 11
3393
9 0 7 1 2 3 13 11 5 4 6 12 10 8
3542
7 12 6 4 5 11 3 2 13 1 0 9 8 10
3436
4 6 12 7 10 8 9 0 1 2 3 13 11 5
3500
13 6 12 10 8 9 7 0 1 2 3 4 5 11
3515
4 5 11 6 12 10 8 9 7 0 1 2 13 3
3474
12 6 11 5 4 3 13 2 1 0 9 8 10 7
3412
7 0 9 10 8 12 6 4 5 11 13 3 2 1
3593
1 7 13 2 3 4 5 11 6 12 10 8 9 0
3455
5 11 6 12 7 10 8 9 0 1 2 13 3 4
3412
12 6 11 5 4 3 13 2 1 0 10 8 9 7
3467
7 12 6 5 11 4 3 2 13 1 0 9 8 10
3426
8 9 0 1 13 2 3 4 11 5 6 12 7 10
3426
7 13 2 3 4 5 11 6 12 8 10 9 0 1
3506
12 7 10 8 9 0 1 2 13 3 4 5 11 6
3412
2 13 1 0 9 8 10 7 12 6 11 5 4 3
3352
4 5 11 13 3 2 1 0 9 8 10 7 12 6
3500
6 12 7 9 8 10 0 1 2 13 3 4 5 11
3467
5 11 6 12 7 10 8 9 0 1 13 2 3 4
3352
5 4 3 2 13 1 0 7 10 9 8 12 6 11
3438
6 12 8 9 10 7 0 1 13 2 3 4 5 11
3438
7 8 10 9 0 1 13 2 3 4 11 5 6 12
3467
6 12 8 9 10 7 0 1 13 2 3 4 5 11
3438
4 5 11 13 6 12 10 8 9 7 0 1 2 3
3515
8 7 12 6 4 5 11 3 2 13 1 0 9 10
3477
12 9 8 10 7 0 1 2 13 3 4 5 11 6
3494
5 4 3 2 13 1 0 7 10 9 8 12 6 11
3438
7 1 0 9 8 10 12 6 11 5 4 3 2 13
3455
4 3 13 2 1 0 7 10 9 8 12 6 11 5
3498
0 9 8 10 7 12 6 4 5 11 3 2 13 1
3436
2 3 4 5 11 6 12 7 10 9 8 0 1 13
3406
4 3 2 13 1 0 9 10 8 7 12 6 11 5
3393
1 0 9 10 8 7 12 6 4 5 11 3 2 13
3477
9 8 10 12 6 11 5 4 3 2 13 7 1 0
3455
2 3 4 5 11 6 12 7 10 8 9 0 1 13
3352
2 13 1 0 7 9 8 10 12 6 11 5 4 3
3414
13 11 5 4 6 12 7 10 8 9 0 1 2 3
3500
6 11 5 4 3 2 13 1 0 9 10 8 7 12
3393
0 9 10 8 12 6 4 5 11 13 3 2 1 7
3593
3 4 5 11 6 12 10 8 9 0 7 1 13 2
3394
8 10 9 0 1 7 13 2 3 4 5 11 6 12
3506
10 7 12 6 5 11 4 3 2 13 1 0 9 8
3426
13 2 3 4 5 11 6 12 7 10 8 9 0 1
3352
1 7 0 9 8 10 12 6 5 11 4 3 13 2
3528
12 6 11 5 4 3 2 13 1 0 9 8 10 7
3352
1 7 13 2 3 4 5 11 6 12 10 8 9 0
3455
4 5 11 13 6 12 10 8 9 7 0 1 2 3
3515
9 1 13 2 3 4 11 5 6 12 7 0 10 8
3464
8 9 0 7 1 2 13 3 4 11 5 6 12 10
3528
0 1 13 2 3 4 11 5 6 12 7 8 10 9
3467
5 4 3 2 1 0 9 8 10 7 12 6 13 11
3453
6 12 7 10 8 9 0 1 2 13 3 4 5 11
3412
13 11 5 4 6 12 7 10 8 9 0 1 2 3
3500
2 13 1 0 9 8 10 7 12 6 11 5 4 3
3352
1 7 13 2 3 4 5 11 6 12 8 10 9 0
3506
11 5 4 3 2 1 0 9 10 8 7 12 6 13
3494
1 7 0 9 8 10 12 6 4 5 11 13 3 2
3542
8 10 7 12 6 5 11 4 3 2 13 1 0 9
3426
1 0 9 10 8 12 6 11 5 4 3 2 13 7
3506
8 10 7 12 6 5 11 4 3 2 13 1 0 9
3426
11 6 12 10 8 9 7 0 1 13 2 3 4 5
3414
5 4 3 2 13 1 0 9 8 10 7 12 6 11
3352
3 4 5 11 6 12 7 10 8 9 0 1 13 2
3352
1 7 0 9 10 8 12 6 4 5 11 3 13 2
3589
11 6 12 8 9 10 7 0 1 13 2 3 4 5
3438
3 2 13 1 0 7 9 8 10 12 6 11 5 4
3414
7 1 0 9 8 10 12 6 11 5 4 3 2 13
3455
12 6 11 5 4 3 2 13 1 0 9 10 8 7
3393
13 1 0 7 10 8 9 12 6 11 5 4 3 2
3434
7 10 8 9 0 1 13 2 3 11 5 4 6 12
3436
12 6 11 5 4 3 2 13 1 0 7 10 9 8
3438
5 11 13 6 12 7 10 8 9 0 1 2 3 4
3453
4 5 11 6 12 7 8 10 9 0 1 13 2 3
3393
4 5 11 13 6 12 7 10 8 9 0 1 2 3
3453
11 6 12 7 10 8 9 0 1 13 2 3 4 5
3352
4 3 2 1 0 9 10 8 7 12 6 13 11 5
3494
13 1 0 9 10 8 7 12 6 11 5 4 3 2
3393
7 1 2 3 13 11 5 4 6 12 8 10 9 0
3593
12 6 5 11 4 3 2 13 1 0 9 8 10 7
3426
6 11 5 4 3 2 13 1 0 9 8 10 7 12
3352
10 8 7 12 6 5 11 4 3 2 13 1 0 9
3467
11 6 12 10 8 9 7 0 1 13 2 3 4 5
3414
1 0 9 10 8 12 6 11 5 4 3 2 13 7
3506
10 7 12 6 5 11 4 3 2 13 1 0 9 8
3426
10 8 9 0 1 7 13 2 3 4 5 11 6 12
3455
8 9 0 1 13 2 3 4 11 5 6 12 7 10
3426
9 1 13 2 3 4 11 5 6 12 7 0 10 8
3464
4 3 2 13 1 0 9 8 10 7 12 6 11 5
3352
5 4 3 2 13 1 0 9 10 8 7 12 6 11
3393
13 2 1 0 10 8 9 7 12 6 11 5 4 3
3467
13 2 3 4 5 11 6 12 7 8 10 9 0 1
3393
8 12 6 4 5 11 3 13 2 1 7 0 9 10
3589
13 3 4 5 11 6 12 10 9 8 7 0 1 2
3488
13 2 3 4 5 11 6 12 7 8 10 9 0 1
3393
6 12 7 10 8 9 0 1 2 3 13 11 5 4
3500
10 8 9 0 1 13 2 3 4 11 5 6 12 7
3426
9 8 10 7 12 6 5 11 4 3 2 13 1 0
3426
5 11 6 12 10 9 8 7 0 1 13 2 3 4
3428
8 9 0 7 1 2 13 3 11 5 4 6 12 10
3538
8 10 12 6 11 5 4 3 2 13 7 1 0 9
3455
0 1 13 2 3 11 5 4 6 12 7 8 10 9
3477
5 11 6 12 7 9 8 10 0 1 2 13 3 4
3467
8 7 12 6 4 5 11 3 2 13 1 0 9 10
3477
3 4 5 11 6 12 10 8 9 7 0 1 13 2
3414
4 5 11 13 6 12 10 8 9 7 0 1 2 3
3515
7 13 2 3 4 5 11 6 12 8 10 9 0 1
3506
7 13 2 3 4 5 11 6 12 8 10 9 0 1
3506
2 3 4 5 11 6 12 7 10 8 9 0 1 13
3352
10 7 12 6 4 5 11 3 2 13 1 0 9 8
3436
7 8 10 9 0 1 13 2 3 4 11 5 6 12
3467
12 6 11 5 4 3 2 13 1 0 9 10 8 7
3393
10 9 0 1 13 2 3 4 11 5 6 12 7 8
3467
4 3 2 13 1 0 7 10 8 9 12 6 11 5
3434
2 3 4 5 11 6 12 10 8 9 0 7 1 13
3394
9 0 1 13 2 3 11 5 4 6 12 7 10 8
3436
10 8 12 6 4 5 11 3 13 2 1 7 0 9
3589
8 10 7 12 6 4 5 11 3 2 13 1 0 9
3436
12 8 9 10 7 0 1 2 13 3 4 5 11 6
3498
1 2 3 13 11 5 4 6 12 8 10 9 0 7
3593
3 4 5 11 6 12 7 10 8 9 0 1 13 2
3352
1 7 13 2 3 4 5 11 6 12 10 8 9 0
3455
10 9 0 1 13 2 3 4 11 5 6 12 7 8
3467
10 9 0 1 13 2 3 11 5 4 6 12 7 8
3477
8 12 6 11 5 4 3 2 13 7 1 0 9 10
3506
11 5 4 3 2 13 1 0 7 8 9 10 12 6
3428
11 6 12 10 8 9 7 0 1 13 2 3 4 5
3414
3 4 5 11 6 12 7 10 8 9 0 1 13 2
3352
0 9 10 8 7 12 6 5 11 4 3 2 13 1
3467
8 10 7 12 6 5 11 4 3 2 13 1 0 9
3426
5 11 6 12 7 9 8 10 0 1 13 2 3 4
3407
13 3 4 5 11 6 12 10 8 9 7 0 1 2
3474
5 11 6 12 9 8 10 7 0 1 2 13 3 4
3494
3 4 5 11 6 12 10 8 9 7 0 1 13 2
3414
7 13 2 3 4 5 11 6 12 10 8 9 0 1
3455
2 13 1 0 7 10 9 8 12 6 11 5 4 3
3438
3 2 13 1 0 9 8 10 7 12 6 11 5 4
3352
4 5 11 6 12 10 8 9 7 0 1 2 13 3
3474
0 7 1 2 3 13 11 5 4 6 12 8 10 9
3593
3 4 5 11 6 12 7 10 8 9 0 1 13 2
3352
8 10 7 12 6 5 11 4 3 2 13 1 0 9
3426
0 9 8 10 12 6 4 5 11 3 13 2 1 7
3538
5 4 3 2 1 0 7 9 8 10 12 6 13 11
3515
5 11 13 6 12 7 8 10 9 0 1 2 3 4
3494
6 12 8 9 10 7 0 1 13 2 3 4 5 11
3438
5 4 3 2 1 0 7 10 9 8 12 6 13 11
3539
12 6 11 5 4 3 13 2 1 0 9 8 10 7
3412
3 4 5 11 6 12 7 10 8 9 0 1 13 2
3352
8 10 7 12 6 4 5 11 3 2 13 1 0 9
3436
13 6 12 10 8 9 7 0 1 2 3 4 5 11
3515
0 9 10 8 7 12 6 5 11 4 3 2 13 1
3467
7 13 2 3 4 5 11 6 12 8 10 9 0 1
3506
8 10 12 6 4 5 11 3 13 2 1 7 0 9
3538
10 9 0 1 13 2 3 4 11 5 6 12 7 8
3467
0 7 1 2 3 13 11 5 4 6 12 10 8 9
3542
3 4 5 11 6 12 7 10 9 8 0 1 13 2
3406
4 3 2 13 1 0 9 8 10 7 12 6 11 5
3352
9 0 7 1 2 13 3 4 11 5 6 12 10 8
3528
10 9 0 7 1 2 3 13 11 5 4 6 12 8
3593
12 7 10 8 9 0 1 13 2 3 4 5 11 6
3352
0 1 13 2 3 4 11 5 6 12 7 10 8 9
3426
10 8 7 12 6 5 11 4 3 2 13 1 0 9
3467
4 5 11 6 12 7 8 10 9 0 1 2 13 3
3453
11 6 12 7 8 10 9 0 1 2 13 3 4 5
3453
11 6 12 7 10 8 9 0 1 13 2 3 4 5
3352
6 13 11 5 4 3 2 1 0 9 8 10 7 12
3453
9 1 13 2 3 4 11 5 6 12 7 0 10 8
3464
7 13 2 3 4 5 11 6 12 10 8 9 0 1
3455
1 0 9 10 8 7 12 6 4 5 11 3 2 13
3477
1 13 2 3 4 11 5 6 12 7 8 10 9 0
3467
3 2 13 1 0 9 8 10 7 12 6 11 5 4
3352
2 13 1 0 7 9 8 10 12 6 11 5 4 3
3414
8 7 12 6 4 5 11 3 2 13 1 0 9 10
3477
3 4 5 11 6 12 10 8 9 0 7 1 13 2
3394
9 8 10 0 7 12 6 5 11 4 3 2 13 1
3464
10 8 7 12 6 5 11 4 3 2 13 1 0 9
3467
2 3 4 5 11 6 12 7 10 8 9 0 1 13
3352
6 11 5 4 3 2 13 1 0 7 10 9 8 12
3438
1 0 9 8 10 7 12 6 5 11 4 3 2 13
3426
4 3 2 13 1 0 9 8 10 7 12 6 11 5
3352
0 1 7 13 2 3 4 5 11 6 12 8 10 9
3506
6 12 7 10 8 9 0 1 2 3 13 11 5 4
3500
10 8 7 12 6 4 5 11 3 2 13 1 0 9
3477
11 5 4 3 13 2 1 0 7 9 8 10 12 6
3474
7 1 0 9 8 10 12 6 11 5 4 3 2 13
3455
5 4 3 2 13 1 0 7 9 8 10 12 6 11
3414
12 7 10 8 9 0 1 13 2 3 4 5 11 6
3352
5 4 3 2 13 1 0 9 10 8 7 12 6 11
3393
12 6 11 5 4 3 2 13 1 0 7 10 9 8
3438
3 4 5 11 6 12 7 10 8 9 0 1 13 2
3352
8 9 0 1 13 2 3 11 5 4 6 12 7 10
3436
12 10 9 8 7 0 1 2 13 3 4 5 11 6
3488
4 3 13 2 1 0 7 9 8 10 12 6 11 5
3474
0 1 13 2 3 11 5 4 6 12 7 10 8 9
3436
4 3 2 13 1 0 7 9 8 10 12 6 11 5
3414
7 13 2 3 4 5 11 6 12 8 10 9 0 1
3506
1 7 0 9 8 10 12 6 4 5 11 13 3 2
3542
5 4 3 13 2 1 0 10 8 9 7 12 6 11
3467
0 7 1 2 13 3 11 5 4 6 12 8 10 9
3589
13 1 0 9 8 10 7 12 6 11 5 4 3 2
3352
2 3 4 5 11 6 12 7 10 8 9 0 1 13
3352
2 3 4 5 11 6 12 10 8 9 0 7 1 13
3394
11 5 4 3 2 13 1 0 9 8 10 7 12 6
3352
4 3 2 13 1 0 9 10 8 7 12 6 11 5
3393
7 10 8 9 0 1 13 2 3 4 11 5 6 12
3426
6 4 5 11 13 3 2 1 0 9 8 10 7 12
3500
13 2 1 0 9 8 10 7 12 6 5 11 4 3
3486
12 6 5 11 4 3 2 13 1 0 9 8 10 7
3426
3 2 13 1 0 9 8 10 7 12 6 11 5 4
3352
2 13 1 0 7 9 8 10 12 6 11 5 4 3
3414
7 12 6 4 5 11 3 2 13 1 0 9 8 10
3436
7 12 6 4 5 11 3 2 13 1 0 9 8 10
3436
4 5 11 6 12 7 10 8 9 0 1 13 2 3
3352
12 6 11 5 4 3 2 13 1 0 7 8 9 10
3428
4 3 13 2 1 0 9 8 10 7 12 6 11 5
3412
3 4 5 11 6 12 7 10 8 9 0 1 13 2
3352
10 9 0 1 13 2 3 4 11 5 6 12 7 8
3467
5 11 6 12 7 9 8 10 0 1 13 2 3 4
3407
7 1 2 3 13 11 5 4 6 12 10 8 9 0
3542
1 0 9 8 10 7 12 6 4 5 11 3 2 13
3436
4 3 2 13 1 0 7 9 8 10 12 6 11 5
3414
10 9 0 1 13 2 3 4 11 5 6 12 7 8
3467
8 9 0 1 13 2 3 4 11 5 6 12 7 10
3426
8 9 0 1 7 13 2 3 4 5 11 6 12 10
3455
4 5 11 6 12 7 10 8 9 0 1 2 13 3
3412
1 0 9 8 10 7 12 6 4 5 11 3 2 13
3436
4 5 11 6 12 7 8 10 9 0 1 2 13 3
3453
12 6 11 5 4 3 13 2 1 0 7 10 9 8
3498
1 13 2 3 11 5 4 6 12 7 10 8 9 0
3436
10 8 12 6 5 11 4 3 13 2 1 7 0 9
3579
0 1 13 2 3 11 5 4 6 12 7 10 8 9
3436
7 1 2 13 3 11 5 4 6 12 10 8 9 0
3538
7 13 2 3 4 5 11 6 12 8 10 9 0 1
3506
2 13 1 0 9 8 10 7 12 6 11 5 4 3
3352
12 7 8 10 9 0 1 13 2 3 4 5 11 6
3393
12 6 4 5 11 13 3 2 1 0 9 8 10 7
3500
6 12 7 10 8 9 0 1 2 13 3 4 5 11
3412
12 7 10 8 9 0 1 2 3 13 11 5 4 6
3500
7 13 2 3 4 5 11 6 12 10 8 9 0 1
3455
7 1 2 3 13 11 5 4 6 12 10 8 9 0
3542
4 3 2 13 1 0 7 10 8 9 12 6 11 5
3434
1 7 0 9 10 8 12 6 5 11 4 3 13 2
3579
7 0 9 10 8 12 6 5 11 4 3 13 2 1
3579
1 0 9 8 10 7 12 6 4 5 11 3 2 13
3436
4 3 2 13 1 0 7 9 8 10 12 6 11 5
3414
13 6 12 7 10 8 9 0 1 2 3 4 5 11
3453
6 12 8 9 10 7 0 1 13 2 3 4 5 11
3438
1 7 0 9 10 8 12 6 4 5 11 13 3 2
3593
0 9 10 8 12 6 4 5 11 3 13 2 1 7
3589
12 6 11 5 4 3 13 2 1 0 7 9 8 10
3474
0 9 8 10 12 6 11 5 4 3 2 13 7 1
3455
9 1 13 2 3 11 5 4 6 12 7 0 10 8
3474
12 6 13 11 5 4 3 2 1 0 7 10 9 8
3539
12 7 8 10 9 0 1 13 2 3 4 5 11 6
3393
2 3 4 5 11 6 12 7 10 8 9 0 1 13
3352
1 13 2 3 4 11 5 6 12 7 8 10 9 0
3467
11 5 4 3 2 13 1 0 7 10 9 8 12 6
3438
4 3 2 13 1 0 7 10 8 9 12 6 11 5
3434
11 5 6 12 7 10 8 9 0 1 13 2 3 4
3426
3 2 13 1 7 0 9 8 10 12 6 11 5 4
3394
7 0 9 8 10 12 6 4 5 11 3 13 2 1
3538
6 12 7 10 8 9 0 1 13 2 3 4 5 11
3352
1 7 13 2 3 4 5 11 6 12 10 8 9 0
3455
5 4 3 2 13 1 0 10 8 9 7 12 6 11
3407
2 3 4 5 11 6 12 7 10 9 8 0 1 13
3406
2 3 4 5 11 6 12 10 8 9 7 0 1 13
3414
11 5 4 3 2 13 1 0 7 10 9 8 12 6
3438
9 8 10 12 6 11 5 4 3 2 13 7 0 1
3458
6 11 5 4 3 2 13 1 0 10 8 9 7 12
3407
3 2 13 1 0 7 9 8 10 12 6 11 5 4
3414
7 10 8 9 0 1 13 2 3 11 5 4 6 12
3436
1 0 9 8 10 12 6 11 5 4 3 2 13 7
3455
2 3 4 5 11 6 12 7 10 8 9 0 1 13
3352
13 2 3 4 5 11 6 12 10 9 8 7 0 1
3428
1 13 2 3 11 5 4 6 12 7 8 10 9 0
3477
7 10 8 9 0 1 13 2 3 11 5 4 6 12
3436
11 6 12 8 9 10 7 0 1 13 2 3 4 5
3438
6 13 11 5 4 3 2 1 0 7 8 9 10 12
3529
10 8 9 0 1 13 2 3 4 11 5 6 12 7
3426
11 4 3 2 13 1 0 9 8 10 7 12 6 5
3426
6 11 5 4 3 2 13 1 0 7 8 9 10 12
3428
8 10 12 6 11 5 4 3 2 13 7 1 0 9
3455
5 11 4 3 2 13 1 0 9 8 10 7 12 6
3426
