12 13 14 0 1 2 9 8 4 3 5 6 7 19 18 17 16 25 22 23 24 21 20 15 10 11
1079
8 15 20 21 24 23 22 25 16 17 19 18 7 6 4 5 3 1 0 2 13 14 12 11 10 9
1034
22 25 17 19 18 15 7 6 5 3 4 8 9 13 2 1 0 14 11 12 10 16 20 21 24 23
1029
17 19 18 15 7 6 5 3 4 8 9 13 2 1 0 14 12 10 11 20 21 24 23 22 25 16
1022
5 6 7 19 17 25 22 23 24 21 20 16 18 15 8 9 10 12 11 13 14 2 0 1 4 3
1052
3 4 1 0 2 14 13 11 12 10 9 15 16 20 21 24 23 22 25 17 19 18 8 7 6 5
1054
18 15 9 8 6 7 4 5 3 1 0 2 13 14 10 12 11 20 21 24 23 22 25 16 17 19
1031
10 9 8 15 16 20 21 24 23 22 25 17 19 18 7 6 5 4 3 1 0 2 13 14 12 11
1022
22 23 24 21 20 16 11 12 10 14 13 2 0 1 3 5 4 7 6 8 9 15 18 19 17 25
1040
25 22 23 24 21 20 16 11 12 10 13 14 0 1 2 9 8 3 5 4 6 7 15 18 19 17
1039
17 16 25 22 23 24 21 20 11 12 10 14 13 2 0 1 3 5 4 7 6 8 9 15 18 19
1031
10 12 11 14 13 2 0 1 3 5 4 7 6 8 9 18 19 17 25 22 23 24 21 20 16 15
1061
6 4 5 3 1 0 2 13 14 11 12 10 9 8 15 18 16 20 21 24 23 22 25 17 19 7
1029
13 9 8 3 5 4 6 7 15 18 19 17 16 20 21 24 23 22 25 10 12 11 14 0 1 2
1046
2 13 9 8 4 5 3 6 7 15 19 18 17 16 20 21 25 22 23 24 10 12 11 14 0 1
1039
22 23 24 21 20 16 11 12 10 8 9 13 14 2 0 1 3 5 4 6 7 15 18 19 17 25
1023
25 22 23 24 21 20 16 11 12 10 8 9 13 14 2 0 1 4 3 5 6 7 15 18 19 17
1038
10 12 11 14 13 2 0 1 3 4 5 6 7 18 19 17 25 22 23 24 21 20 16 15 8 9
1022
13 2 0 1 3 4 5 6 7 19 17 25 22 23 24 21 20 16 18 15 8 9 10 12 11 14
1033
12 11 14 13 2 0 1 3 5 4 7 6 8 9 15 18 19 17 16 25 22 23 24 21 20 10
1036
1 3 5 4 6 7 8 18 19 17 25 22 23 24 21 20 16 15 9 13 12 10 11 14 2 0
1051
5 3 4 2 1 0 14 13 12 11 10 9 15 18 19 17 16 20 25 22 23 24 21 8 7 6
1046
6 7 8 18 19 17 16 25 22 23 24 21 20 15 9 10 11 12 13 14 2 0 1 4 3 5
1066
10 12 11 14 13 2 0 1 3 4 5 6 7 18 19 17 25 22 23 24 21 20 16 15 8 9
1022
8 9 10 11 12 14 13 2 0 1 3 5 4 6 7 18 19 17 25 22 23 24 21 20 16 15
1018
15 18 19 17 25 22 23 24 21 20 16 11 12 10 14 13 2 0 1 3 5 4 7 6 8 9
1040
25 22 23 24 21 20 16 11 12 10 8 9 13 14 2 0 1 4 3 5 6 7 15 18 19 17
1038
22 23 25 17 19 18 15 7 6 5 3 4 8 9 13 2 1 0 14 10 12 11 16 20 21 24
1052
15 18 19 17 16 25 22 23 24 21 20 11 12 10 14 13 2 0 1 3 5 4 7 6 8 9
1031
18 19 17 16 20 25 21 22 23 24 0 1 2 13 14 10 12 11 9 8 5 3 4 6 7 15
986
15 18 19 17 16 25 22 23 24 21 20 11 12 10 13 14 0 1 2 9 8 4 3 5 6 7
1026
8 9 13 2 1 0 14 12 10 11 20 21 24 23 22 25 16 17 19 18 15 7 6 4 5 3
1026
12 11 14 13 2 0 1 3 5 4 6 7 8 18 19 17 25 22 23 24 21 20 16 15 9 10
1031
20 21 24 23 22 25 17 19 18 15 7 6 3 5 4 8 9 2 1 0 14 13 10 12 11 16
1040
0 11 12 10 21 24 23 22 25 20 16 17 19 18 15 7 6 8 9 13 14 2 4 5 3 1
1041
25 17 19 18 15 7 6 5 3 4 8 9 13 2 1 0 14 10 12 11 16 20 21 24 23 22
1032
24 23 22 21 25 17 19 18 15 7 6 4 5 3 1 0 2 8 9 13 14 10 12 11 16 20
1042
6 7 19 18 17 25 22 23 24 21 20 16 15 8 9 10 11 12 14 13 2 0 1 3 4 5
1034
25 17 19 18 15 7 6 5 3 4 8 9 13 2 1 0 14 11 12 10 16 20 21 24 23 22
1029
3 5 1 0 2 14 10 9 13 12 11 20 21 24 23 22 25 16 17 19 18 15 8 7 6 4
1035
11 10 15 16 20 21 24 23 22 25 17 19 18 7 6 4 5 3 8 9 13 2 1 0 14 12
1048
14 11 12 10 21 24 23 22 25 20 16 17 19 18 15 7 6 4 5 3 8 9 13 2 1 0
1046
0 1 2 3 5 4 6 7 8 15 18 19 17 16 25 22 23 24 21 20 11 12 10 9 13 14
974
17 19 18 15 9 8 6 7 4 5 3 1 0 2 13 14 10 12 11 20 21 24 23 22 25 16
1031
24 23 22 21 25 17 19 18 15 7 6 5 3 4 8 9 13 2 1 0 14 12 11 10 16 20
1037
11 12 10 9 8 15 16 20 21 24 23 22 25 17 19 18 7 6 4 5 3 1 0 2 13 14
1018
2 14 13 12 11 10 9 8 15 16 20 21 24 23 22 25 17 19 18 7 6 4 5 3 1 0
1022
22 25 17 19 18 15 7 6 5 3 4 8 9 13 2 1 0 14 10 12 11 16 20 21 24 23
1032
13 0 1 2 9 8 5 3 4 6 7 15 18 19 17 16 20 25 22 23 24 21 10 11 12 14
1068
23 22 25 17 19 18 15 7 6 5 3 4 8 9 13 2 1 0 14 10 12 11 16 20 21 24
1032
13 9 7 6 4 5 3 8 15 18 19 17 16 25 22 23 24 21 20 10 12 11 14 0 1 2
1052
19 17 25 22 23 24 21 20 16 11 12 10 14 13 2 0 1 3 5 4 7 6 8 9 15 18
1040
11 14 13 2 0 1 3 5 4 6 7 19 17 25 22 23 24 21 20 16 18 15 8 9 10 12
1029
23 24 21 20 16 10 12 11 14 0 1 2 13 9 8 4 3 5 6 7 15 18 19 17 25 22
1029
3 4 6 7 8 15 18 19 17 16 25 22 23 24 21 20 11 12 10 9 13 14 0 2 1 5
1008
12 11 20 21 24 23 22 25 16 17 19 18 15 8 7 6 5 4 3 1 0 2 13 14 9 10
1006
17 25 22 23 24 21 20 16 10 11 12 14 0 1 2 13 9 8 4 3 5 6 7 15 18 19
1029
15 18 19 17 16 20 25 21 22 23 24 0 11 12 10 14 13 2 1 3 5 4 7 6 8 9
1002
11 12 10 25 22 23 24 21 20 16 17 19 18 15 7 6 3 5 4 8 9 13 2 1 0 14
1047
11 12 14 13 2 0 1 3 4 5 6 7 19 17 25 22 23 24 21 20 16 18 15 8 9 10
1033
7 6 4 5 3 1 0 2 13 14 12 11 10 9 8 15 16 20 21 24 23 22 25 17 19 18
1018
14 13 2 0 1 3 4 5 6 7 18 19 17 25 22 23 24 21 20 16 15 8 9 10 12 11
1022
16 20 21 24 23 22 25 17 19 18 15 7 6 4 5 3 8 9 13 2 1 0 14 11 12 10
1033
6 5 3 4 8 9 13 2 1 0 14 12 11 10 15 18 16 20 21 24 23 22 25 17 19 7
1055
5 3 4 1 0 2 14 12 11 10 13 9 24 23 22 25 21 20 16 17 18 19 15 8 7 6
1063
1 0 14 13 12 11 10 9 20 21 24 23 22 25 16 17 19 18 15 8 7 6 4 5 3 2
1008
10 11 12 14 0 1 2 13 9 8 4 3 5 6 7 18 19 17 25 22 23 24 21 20 16 15
1044
8 9 10 12 11 14 13 2 0 1 4 3 5 6 7 18 19 17 25 22 23 24 21 20 16 15
1033
1 0 14 10 11 12 20 21 24 23 22 25 16 17 18 19 15 7 6 3 5 4 8 9 13 2
1061
25 17 19 18 15 7 6 5 3 4 8 9 13 2 1 0 14 12 11 10 16 20 21 24 23 22
1029
9 8 4 5 3 6 7 15 18 19 17 16 25 22 23 24 21 20 10 11 12 14 0 1 2 13
1033
22 23 24 21 20 16 11 12 10 14 13 2 0 1 3 5 4 7 6 8 9 15 18 19 17 25
1040
6 7 19 17 25 22 23 24 21 20 16 18 15 8 9 10 11 12 14 13 2 0 1 4 5 3
1049
21 20 16 11 12 10 14 0 1 2 13 9 8 4 3 5 6 7 15 18 19 17 25 22 23 24
1032
11 12 14 13 2 0 1 3 4 5 6 7 18 19 17 25 22 23 24 21 20 16 15 8 9 10
1022
13 2 0 1 3 5 4 6 7 18 19 17 16 25 22 23 24 21 20 15 8 9 10 12 11 14
1034
22 23 24 21 20 16 11 12 10 14 13 9 8 2 0 1 4 3 5 6 7 15 18 19 17 25
1049
22 25 17 19 18 15 9 8 6 7 4 5 3 1 0 2 13 14 10 12 11 16 20 21 24 23
1040
16 11 12 10 14 13 2 0 1 3 5 4 7 6 8 9 15 18 19 17 25 22 23 24 21 20
1040
17 19 18 15 7 6 4 5 3 1 0 2 14 13 9 8 10 12 11 16 20 21 24 23 22 25
1023
21 24 23 22 25 17 19 18 15 7 6 4 5 3 8 9 13 2 1 0 14 12 11 10 16 20
1033
23 24 21 20 16 11 12 10 14 13 2 0 1 3 5 4 9 8 6 7 15 18 19 17 25 22
1052
18 19 17 25 22 23 24 21 20 16 11 12 10 14 13 2 0 1 3 5 4 7 6 8 9 15
1040
2 1 0 14 10 9 12 11 20 21 24 23 22 25 16 17 19 18 15 8 7 6 3 5 4 13
1048
0 14 13 12 11 10 9 8 15 16 20 21 24 23 22 25 17 19 18 7 6 4 5 3 2 1
1003
2 13 14 12 11 10 9 8 15 16 20 21 24 23 22 25 17 19 18 7 6 4 5 3 1 0
1018
4 3 5 6 7 19 17 25 22 23 24 21 20 16 18 15 8 9 10 12 11 13 14 0 1 2
1024
14 12 11 10 20 21 24 23 22 25 16 17 19 18 15 7 6 3 5 4 8 9 13 2 1 0
1033
17 25 22 23 24 21 20 16 11 12 10 14 13 2 0 1 3 5 4 7 6 8 9 15 18 19
1040
8 9 10 11 12 14 13 2 0 1 3 4 5 6 7 18 19 17 25 22 23 24 21 20 16 15
1022
24 20 16 10 12 11 14 0 1 2 13 9 8 3 5 4 6 7 15 18 19 17 25 21 22 23
1041
24 23 22 21 25 17 19 18 15 7 6 4 3 5 8 9 13 2 1 0 14 10 12 11 16 20
1044
14 13 2 0 1 3 5 4 6 7 8 9 15 18 19 17 16 20 25 22 23 24 21 10 12 11
1027
12 11 14 13 2 0 1 3 4 5 6 7 8 15 18 19 17 16 20 21 25 22 23 24 9 10
1018
4 3 5 1 0 2 14 11 12 10 13 9 20 21 24 23 22 25 16 17 19 18 15 8 7 6
1053
8 9 13 2 1 0 14 12 11 10 20 21 24 23 22 25 16 17 19 18 15 7 6 5 3 4
1028
3 5 6 7 18 19 17 25 22 23 24 21 20 16 15 8 9 10 11 12 13 14 0 1 2 4
1009
23 22 25 17 19 18 15 9 8 6 7 4 5 3 1 0 2 13 14 11 12 10 16 20 21 24
1037
11 12 14 13 9 8 2 0 1 3 5 4 6 7 18 19 17 16 25 22 23 24 21 20 15 10
1062
2 0 1 3 4 5 6 7 8 9 15 18 19 17 16 20 25 22 23 24 21 10 11 12 13 14
1035
11 12 14 13 2 0 1 3 5 4 6 7 18 19 17 25 22 23 24 21 20 16 15 8 9 10
1018
5 2 1 0 14 13 12 11 10 9 8 15 18 16 20 21 24 23 22 25 17 19 7 6 4 3
1023
2 14 13 12 11 10 9 8 15 16 20 21 24 23 22 25 17 19 18 7 6 5 3 4 1 0
1037
2 3 4 5 6 7 8 15 16 20 21 24 23 22 25 17 19 18 9 10 11 12 13 14 0 1
1020
12 11 14 0 1 2 13 9 8 4 3 5 6 7 15 18 19 17 16 25 22 23 24 21 20 10
1028
8 9 13 14 12 11 10 15 18 16 20 21 24 23 22 25 17 19 7 6 4 5 3 1 0 2
1057
1 3 5 4 6 7 8 9 15 18 19 17 16 25 22 23 24 21 20 10 12 11 13 14 2 0
1021
21 20 16 11 12 10 14 13 2 0 1 3 5 4 7 6 8 9 15 18 19 17 25 22 23 24
1040
14 0 1 2 13 9 8 4 3 5 6 7 15 18 19 17 16 20 25 22 23 24 21 10 11 12
1042
13 2 1 0 14 12 10 11 20 21 24 23 22 25 16 17 19 18 15 7 6 5 3 4 8 9
1022
9 10 11 12 14 13 2 0 1 3 5 4 6 7 19 17 25 22 23 24 21 20 16 18 15 8
1029
5 3 4 2 1 0 14 11 12 10 13 9 8 15 25 22 23 24 21 20 16 17 18 19 7 6
1056
3 5 6 7 18 19 17 25 22 23 24 21 20 16 15 8 9 10 11 12 13 14 2 0 1 4
1037
8 9 10 11 12 14 13 2 0 1 3 4 5 6 7 18 19 17 25 22 23 24 21 20 16 15
1022
11 12 14 13 2 0 1 3 4 5 6 7 18 19 17 25 22 23 24 21 20 16 15 8 9 10
1022
16 11 12 10 14 13 2 0 1 3 5 4 7 6 8 9 15 18 19 17 25 22 23 24 21 20
1040
3 5 4 6 7 18 19 17 25 22 23 24 21 20 16 15 8 9 10 11 12 13 14 2 0 1
1022
6 4 3 5 8 9 2 1 0 14 13 11 12 10 15 18 16 20 21 24 23 22 25 17 19 7
1070
5 3 4 2 1 0 14 13 11 12 10 9 15 18 19 17 16 25 22 23 24 21 20 8 7 6
1034
22 25 17 19 18 15 7 6 4 3 5 8 9 13 2 1 0 14 10 12 11 16 20 21 24 23
1036
17 19 18 15 9 8 6 7 4 5 3 1 2 13 14 10 12 11 0 24 23 22 21 25 20 16
1002
24 20 16 11 12 10 13 14 0 1 2 9 8 5 3 4 6 7 15 18 19 17 25 21 22 23
1047
6 8 15 18 19 17 16 25 22 23 24 21 20 9 10 11 12 14 13 2 0 1 4 3 5 7
1061
25 22 23 24 21 20 16 11 12 10 14 13 2 0 1 3 5 4 7 6 8 9 15 18 19 17
1040
13 14 11 12 10 9 15 20 21 24 23 22 25 16 17 19 18 8 7 6 5 4 3 1 0 2
1051
21 20 16 11 12 10 14 0 1 2 13 9 8 4 3 5 6 7 15 18 19 17 25 22 23 24
1032
13 2 0 1 3 5 4 6 7 18 19 17 25 22 23 24 21 20 16 15 8 9 10 11 12 14
1018
2 13 12 11 10 9 24 23 22 25 21 20 16 17 19 18 15 8 7 6 5 4 3 1 0 14
1026
20 21 24 23 22 25 17 19 18 15 7 6 5 3 4 8 9 13 2 1 0 14 11 12 10 16
1029
9 8 15 16 20 21 24 23 22 25 17 18 19 7 6 5 4 3 1 0 2 13 14 12 11 10
1034
12 10 20 21 24 23 22 25 16 17 19 18 15 7 6 3 5 4 8 9 13 2 1 0 14 11
1033
23 24 21 20 16 10 12 11 14 13 0 1 2 9 8 5 3 4 6 7 15 18 19 17 25 22
1055
23 24 21 20 16 10 11 12 14 0 1 2 13 9 8 4 3 5 6 7 15 18 19 17 25 22
1029
11 12 14 13 2 0 1 3 5 4 6 7 8 15 18 19 17 16 25 22 23 24 21 20 9 10
1023
20 16 11 12 10 14 0 1 2 13 9 8 4 3 5 6 7 15 18 19 17 25 22 23 24 21
1032
18 19 17 16 25 22 23 24 21 20 11 12 10 13 14 0 1 2 9 8 4 5 3 6 7 15
1031
5 1 0 2 14 13 12 11 10 9 8 15 16 20 21 24 23 22 25 17 18 19 7 6 4 3
1047
9 8 15 16 20 21 24 23 22 25 17 19 18 7 6 4 5 3 1 0 2 13 14 12 11 10
1018
10 20 21 24 23 22 25 16 17 19 18 15 8 9 7 6 4 5 3 1 0 2 13 14 11 12
1029
18 19 17 25 22 23 24 21 20 16 11 12 10 14 13 2 0 1 3 5 4 7 6 8 9 15
1040
6 7 18 19 17 25 22 23 24 21 20 16 15 8 9 10 12 11 13 14 0 1 2 3 4 5
1011
20 16 11 12 10 14 0 1 2 13 9 8 4 3 5 6 7 15 18 19 17 25 22 23 24 21
1032
12 10 9 8 15 16 20 21 24 23 22 25 17 19 18 7 6 5 3 4 1 0 2 13 14 11
1033
1 3 5 4 6 7 18 19 17 25 22 23 24 21 20 16 15 8 9 10 11 12 13 14 2 0
1022
10 15 16 20 21 24 23 22 25 17 19 18 7 6 5 3 4 8 9 13 2 1 0 14 11 12
1044
4 3 5 1 0 2 14 13 12 11 10 9 18 19 17 25 22 23 24 21 20 16 15 8 7 6
1048
4 3 5 1 0 2 14 13 11 12 10 9 21 24 23 22 25 20 16 17 19 18 15 8 7 6
1059
18 19 17 25 22 23 24 21 20 16 11 12 10 14 0 1 2 13 9 8 4 3 5 6 7 15
1032
18 15 7 6 5 3 4 8 9 13 2 1 0 14 11 12 10 16 20 21 24 23 22 25 17 19
1029
14 0 1 2 13 9 8 4 5 3 6 7 15 18 19 17 16 25 22 23 24 21 20 10 12 11
1033
12 11 14 13 2 0 1 3 5 4 9 8 6 7 16 20 21 24 23 22 25 17 19 18 15 10
1074
7 8 15 18 19 17 16 25 22 23 24 21 20 11 12 10 13 9 14 2 0 1 3 4 5 6
1023
9 10 11 12 14 13 2 0 1 3 4 5 6 7 19 17 25 22 23 24 21 20 16 18 15 8
1033
0 14 12 10 11 20 21 24 23 22 25 16 17 19 18 15 8 9 13 2 6 7 4 5 3 1
1042
24 21 20 16 11 12 10 14 0 1 2 13 9 8 4 3 5 6 7 15 18 19 17 25 22 23
1032
25 17 19 18 15 9 8 6 7 4 5 3 1 0 2 13 14 12 11 10 16 20 21 24 23 22
1037
9 10 11 12 14 13 2 0 1 3 5 4 6 7 8 18 19 17 25 22 23 24 21 20 16 15
1031
10 11 12 14 0 1 2 13 9 4 3 5 6 7 8 15 18 19 17 16 25 22 23 24 21 20
1033
14 12 10 11 20 21 24 23 22 25 16 17 19 18 15 7 6 5 3 4 8 9 2 1 0 13
1044
18 19 17 16 25 22 23 24 21 20 11 12 10 14 0 1 2 13 9 8 4 3 5 6 7 15
1023
11 12 14 0 1 2 13 9 8 3 5 4 6 7 18 19 17 25 22 23 24 21 20 16 15 10
1048
6 7 8 25 22 23 24 21 20 16 17 19 18 15 9 10 12 11 14 13 2 0 1 4 3 5
1065
10 9 18 19 17 25 22 23 24 21 20 16 15 8 7 6 5 4 3 1 0 2 13 14 12 11
1035
24 23 22 25 17 19 18 15 7 6 5 3 4 8 9 13 2 1 0 14 11 12 10 16 20 21
1029
6 7 8 9 15 18 19 17 16 20 21 24 23 22 25 10 11 12 14 13 2 0 1 3 4 5
1031
25 17 19 18 15 7 6 4 5 3 1 0 2 14 13 9 8 10 12 11 16 20 21 24 23 22
1023
13 14 12 11 10 9 8 15 16 20 21 24 23 22 25 17 19 18 7 6 5 3 4 1 0 2
1033
2 1 0 14 11 10 12 20 21 24 23 22 25 16 17 19 18 15 7 6 5 3 4 8 9 13
1038
23 24 21 20 16 10 12 11 14 13 2 0 1 3 5 4 7 6 8 9 15 18 19 17 25 22
1037
7 18 19 17 25 22 23 24 21 20 16 15 8 9 13 10 11 12 14 0 1 2 3 4 5 6
1020
23 24 21 20 16 10 11 12 14 13 2 0 1 3 5 4 7 6 8 9 15 18 19 17 25 22
1037
0 1 2 3 5 4 6 7 8 20 21 24 23 22 25 16 17 19 18 15 9 10 11 12 13 14
1024
16 25 22 23 24 21 20 11 12 10 14 13 2 0 1 3 5 4 7 6 8 9 15 18 19 17
1031
24 23 22 25 17 19 18 15 7 6 4 5 3 1 0 2 14 13 9 8 10 12 11 16 20 21
1023
10 9 24 23 22 25 21 20 16 17 18 19 15 8 7 6 5 4 3 1 0 2 13 14 11 12
1035
20 21 24 23 22 25 17 19 18 15 9 8 6 7 4 5 3 1 0 2 13 14 10 12 11 16
1040
7 18 19 17 25 22 23 24 21 20 16 15 10 12 11 14 0 1 2 13 9 8 4 3 5 6
1044
22 23 24 21 20 16 11 10 12 14 0 1 2 13 9 8 4 3 5 6 7 15 18 19 17 25
1031
0 11 10 12 24 23 22 21 25 20 16 17 19 18 15 7 6 8 9 13 14 2 4 5 3 1
1021
18 19 17 25 22 23 24 21 20 16 10 12 11 14 0 1 2 13 9 8 3 5 4 6 7 15
1033
4 3 1 0 2 14 13 12 11 10 9 15 16 20 21 24 23 22 25 17 19 18 8 7 6 5
1039
6 5 4 3 1 0 2 13 14 12 11 10 9 21 24 23 22 25 20 16 17 19 18 15 8 7
1042
16 17 19 18 15 7 6 4 5 3 1 2 8 9 13 14 10 12 11 0 24 22 23 21 25 20
1019
14 12 11 10 20 21 24 23 22 25 16 17 19 18 15 9 8 7 6 5 4 3 1 0 2 13
1017
17 16 20 25 21 22 23 24 11 12 10 14 0 1 2 13 9 8 4 5 3 6 7 15 18 19
1010
20 21 24 23 22 25 17 19 18 15 7 6 5 4 3 1 0 2 8 9 13 14 12 11 10 16
1035
2 13 9 15 18 16 20 21 24 23 22 25 17 19 7 6 5 3 4 8 10 11 12 14 0 1
1073
18 15 7 6 3 5 4 8 9 2 1 0 14 13 10 12 11 16 20 21 24 23 22 25 17 19
1040
3 4 6 7 19 17 25 22 23 24 21 20 16 18 15 8 9 10 11 12 13 14 0 1 2 5
1023
10 9 8 15 20 21 24 23 22 25 16 17 19 18 7 6 4 5 3 1 0 2 13 14 11 12
1034
17 25 22 23 24 21 20 16 10 12 11 14 0 1 2 13 9 8 3 5 4 6 7 15 18 19
1033
6 4 5 3 1 0 2 13 14 12 9 10 11 20 21 24 23 22 25 16 17 19 18 15 8 7
1014
25 22 23 24 21 20 16 11 12 10 8 9 13 14 2 0 1 3 5 4 6 7 15 18 19 17
1023
15 9 8 6 7 4 5 3 1 0 2 13 14 10 12 11 21 24 23 22 25 20 16 17 19 18
1042
14 12 11 10 9 8 15 20 21 24 23 22 25 16 17 19 18 7 6 4 5 3 1 0 2 13
1034
13 14 11 12 10 9 8 15 18 19 17 25 22 23 24 21 20 16 7 6 4 5 3 1 0 2
1028
18 19 17 25 22 23 24 21 20 16 11 12 10 14 0 1 2 13 9 8 5 3 4 6 7 15
1036
6 7 19 17 25 22 23 24 21 20 16 18 15 10 12 11 14 13 9 8 2 0 1 3 5 4
1057
17 16 20 25 21 22 23 24 11 12 10 14 0 1 2 13 9 8 4 3 5 6 7 15 18 19
1005
4 3 5 6 7 8 15 18 19 17 16 20 21 24 23 22 25 11 12 10 9 13 14 2 0 1
1024
7 8 15 18 19 17 16 20 21 25 22 23 24 9 10 11 12 14 13 2 0 1 3 5 4 6
1014
23 22 25 17 19 18 15 7 6 4 5 3 8 9 13 2 1 0 14 10 12 11 16 20 21 24
1036
8 9 10 11 12 14 13 2 0 1 3 5 4 6 7 18 19 17 25 22 23 24 21 20 16 15
1018
6 4 3 5 8 9 13 2 1 0 14 12 11 10 20 21 24 23 22 25 16 17 19 18 15 7
1032
19 18 15 9 8 6 7 4 5 3 1 0 2 13 14 12 11 10 16 20 21 24 23 22 25 17
1037
16 17 19 18 15 9 8 6 7 4 5 3 1 0 2 13 14 10 12 11 20 21 24 23 22 25
1031
14 11 12 10 25 22 23 24 21 20 16 17 19 18 15 7 6 8 9 4 5 3 1 0 2 13
1062
1 3 5 4 2 13 9 8 6 7 15 19 18 17 16 25 22 23 24 21 20 12 11 10 14 0
1049
15 7 6 5 3 4 8 9 13 2 1 0 14 10 12 11 21 24 23 22 25 20 16 17 19 18
1034
7 8 6 4 5 3 1 0 2 13 14 12 11 10 9 15 18 16 20 21 24 23 22 25 17 19
1058
1 0 2 14 11 10 12 13 9 8 15 16 20 21 24 23 22 25 17 19 18 7 6 4 5 3
1038
13 14 11 12 10 25 22 23 24 21 20 16 17 19 18 15 9 8 7 6 5 4 3 1 0 2
1031
17 25 22 23 24 21 20 16 10 11 12 14 13 9 8 2 0 1 3 5 4 6 7 15 18 19
1031
19 17 16 20 21 25 22 23 24 11 12 10 14 0 1 2 13 9 8 3 5 4 6 7 15 18
1006
16 11 12 10 14 0 1 2 13 9 8 4 3 5 6 7 15 18 19 17 25 22 23 24 21 20
1032
6 4 5 3 1 0 2 13 14 11 12 10 9 8 15 20 21 24 23 22 25 16 17 19 18 7
1034
13 2 0 1 4 3 5 6 7 8 9 15 18 19 17 16 20 25 22 23 24 21 10 12 11 14
1042
25 22 23 24 21 20 16 11 12 10 14 0 1 2 13 9 8 4 3 5 6 7 15 18 19 17
1032
0 14 13 2 1 3 4 5 6 7 8 15 16 20 21 24 23 22 25 17 19 18 9 12 10 11
1060
19 18 15 7 6 4 5 3 8 9 13 2 1 0 14 11 12 10 16 20 21 24 23 22 25 17
1033
2 13 9 8 5 3 4 6 7 18 19 17 16 25 22 23 24 21 20 15 10 11 12 14 0 1
1064
7 19 17 25 22 23 24 21 20 16 18 15 8 9 10 11 12 14 13 2 0 1 3 5 4 6
1029
25 22 23 24 21 20 16 10 12 11 14 0 1 2 13 9 8 3 5 4 6 7 15 18 19 17
1033
17 19 18 15 7 6 3 5 4 8 9 13 2 1 0 14 12 11 10 16 20 21 24 23 22 25
1034
2 0 1 4 3 5 6 7 18 19 17 25 22 23 24 21 20 16 15 8 9 10 11 12 13 14
1037
8 15 18 19 17 16 20 25 22 23 24 21 11 10 9 12 14 13 2 0 1 4 3 5 6 7
1040
13 2 1 0 14 11 10 12 20 21 24 23 22 25 16 17 19 18 15 7 6 4 5 3 8 9
1042
18 19 17 16 25 22 23 24 21 20 11 12 10 14 13 9 8 2 0 1 3 5 4 6 7 15
1025
13 2 1 0 14 12 11 10 15 18 16 20 21 24 23 22 25 17 19 7 6 5 3 4 8 9
1055
0 11 12 10 15 18 16 20 21 24 23 22 25 17 19 7 6 8 9 13 14 2 4 5 3 1
1054
25 22 23 24 21 20 16 11 12 10 14 0 1 2 13 9 8 4 3 5 6 7 15 18 19 17
1032
22 23 24 21 20 16 10 12 11 14 0 1 2 13 9 8 3 5 4 6 7 15 18 19 17 25
1033
11 14 0 1 2 13 9 8 3 5 4 6 7 15 18 19 17 16 20 21 25 22 23 24 10 12
1021
8 9 10 11 12 14 13 2 0 1 3 5 4 6 7 16 20 21 24 23 22 25 17 19 18 15
1028
18 15 7 6 5 3 4 8 9 13 2 1 0 14 10 12 11 16 20 21 24 23 22 25 17 19
1032
16 11 12 10 14 0 1 2 13 9 8 4 3 5 6 7 15 18 19 17 25 22 23 24 21 20
1032
12 11 10 21 24 23 22 25 20 16 17 19 18 15 7 6 4 5 3 8 9 13 2 1 0 14
1046
23 24 21 20 16 10 12 11 13 14 0 1 2 9 8 5 3 4 6 7 15 18 19 17 25 22
1044
10 12 11 14 13 2 0 1 3 5 4 9 8 6 7 15 18 19 17 16 25 22 23 24 21 20
1048
4 5 6 7 18 19 17 25 22 23 24 21 20 16 15 8 9 10 12 11 13 14 2 0 1 3
1030
21 24 23 22 25 17 19 18 15 7 6 4 3 5 8 9 13 2 1 0 14 10 12 11 16 20
1036
16 11 12 10 14 0 1 2 13 9 8 4 3 5 6 7 15 18 19 17 25 22 23 24 21 20
1032
12 11 10 9 8 15 16 20 21 24 23 22 25 17 19 18 7 6 5 3 4 1 0 2 13 14
1033
18 15 7 6 4 5 3 1 0 2 8 9 13 14 10 12 11 16 20 21 24 23 22 25 17 19
1034
9 8 7 6 4 5 3 1 0 2 13 14 12 11 10 20 21 24 23 22 25 16 17 19 18 15
1013
24 21 20 16 10 11 12 14 0 1 2 13 9 8 4 3 5 6 7 15 18 19 17 25 22 23
1029
9 8 4 5 3 6 7 15 19 18 17 16 20 21 25 22 23 24 10 11 12 14 0 1 2 13
1039
19 17 16 25 22 23 24 21 20 11 12 10 14 0 1 2 13 9 8 4 5 3 6 7 15 18
1028
21 20 16 11 10 12 14 13 2 0 1 3 5 4 7 6 8 9 15 18 19 17 25 22 23 24
1039
13 2 1 0 14 11 12 10 15 16 20 21 24 23 22 25 17 19 18 7 6 5 3 4 8 9
1044
9 13 2 1 0 14 12 11 10 21 24 23 22 25 20 16 17 19 18 15 7 6 5 3 4 8
1042
2 3 4 5 6 7 18 19 17 25 22 23 24 21 20 16 15 8 9 10 11 12 13 14 0 1
1007
0 1 3 5 4 7 6 2 14 13 9 8 15 18 19 17 16 20 25 22 23 24 21 10 12 11
1068
0 14 10 11 12 9 8 15 18 19 17 16 25 22 23 24 21 20 13 2 6 7 4 5 3 1
1087
19 18 15 7 6 5 3 4 8 9 13 2 1 0 14 10 12 11 16 20 21 24 23 22 25 17
1032
24 23 22 25 17 19 18 15 7 6 3 5 4 8 9 13 2 1 0 14 10 12 11 16 20 21
1037
3 5 6 7 8 15 18 19 17 16 25 22 23 24 21 20 9 10 11 12 13 14 0 1 2 4
1014
18 15 7 6 5 3 4 8 9 13 2 1 0 14 10 12 11 20 21 24 23 22 25 16 17 19
1023
7 6 8 4 5 3 1 0 2 13 14 12 11 10 9 15 16 20 21 24 23 22 25 17 19 18
1056
7 6 5 4 3 1 0 2 13 14 12 11 10 25 22 23 24 21 20 16 17 19 18 15 9 8
1031
3 5 6 7 8 15 16 20 21 24 23 22 25 17 19 18 9 10 11 12 13 14 2 0 1 4
1050
24 20 16 11 12 10 14 13 9 8 2 0 1 3 5 4 6 7 15 18 19 17 25 21 22 23
1042
19 18 15 7 6 5 3 4 8 9 13 2 1 0 14 10 12 11 24 23 22 21 25 20 16 17
1005
6 7 19 18 17 25 22 23 24 21 20 16 15 8 9 10 12 11 13 14 0 1 2 3 4 5
1023
25 17 19 18 15 7 6 5 3 4 8 9 13 2 1 0 14 10 12 11 16 20 21 24 23 22
1032
15 18 19 17 25 22 23 24 21 20 16 11 12 10 14 0 1 2 13 9 8 3 5 4 6 7
1036
18 15 9 8 6 7 4 5 3 1 0 2 13 14 10 12 11 16 20 21 24 23 22 25 17 19
1040
6 7 18 19 17 25 22 23 24 21 20 16 15 8 9 10 12 11 14 13 2 0 1 3 4 5
1022
10 11 12 14 13 2 0 1 3 4 5 6 7 18 19 17 25 22 23 24 21 20 16 15 8 9
1022
7 6 5 4 3 1 0 2 13 14 12 11 10 9 8 15 16 20 21 24 23 22 25 17 19 18
1022
1 0 14 11 10 12 9 24 23 22 25 21 20 16 17 19 18 15 8 13 2 7 6 4 5 3
1084
16 17 19 18 15 7 6 5 3 4 8 9 13 2 1 0 14 12 10 11 21 24 23 22 25 20
1033
22 25 17 19 18 15 7 6 4 5 3 8 9 13 2 1 0 14 11 12 10 16 20 21 24 23
1033
5 6 7 8 18 19 17 25 22 23 24 21 20 16 15 9 10 12 11 13 14 0 1 2 4 3
1026
11 14 13 2 0 1 3 5 4 6 7 18 19 17 25 22 23 24 21 20 16 15 8 9 10 12
1018
7 18 19 17 25 22 23 24 21 20 16 15 8 9 10 12 11 13 14 2 0 1 3 4 5 6
1030
3 4 6 7 8 15 18 19 17 16 25 22 23 24 21 20 9 13 12 11 10 14 2 0 1 5
1057
18 19 17 16 25 22 23 24 21 20 11 12 10 14 13 2 0 1 3 5 4 7 6 8 9 15
1031
11 10 15 16 20 21 24 23 22 25 17 19 18 7 6 4 5 3 1 0 2 8 9 13 14 12
1046
1 0 2 13 14 12 11 10 9 8 15 16 20 21 24 23 22 25 17 19 18 7 6 4 5 3
1018
2 0 1 3 4 5 6 7 8 18 19 17 25 22 23 24 21 20 16 15 9 10 11 12 13 14
1039
2 1 3 4 5 6 7 18 19 17 25 22 23 24 21 20 16 15 8 9 10 11 12 13 14 0
1028
13 0 1 2 9 8 5 3 4 6 7 15 19 18 17 16 20 21 25 22 23 24 10 12 11 14
1060
9 8 3 5 4 6 7 15 19 18 17 16 25 22 23 24 21 20 10 11 12 14 0 1 2 13
1049
21 24 23 22 25 17 19 18 15 7 6 5 3 4 8 9 13 2 1 0 14 11 12 10 16 20
1029
4 2 1 0 14 12 11 10 13 9 15 16 20 21 24 23 22 25 17 19 18 8 7 6 5 3
1035
21 20 16 10 12 11 14 0 1 2 13 9 8 3 5 4 6 7 15 18 19 17 25 22 23 24
1033
20 16 10 11 12 13 14 0 1 2 9 8 4 5 3 6 7 15 18 19 17 25 22 23 24 21
1041
12 11 14 13 2 0 1 4 3 5 6 7 8 9 15 18 19 17 16 25 22 23 24 21 20 10
1028
6 4 5 3 1 0 2 13 14 11 12 10 9 8 15 16 20 21 24 23 22 25 17 19 18 7
1018
20 16 11 12 10 14 0 1 2 13 9 8 3 5 4 6 7 15 18 19 17 25 22 23 24 21
1036
11 12 14 13 2 0 1 3 4 5 6 7 18 19 17 25 22 23 24 21 20 16 15 8 9 10
1022
19 18 15 7 6 5 3 4 8 9 13 2 1 0 14 10 12 11 16 20 21 24 23 22 25 17
1032
24 20 16 11 12 10 14 0 1 2 13 9 8 4 3 5 6 7 15 18 19 17 25 21 22 23
1040
11 12 10 25 22 23 24 21 20 16 17 19 18 15 7 6 5 3 4 8 9 13 2 1 0 14
1042
15 7 6 4 3 5 8 9 13 2 1 0 14 10 12 11 16 20 21 24 23 22 25 17 19 18
1036
22 25 17 19 18 15 7 6 4 5 3 8 9 2 1 0 14 13 10 12 11 16 20 21 24 23
1039
7 6 5 3 4 8 15 18 19 17 16 20 21 24 23 22 25 10 11 12 14 0 1 2 13 9
1062
3 5 6 7 8 15 18 19 17 16 25 22 23 24 21 20 9 13 10 12 11 14 0 1 2 4
1027
17 19 18 15 7 6 5 3 4 8 9 13 2 1 0 14 10 12 11 21 24 23 22 25 20 16
1034
18 19 17 16 25 22 23 24 21 20 11 12 10 8 9 13 14 2 0 1 3 5 4 6 7 15
1014
11 14 13 2 0 1 3 5 4 7 6 8 9 15 18 19 17 16 20 25 22 23 24 21 10 12
1050
12 11 14 0 1 2 13 9 8 4 3 5 6 7 18 19 17 25 22 23 24 21 20 16 15 10
1044
5 2 1 0 14 10 11 12 13 9 8 15 16 20 21 24 23 22 25 17 19 18 7 6 4 3
1029
25 22 23 24 21 20 16 11 12 10 14 13 2 0 1 3 5 4 7 6 8 9 15 18 19 17
1040
3 1 0 2 14 13 11 12 10 9 8 15 18 16 20 21 24 23 22 25 17 19 7 6 5 4
1041
6 7 8 18 19 17 25 22 23 24 21 20 16 15 9 10 12 11 14 13 2 0 1 3 4 5
1035
8 9 15 18 19 17 16 20 25 22 23 24 21 10 11 12 14 13 2 0 1 3 5 4 7 6
1050
21 20 16 11 12 10 14 0 1 2 13 9 8 4 5 3 6 7 15 18 19 17 25 22 23 24
1037
11 10 9 20 21 24 23 22 25 16 17 19 18 15 8 7 6 5 4 3 1 0 2 13 14 12
1027
21 20 16 11 12 10 14 13 2 0 1 3 5 4 7 6 8 9 15 18 19 17 25 22 23 24
1040
2 0 1 3 4 5 6 7 18 19 17 25 22 23 24 21 20 16 15 8 9 10 11 12 13 14
1026
17 16 20 25 21 22 23 24 0 11 12 10 14 13 2 1 3 5 4 9 8 6 7 15 18 19
1014
0 14 11 10 12 20 21 24 23 22 25 16 17 19 18 15 8 9 13 2 7 6 4 5 3 1
1054
11 14 13 2 0 1 3 4 5 6 7 18 19 17 25 22 23 24 21 20 16 15 8 9 10 12
1022
9 8 4 5 3 6 7 15 18 19 17 16 20 21 25 22 23 24 10 11 12 14 0 1 2 13
1022
24 20 16 11 12 10 14 0 1 2 13 9 8 4 3 5 6 7 15 18 19 17 25 21 22 23
1040
22 23 24 21 20 16 11 12 10 14 13 2 0 1 3 5 4 9 8 6 7 15 18 19 17 25
1052
25 22 23 24 21 20 16 11 12 10 14 13 2 0 1 3 5 4 7 6 8 9 15 18 19 17
1040
11 12 14 0 1 2 13 9 8 5 3 4 6 7 15 19 18 17 16 20 21 25 22 23 24 10
1038
14 11 12 10 15 20 21 24 23 22 25 16 17 19 18 7 6 5 3 4 8 9 13 2 1 0
1060
12 14 13 2 0 1 3 5 4 6 7 8 18 19 17 25 22 23 24 21 20 16 15 9 10 11
1031
16 25 22 23 24 21 20 11 12 10 14 0 1 2 13 9 8 4 3 5 6 7 15 18 19 17
1023
2 13 14 12 11 10 9 15 16 20 21 24 23 22 25 17 19 18 8 7 6 5 4 3 1 0
1035
17 25 22 23 24 21 20 16 10 12 11 14 0 1 2 13 9 8 4 3 5 6 7 15 18 19
1029
6 7 18 19 17 25 22 23 24 21 20 16 15 8 9 10 12 11 13 14 2 0 1 3 4 5
1030
0 11 10 12 9 8 15 16 20 21 24 23 22 25 17 19 18 7 6 4 5 3 1 2 13 14
1043
4 3 5 6 7 19 17 25 22 23 24 21 20 16 18 15 8 9 10 11 12 13 14 2 0 1
1048
20 21 24 23 22 25 17 19 18 15 7 6 5 3 4 8 9 13 2 1 0 14 11 12 10 16
1029
13 2 0 1 3 4 5 6 7 19 18 17 25 22 23 24 21 20 16 15 8 9 10 11 12 14
1034
6 7 19 18 17 25 22 23 24 21 20 16 15 10 12 11 14 13 9 8 2 0 1 3 5 4
1058
9 8 15 18 16 20 21 24 23 22 25 17 19 7 6 5 4 3 1 0 2 13 14 12 11 10
1033
14 13 11 12 10 15 20 21 24 23 22 25 16 17 19 18 7 6 3 5 4 8 9 2 1 0
1076
25 22 23 24 21 20 16 10 12 11 14 0 1 2 13 9 8 3 5 4 6 7 15 18 19 17
1033
22 23 24 21 20 16 10 12 11 14 0 1 2 13 9 8 3 5 4 6 7 15 18 19 17 25
1033
12 14 13 2 0 1 3 5 4 6 7 18 19 17 25 22 23 24 21 20 16 15 8 9 10 11
1018
1 3 5 4 2 13 9 8 6 7 18 19 17 25 22 23 24 21 20 16 15 10 11 12 14 0
1037
25 17 19 18 15 9 8 6 7 4 5 3 1 0 2 13 14 10 12 11 16 20 21 24 23 22
1040
17 19 18 15 7 6 5 3 4 8 9 13 2 1 0 14 11 12 10 16 20 21 24 23 22 25
1029
18 15 7 6 4 3 5 8 9 13 2 1 0 14 10 12 11 24 23 22 21 25 20 16 17 19
1009
17 16 20 25 21 22 23 24 0 11 12 10 14 13 2 1 3 5 4 7 6 8 9 15 18 19
1002
1 3 5 4 6 7 2 13 9 8 15 18 19 17 16 20 21 24 23 22 25 10 12 11 14 0
1058
23 24 21 20 16 11 12 10 14 0 1 2 13 9 8 5 3 4 6 7 15 18 19 17 25 22
1036
11 12 14 0 1 2 13 9 8 4 3 5 6 7 18 19 17 25 22 23 24 21 20 16 15 10
1044
3 4 5 6 7 19 17 25 22 23 24 21 20 16 18 15 8 9 13 12 10 11 14 2 0 1
1053
15 18 19 17 16 20 25 22 23 24 21 11 10 12 14 0 1 2 13 9 8 4 3 5 6 7
1033
17 16 20 25 21 22 23 24 11 12 10 14 0 1 2 13 9 8 4 5 3 6 7 15 18 19
1010
9 8 4 3 5 6 7 15 18 19 17 16 20 21 25 22 23 24 10 11 12 14 0 1 2 13
1017
21 24 23 22 25 17 19 18 15 7 6 4 5 3 8 9 13 2 1 0 14 11 12 10 16 20
1033
9 10 11 12 14 13 2 0 1 3 4 5 6 7 8 15 18 19 17 16 20 21 25 22 23 24
1018
4 3 5 6 7 8 18 19 17 25 22 23 24 21 20 16 15 9 10 11 12 13 14 0 1 2
1022
14 11 12 10 20 21 24 23 22 25 16 17 19 18 15 7 6 8 9 4 5 3 1 0 2 13
1048
1 2 3 5 4 6 7 8 9 15 18 19 17 16 20 21 24 23 22 25 10 12 11 13 14 0
1016
12 11 14 13 2 0 1 3 5 4 6 7 19 17 25 22 23 24 21 20 16 18 15 8 9 10
1029
22 25 17 19 18 15 7 6 4 5 3 8 9 13 2 1 0 14 12 11 10 16 20 21 24 23
1033
10 20 21 24 23 22 25 16 17 19 18 15 9 8 7 6 4 5 3 1 0 2 13 14 11 12
1013
1 0 14 12 11 10 13 9 8 15 18 16 20 21 24 23 22 25 17 19 7 6 4 5 3 2
1027
0 11 12 10 9 15 16 20 21 24 23 22 25 17 19 18 8 13 14 2 7 6 4 5 3 1
1094
22 24 21 20 16 11 12 10 14 0 1 2 13 9 8 4 3 5 6 7 15 18 19 17 25 23
1052
3 4 6 7 19 18 17 16 25 22 23 24 21 20 15 8 9 10 12 11 13 14 0 1 2 5
1044
25 17 19 18 15 7 6 4 3 5 8 9 13 2 1 0 14 12 11 10 16 20 21 24 23 22
1033
20 21 24 23 22 25 17 19 18 15 9 8 6 7 4 5 3 1 0 2 13 14 12 11 10 16
1037
21 20 16 11 12 10 14 0 1 2 13 9 8 4 3 5 6 7 15 18 19 17 25 22 23 24
1032
1 0 14 13 12 11 10 9 8 15 16 20 21 24 23 22 25 17 19 18 7 6 5 3 4 2
1009
14 0 1 2 13 9 8 5 3 4 6 7 15 18 19 17 16 25 22 23 24 21 20 10 12 11
1032
13 2 0 1 3 4 5 6 7 19 17 25 22 23 24 21 20 16 18 15 8 9 10 11 12 14
1033
6 5 3 4 1 0 2 14 13 11 12 10 9 8 15 16 20 21 24 23 22 25 17 19 18 7
1041
5 1 0 2 14 10 12 11 20 21 24 23 22 25 16 17 19 18 15 9 13 8 7 6 4 3
1049
18 19 17 25 22 23 24 21 20 16 10 12 11 14 0 1 2 13 9 8 4 3 5 6 7 15
1029
23 24 21 20 16 10 12 11 14 13 9 8 2 0 1 3 4 5 6 7 15 18 19 17 25 22
1035
24 23 22 21 25 17 19 18 15 7 6 3 5 4 8 9 2 1 0 14 13 12 11 10 16 20
1049
10 15 18 16 20 21 24 23 22 25 17 19 7 6 5 3 4 8 9 13 2 1 0 14 11 12
1055
15 18 19 17 25 22 23 24 21 20 16 11 12 10 14 13 2 0 1 3 5 4 7 6 8 9
1040
9 8 15 20 21 24 23 22 25 16 17 19 18 7 6 5 3 4 1 0 2 13 14 12 11 10
1049
4 6 7 8 15 19 18 17 16 20 21 24 23 22 25 11 12 10 9 13 14 0 2 1 5 3
1041
21 20 16 11 12 10 14 0 1 2 13 9 8 4 3 5 6 7 15 18 19 17 25 22 23 24
1032
23 24 21 20 16 10 11 12 14 13 9 8 2 0 1 3 5 4 6 7 15 18 19 17 25 22
1031
13 2 0 1 3 5 4 6 7 9 8 15 18 19 17 16 25 22 23 24 21 20 10 11 12 14
1029
6 4 5 3 1 0 2 13 14 12 11 10 9 8 15 16 20 21 24 23 22 25 17 19 18 7
1018
6 4 5 3 1 0 2 13 14 11 12 10 9 8 15 18 16 20 21 24 23 22 25 17 19 7
1029
21 20 16 11 12 10 14 0 1 2 13 9 8 3 5 4 6 7 15 18 19 17 25 22 23 24
1036
6 7 19 17 25 22 23 24 21 20 16 18 15 8 9 10 12 11 14 13 2 0 1 3 5 4
1029
25 22 23 24 21 20 16 10 11 12 14 0 1 2 13 9 8 4 3 5 6 7 15 18 19 17
1029
10 9 8 15 16 20 21 24 23 22 25 17 19 18 7 6 5 4 3 1 0 2 13 14 11 12
1022
14 12 10 11 24 23 22 21 25 20 16 17 19 18 15 7 6 3 5 4 8 9 13 2 1 0
1009
24 21 20 16 11 12 10 14 0 1 2 13 9 8 4 3 5 6 7 15 18 19 17 25 22 23
1032
7 16 20 21 24 23 22 25 17 19 18 15 10 11 12 14 13 9 8 2 0 1 3 5 4 6
1056
6 7 19 18 17 25 22 23 24 21 20 16 15 10 12 11 14 13 9 8 2 0 1 3 5 4
1058
11 12 10 9 8 15 16 20 21 24 23 22 25 17 19 18 7 6 4 5 3 1 0 2 13 14
1018
6 7 19 18 17 16 25 22 23 24 21 20 15 8 9 10 11 12 13 14 2 0 1 3 5 4
1050
25 22 23 24 21 20 16 11 12 10 14 0 1 2 13 9 8 4 3 5 6 7 15 18 19 17
1032
15 7 6 4 5 3 8 9 13 2 1 0 14 12 10 11 20 21 24 23 22 25 16 17 19 18
1026
22 23 24 21 20 16 11 12 10 14 0 1 2 13 9 8 5 3 4 6 7 15 18 19 17 25
1036
13 2 0 1 3 5 4 6 7 18 19 17 25 22 23 24 21 20 16 15 8 9 10 12 11 14
1018
16 20 21 25 22 23 24 11 12 10 14 0 1 2 13 9 8 4 3 5 6 7 15 18 19 17
1002
15 18 19 17 25 22 23 24 21 20 16 11 12 10 14 13 2 0 1 3 5 4 7 6 8 9
1040
24 23 22 25 17 19 18 15 7 6 5 3 4 8 9 13 2 1 0 14 12 11 10 16 20 21
1029
7 6 4 5 3 1 0 2 13 14 12 11 10 9 8 15 20 21 24 23 22 25 16 17 19 18
1034
16 20 25 22 23 24 21 11 12 10 14 13 9 8 2 0 1 3 5 4 6 7 15 18 19 17
1036
3 5 6 7 19 17 25 22 23 24 21 20 16 18 15 8 9 10 12 11 13 14 0 1 2 4
1024
18 15 7 6 4 5 3 8 9 13 2 1 0 14 12 10 11 20 21 24 23 22 25 16 17 19
1026
11 12 14 13 2 0 1 3 5 4 6 7 19 17 25 22 23 24 21 20 16 18 15 8 9 10
1029
10 11 12 14 0 1 2 13 9 8 4 3 5 6 7 15 18 19 17 16 25 22 23 24 21 20
1028
18 19 17 25 22 23 24 21 20 16 11 12 10 14 0 1 2 13 9 8 4 3 5 6 7 15
1032
7 6 5 4 3 1 0 2 13 14 12 9 10 11 20 21 24 23 22 25 16 17 19 18 15 8
1018
21 20 16 11 12 10 14 13 9 8 2 0 1 3 5 4 6 7 15 18 19 17 25 22 23 24
1034
3 5 1 0 2 14 13 9 10 11 12 20 21 24 23 22 25 16 17 19 18 15 8 7 6 4
1022
6 4 5 3 1 0 2 13 14 12 11 10 9 15 16 20 21 24 23 22 25 17 19 18 7 8
1047
2 3 5 4 6 7 18 19 17 25 22 23 24 21 20 16 15 8 9 10 11 12 13 14 0 1
1003
18 15 7 6 8 9 4 5 3 1 2 13 14 10 12 11 0 24 22 23 21 25 20 16 17 19
1037
7 6 8 4 5 3 1 0 2 13 14 11 12 10 9 15 20 21 24 23 22 25 16 17 19 18
1072
20 16 11 12 10 14 0 1 2 13 9 8 5 3 4 6 7 15 18 19 17 25 22 23 24 21
1036
20 21 24 23 22 25 17 19 18 15 7 6 5 3 4 8 9 13 2 1 0 14 10 12 11 16
1032
21 24 23 22 25 17 19 18 15 7 6 4 3 5 8 9 13 2 1 0 14 10 12 11 16 20
1036
7 19 18 17 25 22 23 24 21 20 16 15 9 8 10 12 11 14 13 2 0 1 4 3 5 6
1070
25 22 23 24 21 20 16 10 12 11 14 0 1 2 13 9 8 3 5 4 6 7 15 18 19 17
1033
13 2 1 0 14 11 12 10 21 24 23 22 25 20 16 17 19 18 15 7 6 5 3 4 8 9
1042
12 14 13 2 0 1 3 4 5 6 7 8 18 19 17 16 25 22 23 24 21 20 15 9 10 11
1051
5 6 7 19 18 17 25 22 23 24 21 20 16 15 8 9 13 12 10 11 14 2 0 1 4 3
1065
11 10 15 20 21 24 23 22 25 16 17 19 18 7 6 4 5 3 8 9 13 2 1 0 14 12
1064
25 22 23 24 21 20 16 10 12 11 14 0 1 2 13 9 8 3 5 4 6 7 15 18 19 17
1033
7 6 5 4 3 1 0 2 13 14 12 11 10 9 8 15 16 20 21 24 23 22 25 17 19 18
1022
5 3 4 2 1 0 14 13 11 12 10 9 8 15 20 21 24 23 22 25 16 17 18 19 7 6
1041
17 19 18 15 7 6 5 3 4 8 9 13 2 1 0 14 10 12 11 24 22 23 21 25 20 16
1028
18 15 9 8 6 7 4 5 3 1 0 2 13 14 10 12 11 20 21 24 23 22 25 16 17 19
1031
6 7 19 17 25 22 23 24 21 20 16 18 15 8 9 10 11 12 14 13 2 0 1 3 5 4
1029
10 24 23 22 25 21 20 16 17 18 19 15 7 6 5 3 4 8 9 13 2 1 0 14 12 11
1034
25 17 19 18 15 7 6 4 3 5 8 9 13 2 1 0 14 10 12 11 16 20 21 24 23 22
1036
0 14 13 2 1 3 5 4 6 7 18 19 17 25 22 23 24 21 20 16 15 8 9 10 12 11
1030
7 6 4 5 3 8 15 18 19 17 16 20 21 24 23 22 25 10 12 11 14 0 1 2 13 9
1066
15 7 6 4 5 3 8 9 13 2 1 0 14 10 12 11 16 20 21 24 23 22 25 17 19 18
1036
19 17 16 25 22 23 24 21 20 11 12 10 14 13 2 0 1 3 5 4 7 6 8 9 15 18
1031
17 25 22 23 24 21 20 16 11 12 10 14 13 2 0 1 3 5 4 7 6 8 9 15 18 19
1040
21 20 16 10 11 12 14 0 1 2 13 9 8 3 5 4 6 7 15 18 19 17 25 22 23 24
1033
3 5 1 0 2 14 13 9 10 12 11 20 21 24 23 22 25 16 17 19 18 15 8 7 6 4
1006
2 1 0 14 10 11 12 20 21 24 23 22 25 16 17 19 18 15 7 6 4 3 5 8 9 13
1043
14 13 0 1 2 9 8 3 5 4 6 7 15 19 18 17 16 20 21 25 22 23 24 12 10 11
1062
17 19 18 15 7 6 4 5 3 8 9 13 2 1 0 14 11 12 10 16 20 21 24 23 22 25
1033
25 22 23 24 21 20 16 11 12 10 14 0 1 2 13 9 8 4 3 5 6 7 15 18 19 17
1032
12 14 0 1 2 13 9 8 3 5 4 6 7 15 18 19 17 16 25 22 23 24 21 20 11 10
1026
15 18 19 17 25 22 23 24 21 20 16 11 12 10 14 13 2 0 1 3 5 4 7 6 8 9
1040
13 14 11 12 10 9 8 15 18 16 20 21 24 23 22 25 17 19 7 6 5 4 3 1 0 2
1033
1 0 14 9 8 4 5 3 6 7 19 18 17 25 22 23 24 21 20 16 15 10 11 12 13 2
1074
23 22 25 17 19 18 15 7 6 4 5 3 8 9 2 1 0 14 13 12 11 10 16 20 21 24
1040
2 14 10 11 12 21 24 23 22 25 20 16 17 19 18 15 9 8 7 6 4 5 3 1 0 13
1059
0 14 13 2 1 4 3 5 6 7 8 15 18 19 17 16 20 25 22 23 24 21 11 12 10 9
1053
16 17 19 18 15 7 6 4 5 3 8 9 13 2 1 0 14 12 10 11 20 21 24 23 22 25
1026
24 23 22 25 17 19 18 15 7 6 4 3 5 8 9 2 1 0 14 13 10 12 11 16 20 21
1039
4 6 7 18 19 17 25 22 23 24 21 20 16 15 8 9 10 12 11 13 14 2 0 1 5 3
1039
2 1 0 14 13 12 11 10 9 8 15 16 20 21 24 23 22 25 17 18 19 7 6 5 4 3
1019
14 11 12 10 20 21 24 23 22 25 16 17 19 18 15 8 4 5 3 6 7 9 13 2 1 0
1053
4 3 5 2 1 0 14 12 11 10 13 9 20 21 24 23 22 25 16 17 19 18 15 8 7 6
1030
12 11 14 13 2 0 1 3 5 4 6 7 18 19 17 16 25 22 23 24 21 20 15 8 9 10
1034
15 18 19 17 25 22 23 24 21 20 16 10 11 12 14 0 1 2 13 9 8 3 5 4 6 7
1033
2 0 1 3 5 4 6 7 8 18 19 17 25 22 23 24 21 20 16 15 9 10 11 12 13 14
1035
3 4 6 7 8 15 18 19 17 16 25 22 23 24 21 20 11 12 10 9 13 14 0 2 1 5
1008
1 3 5 4 2 13 9 8 6 7 15 18 19 17 16 25 22 23 24 21 20 11 10 12 14 0
1015
21 20 16 11 12 10 14 13 9 8 2 0 1 3 5 4 6 7 15 18 19 17 25 22 23 24
1034
19 18 15 7 6 4 3 5 8 9 2 1 0 14 13 10 12 11 24 23 22 21 25 20 16 17
1012
16 20 21 24 23 22 25 17 19 18 15 7 6 5 3 4 8 9 13 2 1 0 14 10 12 11
1032
2 1 0 14 11 12 10 15 16 20 21 24 23 22 25 17 19 18 7 6 5 3 4 8 9 13
1044
0 11 10 12 24 23 22 25 21 20 16 17 18 19 15 8 9 13 14 2 6 7 4 5 3 1
1062
7 18 19 17 16 25 22 23 24 21 20 15 8 9 10 11 12 13 14 2 0 1 3 4 5 6
1042
17 19 18 15 7 6 4 5 3 8 9 13 2 1 0 14 11 12 10 16 20 21 24 23 22 25
1033
0 1 3 5 4 2 14 13 9 8 6 7 19 17 25 22 23 24 21 20 16 18 15 10 12 11
1054
17 19 18 15 7 6 4 5 3 8 9 13 2 1 0 14 11 12 10 16 20 21 24 23 22 25
1033
24 21 20 16 11 12 10 14 0 1 2 13 9 8 4 3 5 6 7 15 18 19 17 25 22 23
1032
20 16 11 12 10 13 14 0 1 2 9 8 4 3 5 6 7 15 18 19 17 25 22 23 24 21
1035
4 5 6 7 8 18 19 17 25 22 23 24 21 20 16 15 9 10 11 12 13 14 2 0 1 3
1039
17 19 18 15 7 6 5 3 4 8 9 13 2 1 0 14 12 10 11 20 21 24 23 22 25 16
1022
3 1 0 2 14 12 11 10 13 9 8 15 16 20 21 24 23 22 25 17 19 18 7 6 4 5
1035
20 16 11 12 10 14 13 2 0 1 3 5 4 7 6 8 9 15 18 19 17 25 22 23 24 21
1040
12 11 14 13 2 0 1 4 3 5 6 7 18 19 17 16 25 22 23 24 21 20 15 8 9 10
1049
5 6 7 8 18 19 17 16 20 21 24 23 22 25 15 9 10 11 12 13 14 0 1 2 4 3
1044
3 5 6 7 8 15 18 19 17 16 25 22 23 24 21 20 9 10 11 12 13 14 2 0 1 4
1042
6 4 5 3 1 0 2 13 14 11 12 10 9 8 15 16 20 21 24 23 22 25 17 19 18 7
1018
4 3 1 0 2 14 13 12 11 10 9 8 15 16 20 21 24 23 22 25 17 19 18 7 6 5
1026
2 1 0 14 13 12 11 10 9 8 15 18 16 20 21 24 23 22 25 17 19 7 6 5 4 3
1018
17 25 22 23 24 21 20 16 11 12 10 14 0 1 2 13 9 8 4 5 3 6 7 15 18 19
1037
2 1 0 14 11 10 12 24 22 23 21 25 20 16 17 19 18 15 7 6 4 3 5 8 9 13
1049
25 22 23 24 21 20 16 11 12 10 14 13 2 0 1 3 5 4 7 6 8 9 15 18 19 17
1040
20 16 11 12 10 14 13 2 0 1 3 5 4 7 6 8 9 15 18 19 17 25 22 23 24 21
1040
20 21 24 23 22 25 17 19 18 15 9 8 6 7 4 5 3 1 0 2 13 14 10 12 11 16
1040
22 25 17 19 18 15 7 6 4 3 5 8 9 13 2 1 0 14 10 12 11 16 20 21 24 23
1036
7 18 19 17 25 22 23 24 21 20 16 15 8 9 10 12 11 13 14 2 0 1 3 4 5 6
1030
0 11 12 10 20 21 24 23 22 25 16 17 19 18 15 8 9 13 14 2 6 7 4 5 3 1
1054
23 22 25 17 19 18 15 7 6 8 9 4 5 3 1 0 2 13 14 11 12 10 16 20 21 24
1049
3 5 6 7 8 18 19 17 25 22 23 24 21 20 16 15 9 10 12 11 13 14 0 1 2 4
1026
3 4 2 1 0 14 13 11 12 10 9 15 16 20 21 24 23 22 25 17 19 18 8 7 6 5
1026
17 19 18 15 9 8 6 7 4 5 3 1 0 2 13 14 10 12 11 16 20 21 24 23 22 25
1040
20 21 24 23 22 25 17 19 18 15 7 6 5 3 4 8 9 13 2 1 0 14 10 12 11 16
1032
14 11 12 10 2 0 1 3 5 4 6 7 18 19 17 25 22 23 24 21 20 16 15 8 9 13
1045
2 3 4 5 6 7 8 15 18 19 17 16 25 22 23 24 21 20 9 10 11 12 13 14 0 1
1012
14 13 2 0 1 3 5 4 6 7 18 19 17 25 22 23 24 21 20 16 15 8 9 10 12 11
1018
4 5 6 7 18 19 17 16 25 22 23 24 21 20 15 8 9 10 12 11 13 14 2 0 1 3
1046
7 6 4 5 3 1 0 2 13 14 12 11 10 9 8 15 16 20 21 24 23 22 25 17 19 18
1018
22 25 17 19 18 15 7 6 4 5 3 8 9 13 2 1 0 14 10 12 11 16 20 21 24 23
1036
5 3 4 2 1 0 14 11 10 12 13 9 8 15 20 21 24 23 22 25 16 17 19 18 7 6
1041
11 12 10 9 8 15 20 21 24 23 22 25 16 17 19 18 7 6 4 5 3 1 0 2 13 14
1034
6 3 5 4 8 9 13 2 1 0 14 11 12 10 15 18 16 20 21 24 23 22 25 17 19 7
1060
12 11 14 13 2 0 1 3 5 4 6 7 19 17 25 22 23 24 21 20 16 18 15 8 9 10
1029
1 3 5 4 6 7 18 19 17 25 22 23 24 21 20 16 15 8 9 10 11 12 13 14 2 0
1022
4 3 5 6 7 8 20 21 24 23 22 25 16 17 19 18 15 9 10 12 11 13 14 0 1 2
1034
14 13 9 8 2 1 4 5 3 6 7 15 18 19 17 16 20 25 21 22 23 24 0 12 10 11
1023
0 14 13 2 1 4 3 5 6 7 19 18 17 25 22 23 24 21 20 16 15 8 9 10 12 11
1057
23 22 25 17 19 18 15 7 6 5 4 3 1 0 2 8 9 13 14 10 12 11 16 20 21 24
1038
5 3 4 1 0 2 14 11 12 10 13 9 24 23 22 25 21 20 16 17 19 18 15 8 7 6
1046
8 9 4 5 3 1 0 2 13 14 11 12 10 24 23 22 25 21 20 16 17 19 18 15 7 6
1037
7 19 17 25 22 23 24 21 20 16 18 15 10 12 11 14 0 1 2 13 9 8 4 3 5 6
1055
21 20 16 11 12 10 14 0 1 2 13 9 8 4 5 3 6 7 15 18 19 17 25 22 23 24
1037
4 2 1 0 14 13 11 12 10 9 8 15 25 22 23 24 21 20 16 17 19 18 7 6 5 3
1035
6 5 4 3 1 0 2 8 9 13 14 12 11 10 15 18 16 20 21 24 23 22 25 17 19 7
1061
22 23 24 21 20 16 11 12 10 8 9 13 14 2 0 1 3 5 4 6 7 15 18 19 17 25
1023
25 22 23 24 21 20 16 11 12 10 13 14 0 1 2 9 8 5 3 4 6 7 15 18 19 17
1039
21 24 23 22 25 17 19 18 15 7 6 4 5 3 1 0 2 14 13 9 8 10 12 11 16 20
1023
10 12 11 21 24 23 22 25 20 16 17 19 18 15 7 6 3 5 4 8 9 13 2 1 0 14
1039
20 21 24 23 22 25 17 19 18 15 7 6 4 3 5 8 9 2 1 0 14 13 10 12 11 16
1039
10 11 12 14 0 1 2 13 9 8 4 5 3 6 7 15 18 19 17 16 25 22 23 24 21 20
1033
2 1 0 14 12 10 11 20 21 24 23 22 25 16 17 19 18 15 7 6 3 5 4 8 9 13
1027
10 24 23 22 25 21 20 16 17 19 18 15 7 6 3 5 4 8 9 2 1 0 13 14 11 12
1044
8 9 10 12 11 14 13 2 0 1 3 5 4 6 7 18 19 17 25 22 23 24 21 20 16 15
1018
13 14 11 12 10 25 22 23 24 21 20 16 17 19 18 15 9 8 7 6 5 3 4 1 0 2
1042
22 25 17 19 18 15 9 8 6 7 4 5 3 1 0 2 13 14 10 12 11 16 20 21 24 23
1040
16 11 12 10 8 9 2 13 14 0 1 3 5 4 6 7 15 18 19 17 25 22 23 24 21 20
1030
6 5 4 3 1 0 2 14 11 12 10 13 9 15 16 20 21 24 23 22 25 17 19 18 8 7
1052
11 14 13 2 0 1 3 5 4 6 7 19 17 25 22 23 24 21 20 16 18 15 8 9 10 12
1029
7 18 19 17 25 22 23 24 21 20 16 15 8 9 10 12 11 14 13 2 0 1 3 5 4 6
1018
11 14 0 1 2 13 9 8 4 3 5 6 7 18 19 17 16 25 22 23 24 21 20 15 10 12
1060
20 21 24 23 22 25 17 19 18 15 7 6 5 3 4 8 9 13 2 1 0 14 12 11 10 16
1029
25 22 23 24 21 20 16 11 12 10 14 0 1 2 13 9 8 4 3 5 6 7 15 18 19 17
1032
20 21 24 23 22 25 17 19 18 15 7 6 4 3 5 8 9 13 2 1 0 14 10 12 11 16
1036
22 25 17 19 18 15 7 6 5 3 4 8 9 13 2 1 0 14 10 12 11 16 20 21 24 23
1032
7 6 4 5 3 1 0 2 13 14 12 11 10 9 8 15 16 20 21 24 23 22 25 17 19 18
1018
1 2 0 14 12 11 10 13 9 24 23 22 25 21 20 16 17 18 19 15 8 7 6 4 5 3
1050
7 18 19 17 25 22 23 24 21 20 16 15 8 9 10 11 12 14 13 2 0 1 3 5 4 6
1018
23 24 21 20 16 10 12 11 14 0 1 2 13 9 8 4 3 5 6 7 15 18 19 17 25 22
1029
9 8 15 16 20 21 24 23 22 25 17 19 18 7 6 4 5 3 1 0 2 13 14 12 11 10
1018
6 7 19 17 25 22 23 24 21 20 16 18 15 10 12 11 14 13 9 8 2 0 1 3 5 4
1057
5 6 7 8 21 24 23 22 25 20 16 17 19 18 15 9 13 10 12 11 14 0 1 2 4 3
1059
10 11 12 14 0 1 2 13 9 8 4 5 3 6 7 15 18 19 17 16 20 21 24 23 22 25
1047
25 22 23 24 21 20 16 10 11 12 14 0 1 2 13 9 8 4 3 5 6 7 15 18 19 17
1029
2 13 9 8 4 5 3 6 7 15 18 19 17 16 20 21 24 23 22 25 10 11 12 14 0 1
1047
21 20 16 10 12 11 14 0 1 2 13 9 8 4 3 5 6 7 15 18 19 17 25 22 23 24
1029
13 9 7 6 4 5 3 8 15 18 19 17 16 25 22 23 24 21 20 10 12 11 14 0 1 2
1052
23 22 25 17 19 18 15 7 6 4 5 3 8 9 13 2 1 0 14 11 12 10 16 20 21 24
1033
4 2 1 0 14 13 12 11 10 9 15 18 19 17 16 20 25 22 23 24 21 8 7 6 5 3
1046
15 7 6 5 3 4 8 9 13 2 1 0 14 10 12 11 16 20 21 24 23 22 25 17 19 18
1032
14 13 2 1 0 9 8 4 5 3 6 7 15 18 19 17 16 25 22 23 24 21 20 10 11 12
1061
2 0 14 13 12 11 10 9 15 16 20 21 24 23 22 25 17 19 18 8 7 6 4 5 3 1
1037
13 2 0 1 3 5 4 6 7 18 19 17 25 22 23 24 21 20 16 15 8 9 10 12 11 14
1018
10 11 21 24 23 22 25 20 16 17 19 18 15 8 7 6 4 5 3 1 0 2 13 14 12 9
1025
3 5 6 7 19 17 25 22 23 24 21 20 16 18 15 8 9 10 12 11 13 14 0 1 2 4
1024
0 14 13 9 10 11 12 20 21 24 23 22 25 16 17 18 19 15 8 7 6 5 3 4 2 1
1013
20 16 10 12 11 14 0 1 2 13 9 8 3 5 4 6 7 15 18 19 17 25 22 23 24 21
1033
17 25 22 23 24 21 20 16 10 12 11 14 0 1 2 13 9 8 4 3 5 6 7 15 18 19
1029
5 3 4 2 1 0 14 13 11 12 10 9 8 15 20 21 24 23 22 25 16 17 19 18 7 6
1029
2 13 9 8 4 3 5 6 7 15 18 19 17 16 20 21 25 22 23 24 10 11 12 14 0 1
1017
8 9 10 11 12 14 13 2 0 1 3 5 4 6 7 16 20 21 24 23 22 25 17 19 18 15
1028
13 2 0 1 3 5 4 6 7 16 20 21 24 23 22 25 17 19 18 15 8 9 10 12 11 14
1028
10 9 15 16 20 21 24 23 22 25 17 19 18 8 7 6 5 4 3 1 0 2 13 14 11 12
1035
14 13 2 0 1 3 5 4 6 7 19 17 25 22 23 24 21 20 16 18 15 8 9 10 12 11
1029
14 13 2 0 1 3 5 4 9 8 6 7 15 18 19 17 16 25 22 23 24 21 20 10 11 12
1048
19 18 15 9 8 6 7 4 5 3 1 0 2 13 14 10 12 11 16 20 21 24 23 22 25 17
1040
20 16 11 12 10 14 13 2 0 1 3 5 4 7 6 8 9 15 18 19 17 25 22 23 24 21
1040
0 14 10 11 12 9 8 15 18 19 17 16 20 21 25 22 23 24 13 2 7 6 4 5 3 1
1063
21 20 16 10 12 11 14 0 1 2 13 9 8 4 3 5 6 7 15 18 19 17 25 22 23 24
1029
13 14 12 10 11 20 21 24 23 22 25 16 17 19 18 15 7 6 8 9 4 5 3 1 0 2
1042
1 0 2 14 13 11 12 10 9 8 15 16 20 21 24 23 22 25 17 18 19 7 6 4 5 3
1038
17 19 18 15 7 6 5 3 4 8 9 13 2 1 0 14 10 12 11 21 24 23 22 25 20 16
1034
14 11 12 10 20 21 24 23 22 25 16 17 19 18 15 7 6 3 5 4 8 9 13 2 1 0
1033
17 16 20 25 21 22 23 24 11 12 10 14 0 1 2 13 9 8 4 3 5 6 7 15 18 19
1005
25 17 19 18 15 9 8 6 7 4 5 3 1 0 2 13 14 10 12 11 16 20 21 24 23 22
1040
24 23 22 25 17 19 18 15 7 6 5 3 4 8 9 13 2 1 0 14 10 12 11 16 20 21
1032
21 24 23 22 25 17 19 18 15 7 6 5 3 4 8 9 13 2 1 0 14 10 12 11 16 20
1032
2 13 8 4 5 3 6 7 19 18 17 25 22 23 24 21 20 16 15 9 10 12 11 14 0 1
1080
25 17 19 18 15 7 6 4 5 3 1 0 14 13 2 9 8 10 12 11 16 20 21 24 23 22
1030
13 2 0 1 4 3 5 6 7 8 15 19 18 17 16 25 22 23 24 21 20 11 12 10 9 14
1034
6 7 18 19 17 16 25 22 23 24 21 20 15 8 9 10 12 11 14 13 2 0 1 3 5 4
1034
10 12 11 14 13 2 0 1 3 4 5 6 7 19 18 17 25 22 23 24 21 20 16 15 8 9
1034
20 16 11 12 10 13 14 0 1 2 9 8 5 3 4 6 7 15 18 19 17 25 22 23 24 21
1039
22 23 24 21 20 16 10 12 11 14 0 1 2 13 9 8 4 3 5 6 7 15 18 19 17 25
1029
9 18 19 17 25 22 23 24 21 20 16 15 10 11 12 14 13 2 0 1 3 5 4 7 6 8
1061
12 11 10 9 8 15 16 20 21 24 23 22 25 17 18 19 7 6 5 4 3 1 0 2 13 14
1034
12 9 10 11 20 21 24 23 22 25 16 17 19 18 15 8 7 6 4 5 3 1 0 2 13 14
1014
16 25 22 23 24 21 20 11 10 12 14 0 1 2 13 9 8 3 5 4 6 7 15 18 19 17
1026
16 17 19 18 15 7 6 4 3 5 8 9 2 1 0 13 14 10 12 11 24 22 23 21 25 20
1054
25 17 19 18 15 7 6 4 5 3 8 9 13 2 1 0 14 11 12 10 16 20 21 24 23 22
1033
11 10 9 20 21 24 23 22 25 16 17 19 18 15 8 7 6 4 5 3 1 0 2 13 14 12
1023
17 25 22 23 24 21 20 16 11 12 10 14 0 1 2 13 9 8 4 5 3 6 7 15 18 19
1037
14 11 12 10 15 16 20 21 24 23 22 25 17 19 18 7 6 4 5 3 1 0 2 9 8 13
1056
6 4 3 5 8 9 13 2 1 0 14 11 12 10 20 21 24 23 22 25 16 17 19 18 15 7
1032
8 2 0 1 3 5 4 6 7 19 17 25 22 23 24 21 20 16 18 15 10 11 12 14 13 9
1057
6 4 5 3 2 1 0 14 11 12 10 13 9 20 21 24 23 22 25 16 17 19 18 15 8 7
1021
1 2 0 14 13 11 12 10 25 22 23 24 21 20 16 17 19 18 15 9 8 7 6 4 5 3
1037
15 18 19 17 25 22 23 24 21 20 16 11 12 10 14 0 1 2 13 9 8 4 3 5 6 7
1032
13 2 0 1 3 5 4 7 6 8 9 15 18 19 17 16 25 22 23 24 21 20 10 12 11 14
1036
0 14 11 10 12 21 24 23 22 25 20 16 17 18 19 15 7 6 8 9 13 2 4 5 3 1
1060
3 4 6 7 8 18 19 17 25 22 23 24 21 20 16 15 9 10 11 12 13 14 2 0 1 5
1048
14 13 2 0 1 3 5 4 6 7 8 15 18 19 17 16 20 21 25 22 23 24 9 10 12 11
1014
19 17 25 22 23 24 21 20 16 11 12 10 14 0 1 2 13 9 8 5 3 4 6 7 15 18
1036
2 1 0 14 11 12 10 9 8 15 20 21 24 23 22 25 16 17 19 18 7 6 4 5 3 13
1060
1 3 5 4 6 7 2 13 12 11 10 25 22 23 24 21 20 16 17 19 18 15 8 9 14 0
1071
16 11 12 10 14 13 2 0 1 3 5 4 7 6 8 9 15 18 19 17 25 22 23 24 21 20
1040
13 2 0 1 3 5 4 6 7 19 17 25 22 23 24 21 20 16 18 15 8 9 10 11 12 14
1029
14 0 1 2 13 9 8 5 3 4 6 7 18 19 17 25 22 23 24 21 20 16 15 10 12 11
1048
14 11 12 10 9 8 15 20 21 24 23 22 25 16 17 18 19 7 6 5 3 4 1 0 2 13
1061
20 16 10 12 11 14 0 1 2 13 9 8 3 5 4 6 7 15 18 19 17 25 22 23 24 21
1033
22 25 17 19 18 15 7 6 5 3 4 1 0 2 8 9 13 14 10 12 11 16 20 21 24 23
1049
19 17 25 22 23 24 21 20 16 11 12 10 14 0 1 2 13 9 8 4 3 5 6 7 15 18
1032
16 10 12 11 14 0 1 2 13 9 8 4 3 5 6 7 15 18 19 17 25 22 23 24 21 20
1029
10 11 12 14 13 2 0 1 3 5 4 7 6 8 9 18 19 17 16 25 22 23 24 21 20 15
1077
4 1 0 2 14 13 12 11 10 9 8 15 16 20 21 24 23 22 25 17 19 18 7 6 5 3
1037
4 2 1 0 14 13 11 12 10 9 15 20 21 24 23 22 25 16 17 19 18 8 7 6 5 3
1042
4 5 6 7 18 19 17 16 25 22 23 24 21 20 15 8 9 10 11 12 13 14 2 0 1 3
1042
0 11 12 10 20 21 24 23 22 25 16 17 19 18 15 7 6 8 9 13 14 2 4 5 3 1
1027
20 21 24 23 22 25 17 19 18 15 9 8 6 7 4 5 3 1 0 2 13 14 10 12 11 16
1040
19 17 25 22 23 24 21 20 16 10 12 11 14 0 1 2 13 9 8 3 5 4 6 7 15 18
1033
7 6 5 4 3 1 0 2 14 11 12 10 13 9 15 16 20 21 24 23 22 25 17 19 18 8
1052
14 13 2 0 1 3 5 4 6 7 18 19 17 16 25 22 23 24 21 20 15 8 9 10 11 12
1034
17 19 18 15 7 6 5 3 4 8 9 13 2 1 0 14 10 12 11 16 20 21 24 23 22 25
1032
7 8 15 18 19 17 16 20 21 25 22 23 24 9 10 11 12 14 13 2 0 1 3 5 4 6
1014
19 18 15 7 6 5 3 4 8 9 13 2 1 0 14 10 12 11 24 23 22 25 21 20 16 17
1002
20 16 11 12 10 14 13 2 0 1 3 5 4 7 6 8 9 15 18 19 17 25 22 23 24 21
1040
25 22 23 24 21 20 16 11 12 10 13 14 0 1 2 9 8 4 5 3 6 7 15 18 19 17
1040
18 19 17 25 22 23 24 21 20 16 11 12 10 13 14 0 1 2 9 8 4 3 5 6 7 15
1035
7 18 19 17 25 22 23 24 21 20 16 15 8 9 10 11 12 14 13 2 0 1 3 5 4 6
1018
12 14 0 1 2 13 9 8 5 3 4 6 7 15 18 19 17 16 25 22 23 24 21 20 10 11
1032
1 0 2 14 11 12 10 13 9 8 15 16 20 21 24 23 22 25 17 18 19 7 6 4 5 3
1047
21 24 23 22 25 17 19 18 15 7 6 5 3 4 8 9 2 1 0 14 13 10 12 11 16 20
1035
15 7 6 5 3 4 8 9 13 2 1 0 14 10 12 11 16 20 21 24 23 22 25 17 19 18
1032
20 21 24 23 22 25 17 19 18 15 7 6 3 5 4 8 9 13 2 1 0 14 12 10 11 16
1036
0 1 3 5 4 2 14 13 9 8 6 7 15 18 19 17 16 21 24 23 22 25 20 10 12 11
1040
14 13 2 0 1 3 5 4 6 7 18 19 17 25 22 23 24 21 20 16 15 8 9 10 12 11
1018
6 8 7 19 17 25 22 23 24 21 20 16 18 15 9 10 11 12 14 13 2 0 1 3 5 4
1058
16 17 19 18 15 7 6 5 3 4 8 9 13 2 1 0 14 10 12 11 20 21 24 23 22 25
1023
23 22 25 17 19 18 15 7 6 4 5 3 8 9 13 2 1 0 14 11 12 10 16 20 21 24
1033
16 20 21 24 23 22 25 17 19 18 15 9 8 6 7 4 5 3 1 0 2 13 14 10 12 11
1040
1 0 14 11 12 10 9 18 19 17 25 22 23 24 21 20 16 15 8 7 6 5 3 4 13 2
1059
1 0 14 12 10 11 21 24 23 22 25 20 16 17 19 18 15 7 6 8 9 13 2 4 5 3
1026
12 11 14 0 1 2 13 9 8 5 3 4 6 7 15 18 19 17 16 20 21 24 23 22 25 10
1046
7 16 20 21 24 23 22 25 17 19 18 15 8 9 10 12 11 14 13 2 0 1 3 5 4 6
1028
17 19 18 15 7 6 3 5 4 8 9 2 1 0 13 14 10 12 11 24 22 23 21 25 20 16
1055
8 15 20 21 24 23 22 25 16 17 19 18 7 6 4 5 3 1 0 2 13 14 12 11 10 9
1034
9 8 3 5 4 6 7 15 18 19 17 16 25 22 23 24 21 20 10 11 12 14 0 1 2 13
1032
6 5 3 4 1 0 2 14 13 9 10 12 11 21 24 23 22 25 20 16 17 19 18 15 8 7
1019
3 5 6 7 8 15 19 18 17 16 25 22 23 24 21 20 12 11 10 9 13 14 2 0 1 4
1041
0 1 2 3 5 4 6 7 18 19 17 16 25 22 23 24 21 20 15 8 9 10 12 11 13 14
1023
17 19 18 15 7 6 3 5 4 8 9 13 2 1 0 14 10 12 11 21 24 23 22 25 20 16
1039
14 13 2 0 1 4 3 5 6 7 8 15 16 20 21 24 23 22 25 17 19 18 9 12 10 11
1059
15 7 6 5 3 4 8 9 13 2 1 0 14 12 10 11 20 21 24 23 22 25 16 17 19 18
1022
24 23 22 25 17 19 18 15 9 8 6 7 4 5 3 1 0 2 13 14 10 12 11 16 20 21
1040
21 24 23 22 25 17 19 18 15 7 6 5 3 4 8 9 13 2 1 0 14 11 12 10 16 20
1029
3 5 6 7 8 15 16 20 21 24 23 22 25 17 19 18 9 13 12 10 11 14 0 1 2 4
1038
17 19 18 15 7 6 5 3 4 8 9 13 2 1 0 14 11 12 10 16 20 21 24 23 22 25
1029
24 21 20 16 10 12 11 14 0 1 2 13 9 8 3 5 4 6 7 15 18 19 17 25 22 23
1033
25 22 23 24 21 20 16 11 12 10 13 14 0 1 2 9 8 5 3 4 6 7 15 18 19 17
1039
15 7 6 4 5 3 8 9 13 2 1 0 14 11 12 10 16 20 21 24 23 22 25 17 19 18
1033
0 12 10 11 24 23 22 21 25 20 16 17 19 18 15 7 6 4 3 5 8 9 13 14 2 1
1022
19 17 25 22 23 24 21 20 16 10 12 11 14 0 1 2 13 9 8 3 5 4 6 7 15 18
1033
14 13 2 0 1 3 5 4 6 7 16 20 21 24 23 22 25 17 19 18 15 8 9 10 11 12
1028
21 20 16 11 12 10 13 14 0 1 2 9 8 4 5 3 6 7 15 18 19 17 25 22 23 24
1040
13 14 12 11 10 15 20 21 24 23 22 25 16 17 18 19 7 6 4 5 3 1 0 2 8 9
1074
8 9 10 11 12 14 13 2 0 1 3 5 4 6 7 16 20 21 24 23 22 25 17 19 18 15
1028
20 21 24 23 22 25 17 19 18 15 7 6 4 5 3 1 0 2 14 13 9 8 10 12 11 16
1023
9 8 4 3 5 6 7 18 19 17 25 22 23 24 21 20 16 15 10 11 12 14 0 1 2 13
1044
22 23 24 21 20 16 10 12 11 14 0 1 2 13 9 8 5 3 4 6 7 15 18 19 17 25
1033
22 23 24 21 20 16 11 12 10 14 0 1 2 13 9 8 4 3 5 6 7 15 18 19 17 25
1032
0 1 2 4 3 5 6 7 8 15 18 19 17 16 20 21 24 23 22 25 11 12 10 9 13 14
996
1 0 2 14 13 11 12 10 9 15 16 20 21 24 23 22 25 17 19 18 8 7 6 4 5 3
1039
6 7 19 18 17 16 25 22 23 24 21 20 15 9 8 10 12 11 14 13 2 0 1 5 3 4
1084
10 12 11 20 21 24 23 22 25 16 17 18 19 15 8 7 6 5 4 3 1 0 2 13 14 9
1023
14 13 2 0 1 3 5 4 6 7 18 19 17 16 25 22 23 24 21 20 15 8 9 10 12 11
1034
16 11 12 10 14 0 1 2 13 9 8 5 3 4 6 7 15 18 19 17 25 22 23 24 21 20
1036
22 25 17 19 18 15 7 6 5 3 4 8 9 13 2 1 0 14 10 12 11 16 20 21 24 23
1032
23 22 25 17 19 18 15 9 8 6 7 4 5 3 1 0 2 13 14 10 12 11 16 20 21 24
1040
0 11 12 10 9 8 15 20 21 24 23 22 25 16 17 19 18 7 6 5 4 3 1 2 13 14
1050
3 4 5 6 7 18 19 17 16 25 22 23 24 21 20 15 8 9 10 11 12 13 14 2 0 1
1042
24 23 22 25 17 19 18 15 9 8 6 7 4 5 3 1 0 2 13 14 10 12 11 16 20 21
1040
8 9 10 11 12 14 13 2 0 1 3 5 4 6 7 18 19 17 25 22 23 24 21 20 16 15
1018
20 21 24 23 22 25 17 19 18 15 9 8 6 7 4 5 3 1 0 2 13 14 10 12 11 16
1040
1 2 3 5 4 6 7 8 15 18 19 17 16 20 25 22 23 24 21 12 11 10 9 13 14 0
1002
20 16 11 12 10 14 0 1 2 13 9 8 4 3 5 6 7 15 18 19 17 25 22 23 24 21
1032
12 10 9 8 15 20 21 24 23 22 25 16 17 19 18 7 6 4 5 3 1 0 2 13 14 11
1034
6 7 18 19 17 16 25 22 23 24 21 20 15 10 12 11 14 13 0 1 2 9 8 4 3 5
1082
8 9 13 2 1 0 14 12 11 10 15 16 20 21 24 23 22 25 17 19 18 7 6 5 3 4
1044
7 19 18 17 25 22 23 24 21 20 16 15 10 12 11 14 0 1 2 13 9 8 4 3 5 6
1056
22 23 24 21 20 16 10 11 12 14 13 2 0 1 3 5 4 9 8 6 7 15 18 19 17 25
1049
3 4 2 1 0 14 12 11 10 13 9 8 15 25 22 23 24 21 20 16 17 19 18 7 6 5
1044
9 13 2 1 0 14 12 11 10 20 21 24 23 22 25 16 17 19 18 15 7 6 5 3 4 8
1028
21 24 23 22 25 17 19 18 15 7 6 5 3 4 8 9 13 2 1 0 14 11 12 10 16 20
1029
23 24 21 20 16 11 12 10 14 13 0 1 2 9 8 4 3 5 6 7 15 18 19 17 25 22
1054
14 0 1 2 13 9 8 4 5 3 6 7 15 19 18 17 16 20 21 25 22 23 24 10 12 11
1039
10 11 12 14 13 8 9 2 0 1 3 5 4 6 7 19 18 17 25 22 23 24 21 20 16 15
1068
8 3 5 4 6 7 15 18 19 17 16 25 22 23 24 21 20 11 10 12 14 0 1 2 13 9
1026
16 17 19 18 15 9 8 6 7 4 5 3 1 0 2 13 14 10 12 11 20 21 24 23 22 25
1031
11 14 13 9 8 2 0 1 5 3 4 6 7 15 18 19 17 16 20 21 25 22 23 24 10 12
1032
18 15 7 6 3 5 4 8 9 13 2 1 0 14 10 12 11 21 24 23 22 25 20 16 17 19
1039
12 11 10 9 8 15 20 21 24 23 22 25 16 17 19 18 7 6 4 5 3 1 0 2 13 14
1034
9 10 11 12 14 13 2 0 1 3 5 4 6 7 18 19 17 25 22 23 24 21 20 16 15 8
1018
15 18 19 17 16 20 25 22 23 24 21 11 12 10 14 13 2 0 1 3 5 4 7 6 8 9
1042
8 9 15 18 19 17 16 20 25 22 23 24 21 10 11 12 14 13 2 0 1 3 4 5 6 7
1031
20 16 10 12 11 14 0 1 2 13 9 8 3 5 4 6 7 15 18 19 17 25 22 23 24 21
1033
21 20 16 11 12 10 13 14 0 1 2 9 8 5 3 4 6 7 15 18 19 17 25 22 23 24
1039
4 3 5 6 7 19 17 25 22 23 24 21 20 16 18 15 8 9 10 11 12 13 14 0 1 2
1020
6 7 8 9 15 18 19 17 16 20 21 24 23 22 25 10 11 12 14 13 2 0 1 3 5 4
1027
19 17 25 22 23 24 21 20 16 11 12 10 14 0 1 2 13 9 8 4 3 5 6 7 15 18
1032
23 22 25 17 19 18 15 7 6 5 3 4 8 9 13 2 1 0 14 10 12 11 16 20 21 24
1032
7 16 20 21 24 23 22 25 17 19 18 15 10 12 11 14 0 1 2 13 9 8 4 3 5 6
1054
9 8 15 16 20 21 24 23 22 25 17 19 18 7 6 4 5 3 1 0 2 13 14 12 11 10
1018
18 19 17 25 22 23 24 21 20 16 10 11 12 14 0 1 2 13 9 8 4 3 5 6 7 15
1029
18 15 7 6 3 5 4 8 9 13 2 1 0 14 10 12 11 24 23 22 21 25 20 16 17 19
1010
7 6 4 5 3 1 0 2 13 14 12 11 10 9 8 15 18 16 20 21 24 23 22 25 17 19
1029
3 4 1 0 2 14 13 12 11 10 9 8 15 18 16 20 21 24 23 22 25 17 19 7 6 5
1048
2 0 1 3 4 5 6 7 18 19 17 25 22 23 24 21 20 16 15 8 9 10 11 12 13 14
1026
2 13 14 12 11 10 9 21 24 23 22 25 20 16 17 18 19 15 8 7 6 5 4 3 1 0
1059
15 7 6 5 3 4 8 9 13 2 1 0 14 10 12 11 24 23 22 21 25 20 16 17 19 18
1005
10 20 21 24 23 22 25 16 17 19 18 15 8 5 3 4 6 7 9 13 2 1 0 14 11 12
1052
22 23 24 21 20 16 10 12 11 14 0 1 2 13 9 8 3 5 4 6 7 15 18 19 17 25
1033
23 24 21 20 16 11 12 10 14 13 0 1 2 9 8 5 3 4 6 7 15 18 19 17 25 22
1058
11 12 10 14 0 1 2 13 9 8 4 5 3 6 7 15 18 19 17 16 20 25 22 23 24 21
1039
9 10 11 12 14 13 2 0 1 4 3 5 6 7 18 19 17 25 22 23 24 21 20 16 15 8
1033
2 0 1 3 4 5 6 7 19 18 17 25 22 23 24 21 20 16 15 8 9 10 11 12 13 14
1038
22 23 24 21 20 16 11 12 10 14 0 1 2 13 9 8 4 5 3 6 7 15 18 19 17 25
1037
18 19 17 16 20 25 22 23 21 24 0 1 2 13 14 10 12 11 9 8 4 3 5 6 7 15
1037
4 3 5 2 1 0 14 12 11 10 13 9 15 16 20 21 24 23 22 25 17 19 18 8 7 6
1038
4 3 1 0 2 14 13 11 12 10 9 15 16 20 21 24 23 22 25 17 19 18 8 7 6 5
1043
9 10 11 12 14 13 2 0 1 3 4 5 6 7 18 19 17 25 22 23 24 21 20 16 15 8
1022
4 6 7 8 9 15 18 19 17 16 25 22 23 24 21 20 10 11 12 13 14 0 2 1 5 3
1032
14 13 2 0 1 3 4 5 6 7 18 19 17 25 22 23 24 21 20 16 15 8 9 10 11 12
1022
9 8 15 18 16 20 21 24 23 22 25 17 19 7 6 4 5 3 1 0 2 13 14 12 11 10
1029
5 1 0 2 14 13 12 11 10 9 8 15 16 20 21 24 23 22 25 17 18 19 7 6 4 3
1047
3 4 5 6 7 8 18 19 17 16 25 22 23 24 21 20 15 9 10 11 12 13 14 2 0 1
1055
22 25 17 19 18 15 7 6 4 5 3 1 0 2 14 13 9 8 10 12 11 16 20 21 24 23
1023
13 14 12 11 10 20 21 24 23 22 25 16 17 19 18 15 7 6 8 9 4 5 3 1 0 2
1048
22 23 24 21 20 16 11 12 10 14 13 2 0 1 3 5 4 7 6 8 9 15 18 19 17 25
1040
22 23 24 21 20 16 11 12 10 14 0 1 2 13 9 8 3 5 4 6 7 15 18 19 17 25
1036
25 22 23 24 21 20 16 11 12 10 14 0 1 2 13 9 8 3 5 4 6 7 15 18 19 17
1036
23 24 21 20 16 10 12 11 14 0 1 2 13 9 8 4 3 5 6 7 15 18 19 17 25 22
1029
11 12 14 0 1 2 13 9 8 4 3 5 6 7 16 20 21 24 23 22 25 17 19 18 15 10
1054
1 2 3 5 4 6 7 18 19 17 25 22 23 24 21 20 16 15 8 9 10 12 11 13 14 0
1007
10 15 20 21 24 23 22 25 16 17 19 18 7 6 5 4 3 1 0 2 8 9 13 14 11 12
1066
12 11 14 13 2 0 1 3 5 4 6 7 18 19 17 25 22 23 24 21 20 16 15 8 9 10
1018
6 4 5 3 8 9 13 2 1 0 14 12 11 10 15 25 22 23 24 21 20 16 17 19 18 7
1070
20 21 24 23 22 25 17 19 18 15 7 6 5 3 4 8 9 13 2 1 0 14 12 11 10 16
1029
24 23 22 25 17 19 18 15 7 6 4 5 3 8 9 13 2 1 0 14 11 12 10 16 20 21
1033
11 12 10 20 21 24 23 22 25 16 17 19 18 15 7 6 4 3 5 8 9 13 2 1 0 14
1032
19 18 15 7 6 5 3 4 8 9 13 2 1 0 14 10 12 11 21 24 23 22 25 20 16 17
1034
24 23 22 25 17 19 18 15 7 6 3 5 4 8 9 13 2 1 0 14 12 11 10 16 20 21
1034
6 8 7 18 19 17 16 25 22 23 24 21 20 15 9 10 11 12 14 13 2 0 1 3 5 4
1063
19 17 16 25 22 23 24 21 20 11 12 10 14 0 1 2 13 9 8 4 3 5 6 7 15 18
1023
1 0 14 13 12 11 10 9 15 16 20 21 24 23 22 25 17 19 18 8 7 6 4 5 3 2
1016
8 9 10 11 12 14 13 2 0 1 3 4 5 6 7 18 19 17 25 22 23 24 21 20 16 15
1022
3 4 2 1 0 14 11 12 10 13 9 8 15 16 20 21 24 23 22 25 17 19 18 7 6 5
1022
21 20 16 11 12 10 14 0 1 2 13 9 8 4 3 5 6 7 15 18 19 17 25 22 23 24
1032
8 5 3 4 6 7 15 18 19 17 16 25 22 23 24 21 20 10 11 12 14 0 1 2 13 9
1032
16 20 25 21 22 23 24 0 11 12 10 14 13 2 1 3 5 4 9 8 6 7 15 18 19 17
1014
23 24 21 20 16 10 12 11 14 0 1 2 13 9 8 4 3 5 6 7 15 18 19 17 25 22
1029
0 14 13 2 1 4 3 5 6 7 19 17 25 22 23 24 21 20 16 18 15 8 9 10 12 11
1056
23 22 25 17 19 18 15 7 6 4 5 3 8 9 13 2 1 0 14 11 12 10 16 20 21 24
1033
5 3 4 1 0 2 14 13 12 11 10 9 15 16 20 21 24 23 22 25 17 19 18 8 7 6
1050
21 20 16 10 12 11 14 0 1 2 13 9 8 4 3 5 6 7 15 18 19 17 25 22 23 24
1029
3 4 6 7 8 15 18 19 17 16 20 21 24 23 22 25 9 13 10 12 11 14 0 1 2 5
1044
0 14 11 12 10 9 8 15 16 20 21 24 23 22 25 17 19 18 7 6 5 4 3 13 2 1
1048
9 4 5 3 1 0 2 13 14 12 11 10 20 21 24 23 22 25 16 17 19 18 15 7 6 8
1048
17 25 22 23 24 21 20 16 10 12 11 14 0 1 2 13 9 8 4 3 5 6 7 15 18 19
1029
10 9 8 15 16 20 21 24 23 22 25 17 19 18 7 6 5 3 4 1 0 2 13 14 12 11
1033
1 2 3 5 4 6 7 19 17 25 22 23 24 21 20 16 18 15 8 9 10 12 11 13 14 0
1018
7 6 3 5 4 8 9 13 2 1 0 14 11 12 10 15 16 20 21 24 23 22 25 17 19 18
1049
9 8 4 3 5 6 7 15 19 18 17 16 25 22 23 24 21 20 10 11 12 14 0 1 2 13
1045
16 25 22 23 24 21 20 11 12 10 14 13 2 0 1 3 5 4 7 6 8 9 15 18 19 17
1031
11 14 0 1 2 13 9 8 3 5 4 6 7 15 18 19 17 16 20 25 22 23 24 21 10 12
1046
21 20 16 11 12 10 14 0 1 2 13 9 8 5 3 4 6 7 15 18 19 17 25 22 23 24
1036
3 5 6 7 19 17 25 22 23 24 21 20 16 18 15 8 9 10 12 11 13 14 0 1 2 4
1024
23 24 21 20 16 11 12 10 14 0 1 2 13 9 8 5 3 4 6 7 15 18 19 17 25 22
1036
18 19 17 16 25 22 23 24 21 20 11 10 12 14 0 1 2 13 9 8 4 3 5 6 7 15
1022
23 22 25 17 19 18 15 7 6 5 3 4 8 9 13 2 1 0 14 11 12 10 16 20 21 24
1029
10 24 23 22 25 21 20 16 17 18 19 15 7 6 5 3 4 8 9 13 2 1 0 14 12 11
1034
9 10 11 12 14 13 2 0 1 3 4 5 6 7 19 17 25 22 23 24 21 20 16 18 15 8
1033
2 13 0 1 4 3 5 6 7 8 9 15 18 19 17 16 20 25 22 23 24 21 10 12 11 14
1065
10 15 16 20 21 24 23 22 25 17 19 18 7 6 4 3 5 1 0 2 8 9 13 14 11 12
1059
22 23 24 21 20 16 11 12 10 8 9 13 14 2 0 1 4 3 5 6 7 15 18 19 17 25
1038
8 9 10 11 12 14 13 2 0 1 3 5 4 6 7 18 19 17 25 22 23 24 21 20 16 15
1018
4 1 0 2 14 13 9 10 11 12 20 21 24 23 22 25 16 17 19 18 15 8 7 6 5 3
1024
18 15 7 6 5 3 4 8 9 13 2 1 0 14 10 12 11 20 21 24 23 22 25 16 17 19
1023
16 20 21 24 23 22 25 17 19 18 15 7 6 5 3 4 8 9 13 2 1 0 14 11 12 10
1029
11 12 14 13 2 0 1 3 5 4 7 6 8 9 15 18 19 17 16 25 22 23 24 21 20 10
1036
11 10 9 8 18 19 17 25 22 23 24 21 20 16 15 7 6 5 4 3 1 0 2 13 14 12
1031
22 25 17 19 18 15 7 6 5 3 4 8 9 13 2 1 0 14 11 12 10 16 20 21 24 23
1029
19 18 15 9 8 6 7 4 5 3 1 0 2 13 14 10 12 11 20 21 24 23 22 25 16 17
1031
6 7 18 19 17 25 22 23 24 21 20 16 15 10 11 12 14 0 1 2 13 9 8 5 3 4
1048
3 5 6 7 19 18 17 25 22 23 24 21 20 16 15 8 9 13 12 10 11 14 0 1 2 4
1037
13 9 8 5 3 4 6 7 15 18 19 17 16 20 21 24 23 22 25 10 11 12 14 0 1 2
1046
8 4 3 5 6 7 18 19 17 25 22 23 24 21 20 16 15 10 11 12 14 0 1 2 13 9
1044
6 4 5 3 1 0 2 14 13 12 11 10 9 8 15 20 21 24 23 22 25 16 17 19 18 7
1038
23 24 21 20 16 11 12 10 14 0 1 2 13 9 8 5 3 4 6 7 15 18 19 17 25 22
1036
6 7 9 13 2 1 0 14 12 11 10 25 22 23 24 21 20 16 17 19 18 15 8 4 3 5
1062
12 11 14 0 1 2 13 9 8 3 5 4 6 7 15 18 19 17 16 25 22 23 24 21 20 10
1032
4 3 5 6 7 8 15 16 20 21 24 23 22 25 17 19 18 9 13 12 11 10 14 0 1 2
1039
12 14 13 2 0 1 3 5 4 6 7 18 19 17 16 25 22 23 24 21 20 15 8 9 10 11
1034
16 11 12 10 14 0 1 2 13 9 8 4 3 5 6 7 15 18 19 17 25 22 23 24 21 20
1032
7 6 5 3 4 8 9 13 2 1 0 14 11 12 10 15 18 19 17 25 22 23 24 21 20 16
1054
11 10 15 16 20 21 24 23 22 25 17 19 18 7 6 4 3 5 8 9 13 2 1 0 14 12
1048
9 13 2 1 0 14 12 11 10 24 23 22 25 21 20 16 17 18 19 15 7 6 4 5 3 8
1038
5 6 7 8 18 19 17 16 25 22 23 24 21 20 15 9 10 11 12 13 14 0 1 2 4 3
1038
6 7 18 19 17 25 22 23 24 21 20 16 15 10 11 12 14 0 1 2 13 9 8 3 5 4
1048
10 11 12 14 13 2 0 1 4 3 5 6 7 18 19 17 25 22 23 24 21 20 16 15 8 9
1033
3 5 1 2 0 14 13 11 12 10 20 21 24 23 22 25 16 17 19 18 15 9 8 7 6 4
1036
5 6 7 8 9 15 18 19 17 16 25 22 23 24 21 20 10 12 11 13 14 2 0 1 4 3
1036
11 12 10 9 8 15 18 19 17 25 22 23 24 21 20 16 7 6 4 5 3 1 0 2 13 14
1028
9 13 14 12 11 10 15 16 20 21 24 23 22 25 17 19 18 7 6 5 4 3 1 0 2 8
1050
1 3 5 4 6 7 8 9 15 18 19 17 16 25 22 23 24 21 20 10 11 12 13 14 0 2
1019
2 1 3 4 5 6 7 18 19 17 25 22 23 24 21 20 16 15 8 9 10 11 12 13 14 0
1028
19 18 15 7 6 3 5 4 8 9 2 1 0 14 13 10 12 11 16 20 21 24 23 22 25 17
1040
17 19 18 15 9 8 6 7 4 5 3 1 2 13 14 10 12 11 0 24 23 22 21 25 20 16
1002
23 24 21 20 16 11 12 10 14 0 1 2 13 9 8 4 3 5 6 7 15 18 19 17 25 22
1032
9 8 15 16 20 21 24 23 22 25 17 19 18 7 6 4 5 3 1 0 2 13 14 12 11 10
1018
6 5 4 3 1 2 0 14 13 12 11 10 9 8 15 16 20 21 24 23 22 25 17 18 19 7
1040
1 0 14 11 12 10 9 15 18 16 20 21 24 23 22 25 17 19 7 6 8 13 2 4 5 3
1067
13 2 0 1 3 5 4 6 7 18 19 17 16 25 22 23 24 21 20 15 8 9 10 11 12 14
1034
4 1 0 2 14 13 12 11 10 20 21 24 23 22 25 16 17 19 18 15 9 8 7 6 5 3
1032
12 11 10 21 24 23 22 25 20 16 17 19 18 15 7 6 5 3 4 1 0 2 8 9 13 14
1059
19 18 15 7 6 5 3 4 8 9 13 2 1 0 14 12 11 10 16 20 21 24 23 22 25 17
1029
21 24 23 22 25 17 19 18 15 7 6 5 3 4 8 9 13 2 1 0 14 11 12 10 16 20
1029
20 16 10 12 11 14 0 1 2 13 9 8 4 3 5 6 7 15 18 19 17 25 22 23 24 21
1029
4 3 5 6 7 19 17 25 22 23 24 21 20 16 18 15 8 9 10 11 12 13 14 0 1 2
1020
22 23 24 21 20 16 10 12 11 14 13 2 0 1 3 5 4 9 8 6 7 15 18 19 17 25
1049
22 25 17 19 18 15 7 6 8 9 4 5 3 1 0 2 13 14 10 12 11 16 20 21 24 23
1052
8 5 3 4 6 7 15 18 19 17 16 20 25 22 23 24 21 10 11 12 14 0 1 2 13 9
1046
19 17 16 20 25 21 22 23 24 0 1 2 13 14 10 12 11 9 8 5 3 4 6 7 15 18
986
12 11 10 9 8 15 18 16 20 21 24 23 22 25 17 19 7 6 5 4 3 1 0 2 13 14
1033
10 12 11 13 14 0 1 2 9 8 4 3 5 6 7 19 17 25 22 23 24 21 20 16 18 15
1066
18 15 7 6 3 5 4 8 9 2 1 0 14 13 12 11 10 16 20 21 24 23 22 25 17 19
1041
14 0 1 2 13 9 8 4 5 3 6 7 15 19 18 17 16 20 21 25 22 23 24 10 11 12
1039
22 25 17 19 18 15 7 6 5 4 3 1 0 2 8 9 13 14 12 11 10 16 20 21 24 23
1035
2 13 12 11 10 9 8 15 16 20 21 24 23 22 25 17 19 18 7 6 5 4 3 1 0 14
1030
4 3 5 6 7 18 19 17 25 22 23 24 21 20 16 15 8 9 10 11 12 13 14 2 0 1
1037
0 14 13 12 11 10 9 8 15 16 20 21 24 23 22 25 17 19 18 7 6 5 4 3 2 1
1007
14 13 2 0 1 3 5 4 6 7 8 18 19 17 25 22 23 24 21 20 16 15 9 10 12 11
1031
22 25 17 19 18 15 7 6 4 5 3 1 0 2 8 9 13 14 10 12 11 16 20 21 24 23
1034
16 17 19 18 15 7 6 3 5 4 8 9 2 1 0 13 14 10 12 11 24 22 23 21 25 20
1055
12 10 20 21 24 23 22 25 16 17 19 18 15 8 4 5 3 6 7 9 13 2 1 0 14 11
1053
8 15 20 21 24 23 22 25 16 17 19 18 7 6 4 5 3 1 0 2 13 14 12 11 10 9
1034
25 17 19 18 15 9 8 6 7 4 5 3 1 0 2 13 14 10 12 11 16 20 21 24 23 22
1040
5 4 6 7 19 17 25 22 23 24 21 20 16 18 15 8 9 13 10 12 11 14 2 0 1 3
1046
3 4 1 0 2 14 13 11 12 10 9 20 21 24 23 22 25 16 17 19 18 15 8 7 6 5
1046
6 7 18 19 17 25 22 23 24 21 20 16 15 9 10 12 11 14 13 2 0 1 3 5 4 8
1056
25 22 23 24 21 20 16 10 11 12 14 13 9 8 2 0 1 3 5 4 6 7 15 18 19 17
1031
17 25 22 23 24 21 20 16 11 12 10 8 9 2 13 14 0 1 3 5 4 6 7 15 18 19
1030
21 24 23 22 25 17 19 18 15 7 6 3 5 4 8 9 13 2 1 0 14 10 12 11 16 20
1037
14 0 1 2 13 9 8 4 3 5 6 7 19 17 25 22 23 24 21 20 16 18 15 10 12 11
1055
24 23 22 25 17 19 18 15 7 6 4 5 3 1 0 2 8 9 13 14 10 12 11 16 20 21
1034
13 2 0 1 3 5 4 6 7 8 18 19 17 25 22 23 24 21 20 16 15 9 10 12 11 14
1031
22 25 17 19 18 15 7 6 8 9 4 5 3 1 0 2 13 14 10 12 11 16 20 21 24 23
1052
16 20 21 24 23 22 25 17 19 18 15 7 6 3 5 4 8 9 2 1 0 14 13 10 12 11
1040
18 19 17 25 22 23 24 21 20 16 10 12 11 14 0 1 2 13 9 8 3 5 4 6 7 15
1033
1 3 5 4 6 7 18 19 17 25 22 23 24 21 20 16 15 8 9 13 10 11 12 14 2 0
1035
13 9 8 2 0 1 3 5 4 6 7 15 18 19 17 16 20 25 22 23 24 21 11 10 12 14
1035
13 2 1 0 14 11 12 10 20 21 24 23 22 25 16 17 19 18 15 7 6 4 3 5 8 9
1032
25 22 23 24 21 20 16 10 11 12 14 0 1 2 13 9 8 4 3 5 6 7 15 18 19 17
1029
3 4 6 7 8 15 20 21 24 23 22 25 16 17 19 18 9 10 11 12 13 14 0 1 2 5
1041
4 3 5 6 7 8 15 18 19 17 16 20 25 22 23 24 21 9 13 12 11 10 14 0 1 2
1046
19 18 15 7 6 5 3 4 8 9 13 2 1 0 14 10 12 11 16 20 21 24 23 22 25 17
1032
25 22 23 24 21 20 16 10 12 11 14 0 1 2 13 9 8 3 5 4 6 7 15 18 19 17
1033
24 20 16 11 12 10 8 9 13 14 2 0 1 4 3 5 6 7 15 18 19 17 25 21 22 23
1046
7 8 9 15 18 19 17 16 25 22 23 24 21 20 10 12 11 13 14 0 2 1 3 5 4 6
1023
3 1 0 2 14 13 12 11 10 9 8 15 20 21 24 23 22 25 16 17 19 18 7 6 5 4
1042
10 12 11 13 14 0 1 2 9 8 5 3 4 6 7 15 18 19 17 16 20 25 22 23 24 21
1057
23 22 25 17 19 18 15 7 6 4 5 3 8 9 13 2 1 0 14 10 12 11 16 20 21 24
1036
22 23 24 21 20 16 10 11 12 14 13 8 9 2 0 1 3 5 4 6 7 15 18 19 17 25
1041
9 14 13 2 0 1 3 5 4 6 7 8 15 19 18 17 16 20 25 22 23 24 21 11 12 10
1030
17 19 18 15 7 6 5 3 4 8 9 13 2 1 0 14 10 12 11 16 20 21 24 23 22 25
1032
6 3 5 4 8 9 2 1 0 14 13 12 11 10 15 18 16 20 21 24 23 22 25 17 19 7
1067
13 2 0 1 3 4 5 6 7 8 18 19 17 25 22 23 24 21 20 16 15 9 10 12 11 14
1035
9 10 11 12 14 13 2 0 1 3 4 5 6 7 8 18 19 17 16 25 22 23 24 21 20 15
1051
24 20 16 11 12 10 14 13 2 0 1 3 5 4 7 6 8 9 15 18 19 17 25 21 22 23
1048
8 9 2 1 0 13 14 12 11 10 21 24 23 22 25 20 16 17 19 18 15 7 6 5 3 4
1064
23 24 21 20 16 11 12 10 14 0 1 2 13 9 8 4 3 5 6 7 15 18 19 17 25 22
1032
22 23 24 21 20 16 10 12 11 14 0 1 2 13 9 8 4 3 5 6 7 15 18 19 17 25
1029
21 20 16 11 12 10 14 0 1 2 13 9 8 4 3 5 6 7 15 18 19 17 25 22 23 24
1032
8 9 10 11 12 14 13 2 0 1 3 5 4 6 7 18 19 17 25 22 23 24 21 20 16 15
1018
17 25 22 23 24 21 20 16 10 12 11 14 0 1 2 13 9 8 4 3 5 6 7 15 18 19
1029
4 6 7 8 21 24 23 22 25 20 16 17 19 18 15 9 13 10 11 12 14 0 1 2 5 3
1062
7 16 20 21 24 23 22 25 17 19 18 15 8 9 10 11 12 14 13 2 0 1 3 5 4 6
1028
25 17 19 18 15 7 6 3 5 4 8 9 2 1 0 14 13 10 12 11 16 20 21 24 23 22
1040
8 15 20 21 24 23 22 25 16 17 19 18 7 6 4 5 3 1 0 2 13 14 12 11 10 9
1034
0 1 3 5 4 6 7 2 13 9 8 15 18 19 17 16 20 25 21 22 23 24 11 10 12 14
1020
23 24 21 20 16 11 12 10 14 13 2 0 1 3 5 4 9 8 6 7 15 18 19 17 25 22
1052
14 12 9 10 11 20 21 24 23 22 25 16 17 19 18 15 8 7 6 4 5 3 1 0 2 13
1014
1 2 3 5 4 6 7 19 17 25 22 23 24 21 20 16 18 15 8 9 10 12 11 13 14 0
1018
15 18 19 17 25 22 23 24 21 20 16 10 11 12 14 13 8 9 2 0 1 3 5 4 6 7
1041
20 21 24 23 22 25 17 19 18 15 7 6 4 5 3 8 9 13 2 1 0 14 10 12 11 16
1036
23 24 21 20 16 11 10 12 14 0 1 2 13 9 8 3 5 4 6 7 15 18 19 17 25 22
1035
6 4 5 3 1 0 2 13 14 12 11 10 9 8 15 18 16 20 21 24 23 22 25 17 19 7
1029
6 7 19 18 17 16 25 22 23 24 21 20 15 10 11 12 14 13 9 8 2 0 1 3 5 4
1074
25 22 23 24 21 20 16 10 11 12 14 0 1 2 13 9 8 3 5 4 6 7 15 18 19 17
1033
7 19 17 25 22 23 24 21 20 16 18 15 8 9 10 12 11 13 14 0 1 2 3 4 5 6
1022
18 15 7 6 5 3 4 8 9 13 2 1 0 14 11 12 10 16 20 21 24 23 22 25 17 19
1029
21 24 23 22 25 17 19 18 15 9 8 6 7 4 5 3 1 0 2 13 14 10 12 11 16 20
1040
17 25 22 23 24 21 20 16 11 12 10 14 13 2 0 1 3 5 4 7 6 8 9 15 18 19
1040
9 10 12 11 14 13 2 0 1 3 4 5 6 7 19 17 25 22 23 24 21 20 16 18 15 8
1033
6 7 19 18 17 25 22 23 24 21 20 16 15 10 11 12 14 13 9 8 2 0 1 5 3 4
1071
1 0 14 11 12 10 15 18 16 20 21 24 23 22 25 17 19 7 6 8 9 13 2 4 5 3
1048
2 3 4 5 6 7 19 17 25 22 23 24 21 20 16 18 15 8 9 10 11 12 13 14 0 1
1018
25 22 23 24 21 20 16 10 12 11 14 0 1 2 13 9 8 3 5 4 6 7 15 18 19 17
1033
6 7 18 19 17 25 22 23 24 21 20 16 15 8 9 10 12 11 14 13 2 0 1 3 4 5
1022
13 14 12 11 10 20 21 24 23 22 25 16 17 19 18 15 7 6 8 9 4 5 3 1 0 2
1048
14 12 11 10 9 8 15 16 20 21 24 23 22 25 17 19 18 7 6 4 5 3 1 0 2 13
1018
22 23 24 21 20 16 11 12 10 14 13 9 8 2 0 1 3 5 4 6 7 15 18 19 17 25
1034
10 9 8 15 18 16 20 21 24 23 22 25 17 19 7 6 4 5 3 1 0 2 13 14 12 11
1029
21 24 23 22 25 17 19 18 15 7 6 3 5 4 8 9 13 2 1 0 14 10 12 11 16 20
1037
6 8 9 4 5 3 1 0 2 13 14 12 11 10 15 16 20 21 24 23 22 25 17 19 18 7
1064
23 24 21 20 16 11 12 10 14 0 1 2 13 9 8 5 3 4 6 7 15 18 19 17 25 22
1036
11 10 9 20 21 24 23 22 25 16 17 19 18 15 8 7 6 5 4 3 1 0 2 13 14 12
1027
10 9 8 15 18 16 20 21 24 23 22 25 17 19 7 6 4 5 3 1 0 2 13 14 11 12
1029
18 19 17 16 25 22 23 24 21 20 11 12 10 14 0 1 2 13 9 8 4 3 5 6 7 15
1023
8 9 10 11 12 14 13 2 0 1 3 4 5 6 7 19 18 17 25 22 23 24 21 20 16 15
1034
22 23 24 21 20 16 11 10 12 14 13 9 8 2 0 1 3 4 5 6 7 15 18 19 17 25
1037
10 21 24 23 22 25 20 16 17 19 18 15 9 8 7 6 5 3 4 1 0 2 13 14 12 11
1042
16 25 22 23 24 21 20 11 12 10 14 0 1 2 13 9 8 4 5 3 6 7 15 18 19 17
1028
2 1 0 14 11 12 10 9 15 16 20 21 24 23 22 25 17 19 18 7 6 5 3 4 8 13
1063
16 20 21 24 23 22 25 17 19 18 15 7 6 4 5 3 8 9 13 2 1 0 14 10 12 11
1036
5 6 7 19 18 17 16 20 21 24 23 22 25 15 8 9 10 12 11 13 14 0 1 2 4 3
1047
5 6 7 8 15 18 19 17 16 20 25 22 23 24 21 9 13 12 10 11 14 0 1 2 4 3
1045
24 23 22 21 25 17 19 18 15 7 6 5 3 4 8 9 13 2 1 0 14 11 12 10 16 20
1037
8 9 10 11 12 14 13 2 0 1 3 4 5 6 7 18 19 17 25 22 23 24 21 20 16 15
1022
14 13 2 0 1 3 4 5 6 7 8 18 19 17 25 22 23 24 21 20 16 15 9 10 12 11
1035
13 14 11 12 10 9 8 15 18 16 20 21 24 23 22 25 17 19 7 6 5 4 3 1 0 2
1033
19 18 15 7 6 4 5 3 8 9 13 2 1 0 14 11 12 10 16 20 21 24 23 22 25 17
1033
12 10 20 21 24 23 22 25 16 17 19 18 15 9 8 6 7 4 5 3 1 0 2 13 14 11
1036
10 9 8 15 16 20 21 24 23 22 25 17 19 18 7 6 5 4 3 1 0 2 13 14 12 11
1022
7 8 9 15 18 19 17 16 25 22 23 24 21 20 10 12 11 14 13 2 0 1 3 4 5 6
1017
6 5 4 3 1 0 2 14 13 12 11 10 9 8 15 18 16 20 21 24 23 22 25 17 19 7
1037
10 12 11 14 13 2 0 1 3 5 4 9 8 6 7 18 19 17 25 22 23 24 21 20 16 15
1064
14 13 2 0 1 3 5 4 6 7 19 18 17 25 22 23 24 21 20 16 15 8 9 12 10 11
1043
22 23 24 21 20 16 10 12 11 14 0 1 2 13 9 8 4 3 5 6 7 15 18 19 17 25
1029
4 3 5 6 7 8 21 24 23 22 25 20 16 17 19 18 15 9 10 11 12 13 14 0 1 2
1046
21 24 23 22 25 17 19 18 15 9 8 6 7 4 5 3 1 0 2 13 14 10 12 11 16 20
1040
14 11 12 10 15 16 20 21 24 23 22 25 17 19 18 9 8 6 7 4 5 3 1 0 2 13
1061
9 13 2 1 0 14 12 11 10 15 18 16 20 21 24 23 22 25 17 19 7 6 5 3 4 8
1055
22 25 17 19 18 15 7 6 4 5 3 8 9 13 2 1 0 14 10 12 11 16 20 21 24 23
1036
17 19 18 15 7 6 4 3 5 8 9 2 1 0 14 13 12 10 11 16 20 21 24 23 22 25
1042
3 4 5 6 7 19 17 25 22 23 24 21 20 16 18 15 8 9 10 12 11 13 14 2 0 1
1041
15 7 6 4 5 3 1 0 2 14 13 9 8 10 12 11 16 20 21 24 23 22 25 17 19 18
1023
10 25 22 23 24 21 20 16 17 19 18 15 7 6 5 3 4 8 9 13 2 1 0 14 12 11
1042
14 11 12 10 9 8 15 16 20 21 24 23 22 25 17 18 19 7 6 5 3 4 1 0 2 13
1045
20 21 24 23 22 25 17 19 18 15 7 6 5 3 4 8 9 13 2 1 0 14 11 12 10 16
1029
3 4 2 1 0 14 13 12 11 10 9 18 19 17 25 22 23 24 21 20 16 15 8 7 6 5
1022
19 17 16 20 25 21 22 23 24 0 11 12 10 14 13 2 1 3 5 4 7 6 8 9 15 18
1002
5 6 7 8 9 15 18 19 17 16 20 25 22 23 24 21 10 11 12 13 14 2 0 1 4 3
1046
15 7 6 5 3 4 8 9 13 2 1 0 14 10 12 11 24 23 22 21 25 20 16 17 19 18
1005
11 12 10 9 8 15 16 20 21 24 23 22 25 17 19 18 7 6 4 5 3 1 0 2 13 14
1018
21 24 23 22 25 17 19 18 15 7 6 5 4 3 1 0 2 8 9 13 14 12 10 11 16 20
1037
17 25 22 23 24 21 20 16 11 12 10 14 13 2 0 1 3 5 4 7 6 8 9 15 18 19
1040
3 5 6 7 8 9 15 18 19 17 16 25 22 23 24 21 20 10 12 11 13 14 2 0 1 4
1036
10 9 8 15 18 16 20 21 24 23 22 25 17 19 7 6 4 5 3 1 0 2 13 14 12 11
1029
9 10 11 12 14 13 2 0 1 3 4 5 6 7 18 19 17 25 22 23 24 21 20 16 15 8
1022
9 8 2 0 1 5 3 4 6 7 18 19 17 25 22 23 24 21 20 16 15 10 11 12 14 13
1059
10 9 8 15 16 20 21 24 23 22 25 17 19 18 7 6 4 5 3 1 0 2 13 14 12 11
1018
11 20 21 24 23 22 25 16 17 19 18 15 7 6 4 3 5 8 9 13 2 1 0 14 10 12
1027
20 16 10 11 12 14 0 1 2 13 9 8 3 5 4 6 7 15 18 19 17 25 22 23 24 21
1033
2 0 1 3 4 5 6 7 18 19 17 25 22 23 24 21 20 16 15 8 9 10 11 12 13 14
1026
14 0 1 2 13 9 8 4 5 3 6 7 18 19 17 25 22 23 24 21 20 16 15 10 12 11
1049
10 12 11 14 13 2 0 1 3 4 5 6 7 18 19 17 16 25 22 23 24 21 20 15 8 9
1038
8 9 13 14 12 11 10 15 20 21 24 23 22 25 16 17 19 18 7 6 5 4 3 1 0 2
1066
17 16 25 22 23 24 21 20 11 12 10 14 0 1 2 13 9 8 4 3 5 6 7 15 18 19
1023
0 1 3 5 4 2 14 13 9 8 6 7 18 19 17 16 25 22 23 24 21 20 15 12 10 11
1077
11 10 9 8 15 16 20 21 24 23 22 25 17 19 18 7 6 4 5 3 1 0 2 13 14 12
1018
15 7 6 4 5 3 8 9 13 2 1 0 14 11 12 10 16 20 21 24 23 22 25 17 19 18
1033
18 19 17 16 25 22 23 24 21 20 11 12 10 14 13 2 0 1 3 5 4 7 6 8 9 15
1031
6 7 8 18 19 17 16 25 22 23 24 21 20 15 9 13 10 11 12 14 2 0 1 3 4 5
1068
25 22 23 24 21 20 16 10 12 11 14 0 1 2 13 9 8 3 5 4 6 7 15 18 19 17
1033
22 23 24 21 20 16 11 12 10 14 13 2 0 1 3 5 4 9 8 6 7 15 18 19 17 25
1052
11 12 10 20 21 24 23 22 25 16 17 19 18 15 7 6 5 3 4 8 9 13 2 1 0 14
1028
5 3 4 6 7 8 18 19 17 25 22 23 24 21 20 16 15 9 10 11 12 13 14 0 1 2
1025
21 24 23 22 25 17 19 18 15 7 6 5 3 4 8 9 13 2 1 0 14 10 12 11 16 20
1032
16 10 11 12 13 14 0 1 2 9 8 5 3 4 6 7 15 18 19 17 25 22 23 24 21 20
1040
24 23 22 21 25 17 19 18 15 7 6 5 3 4 8 9 13 2 1 0 14 10 12 11 16 20
1040
22 23 24 21 20 16 10 12 11 14 0 1 2 13 9 8 3 5 4 6 7 15 18 19 17 25
1033
6 7 15 18 19 17 16 25 22 23 24 21 20 10 11 12 14 0 1 2 13 9 8 3 5 4
1032
16 20 21 24 23 22 25 17 19 18 15 7 6 5 3 4 8 9 13 2 1 0 14 11 12 10
1029
15 18 19 17 25 22 23 24 21 20 16 11 12 10 14 13 2 0 1 3 5 4 7 6 8 9
1040
23 24 21 20 16 11 12 10 14 13 2 0 1 3 5 4 9 8 6 7 15 18 19 17 25 22
1052
23 24 21 20 16 11 12 10 14 0 1 2 13 9 8 3 5 4 6 7 15 18 19 17 25 22
1036
0 14 10 9 8 15 18 19 17 16 25 22 23 24 21 20 11 12 13 2 6 7 4 5 3 1
1055
20 21 24 23 22 25 17 19 18 15 7 6 4 5 3 8 9 13 2 1 0 14 11 12 10 16
1033
15 7 6 5 3 4 8 9 13 2 1 0 14 10 12 11 24 23 22 21 25 20 16 17 19 18
1005
13 2 1 0 14 11 12 10 15 16 20 21 24 23 22 25 17 19 18 7 6 5 3 4 8 9
1044
10 12 11 14 13 2 0 1 3 4 5 6 7 8 15 16 20 21 24 23 22 25 17 19 18 9
1035
25 22 23 24 21 20 16 10 11 12 14 13 2 0 1 3 5 4 7 6 8 9 15 18 19 17
1037
7 8 18 19 17 16 25 22 23 24 21 20 15 9 10 11 12 14 13 2 0 1 3 4 5 6
1051
18 15 7 6 4 5 3 8 9 13 2 1 0 14 12 10 11 20 21 24 23 22 25 16 17 19
1026
18 15 9 8 6 7 4 5 3 1 0 2 13 14 10 12 11 20 21 24 23 22 25 16 17 19
1031
0 1 2 13 8 3 5 4 6 7 18 19 17 25 22 23 24 21 20 16 15 9 10 11 12 14
1067
20 21 24 23 22 25 17 19 18 15 7 6 4 5 3 8 9 13 2 1 0 14 11 12 10 16
1033
10 11 12 14 13 9 8 2 0 1 3 5 4 6 7 19 17 25 22 23 24 21 20 16 18 15
1057
6 7 8 15 25 22 23 24 21 20 16 17 19 18 9 10 11 12 14 13 2 0 1 4 3 5
1068
24 21 20 16 11 12 10 14 13 2 0 1 3 5 4 7 6 8 9 15 18 19 17 25 22 23
1040
10 11 12 14 13 2 0 1 3 4 5 6 7 18 19 17 25 22 23 24 21 20 16 15 8 9
1022
17 19 18 15 9 8 6 7 4 5 3 1 0 2 13 14 10 12 11 16 20 21 24 23 22 25
1040
4 1 0 2 14 13 12 11 10 9 8 15 18 16 20 21 24 23 22 25 17 19 7 6 5 3
1048
