10 3 11 15 4 8 2 5 7 6 0 18 16 9 17 12 13 14 1 20 19
3000
0 18 16 9 17 12 13 14 1 20 19 10 3 11 2 8 4 15 5 7 6
3000
5 4 8 2 15 11 3 10 19 20 1 14 13 12 17 9 16 18 0 6 7
3040
8 4 11 0 18 16 9 17 12 13 14 1 20 19 10 3 6 7 5 15 2
3049
0 11 10 18 16 9 17 12 13 14 1 20 19 3 15 4 8 2 5 7 6
3093
16 18 0 11 6 7 5 2 8 4 15 3 10 19 20 1 14 13 12 17 9
3009
20 1 14 13 12 17 9 16 18 10 3 11 0 6 7 15 4 8 2 5 19
3102
11 6 7 5 15 2 8 4 0 18 16 9 17 12 13 14 1 20 19 10 3
3043
7 6 0 11 10 18 16 9 17 12 13 14 1 20 19 3 15 4 8 2 5
3093
3 6 7 5 4 8 2 15 11 0 18 16 9 17 12 13 14 1 20 19 10
3049
2 11 10 20 1 14 13 12 17 9 16 18 19 3 0 6 7 5 15 4 8
3206
9 16 18 0 2 8 4 15 5 7 6 11 3 10 19 20 1 14 13 12 17
2998
4 8 2 5 7 6 0 18 16 9 17 12 13 14 1 20 19 10 11 3 15
3057
6 7 5 2 8 4 15 0 18 16 9 17 12 13 14 1 20 19 10 11 3
3055
2 8 4 15 3 10 19 20 1 14 13 12 17 9 16 18 0 11 6 7 5
3009
8 2 5 7 6 11 3 10 19 20 1 14 13 12 17 9 16 18 0 15 4
2998
7 6 11 0 18 16 9 17 12 13 14 1 20 19 10 3 15 2 8 4 5
3049
6 3 10 19 20 1 14 13 12 17 9 16 18 11 0 4 8 2 15 5 7
3114
2 8 4 15 11 10 18 16 9 17 12 13 14 1 20 19 3 0 6 7 5
3086
19 20 1 14 13 12 17 9 16 18 0 15 2 8 4 5 7 6 11 3 10
3038
19 20 1 14 13 12 17 9 16 18 0 3 15 4 8 2 5 7 6 11 10
3059
17 9 19 10 3 11 6 7 5 2 8 4 15 0 18 16 20 1 14 13 12
3128
19 20 1 14 13 12 17 9 16 18 0 15 4 8 2 5 7 6 11 3 10
2998
20 1 14 13 12 17 9 16 18 10 2 8 4 15 5 7 6 0 11 3 19
3065
20 16 18 0 4 8 2 15 5 7 6 11 3 10 19 9 17 12 13 14 1
3173
4 8 2 5 7 6 11 0 18 16 9 17 12 13 14 1 20 19 10 3 15
3009
9 17 12 13 14 1 20 2 8 4 15 0 3 5 7 6 11 10 18 16 19
3119
1 20 19 10 3 6 7 5 15 4 8 2 0 11 18 16 9 17 12 13 14
3069
19 20 1 14 13 12 17 9 16 18 0 15 2 8 4 5 7 6 11 3 10
3038
14 1 20 19 2 8 4 15 5 7 6 11 0 3 10 18 16 9 17 12 13
2940
9 17 12 13 14 1 20 19 10 3 6 7 5 2 8 4 15 11 0 18 16
3009
12 17 9 19 16 18 0 6 7 5 15 2 8 4 11 3 10 20 1 14 13
3235
8 4 15 11 18 16 9 17 12 13 14 1 20 19 10 3 0 6 7 5 2
3064
17 12 13 14 1 20 15 4 8 2 5 7 6 11 0 3 10 18 16 19 9
3155
17 9 16 18 0 11 6 7 5 15 4 8 2 3 10 19 20 1 14 13 12
3009
11 18 16 9 17 12 13 14 1 20 19 10 3 0 15 2 8 4 5 7 6
3102
8 2 11 0 18 16 9 17 12 13 14 1 20 19 10 3 6 7 5 15 4
3009
6 7 5 2 8 4 15 11 3 10 19 20 1 14 13 12 17 9 16 18 0
3000
8 4 15 11 10 20 1 14 13 12 17 9 16 18 19 3 0 6 7 5 2
3206
6 7 5 15 4 8 2 0 18 16 9 17 12 13 14 1 20 19 10 3 11
2998
8 2 3 10 19 20 1 14 13 12 17 9 16 18 0 11 6 7 5 15 4
3009
20 1 14 13 12 17 9 16 18 0 6 7 5 2 8 4 15 11 3 10 19
3000
5 7 6 3 19 20 1 14 13 12 17 9 16 18 10 11 0 15 4 8 2
3091
11 0 18 16 9 17 12 13 14 1 20 19 10 3 6 7 5 2 8 4 15
3009
17 9 16 18 0 11 6 7 5 15 4 8 2 3 10 19 20 1 14 13 12
3009
20 19 10 3 11 6 7 5 15 4 8 2 0 18 16 9 17 12 13 14 1
2998
17 12 13 14 1 20 4 8 2 15 5 7 6 0 11 3 10 18 16 19 9
3178
7 6 11 10 19 20 1 14 13 12 17 9 16 18 3 0 15 4 8 2 5
3079
5 7 6 11 10 19 20 1 14 13 12 17 9 16 18 3 0 2 8 4 15
3079
8 2 15 5 7 6 3 19 20 1 14 13 12 17 9 16 18 10 11 0 4
3136
6 3 18 16 9 17 12 13 14 1 20 19 10 11 0 2 8 4 15 5 7
3086
17 9 16 18 0 15 4 8 2 5 7 6 11 3 10 19 20 1 14 13 12
2998
13 12 17 9 16 18 10 11 0 6 7 5 4 8 2 15 3 19 20 14 1
3163
2 8 4 15 5 7 6 11 0 3 10 18 16 9 17 19 20 14 12 13 1
2989
15 3 10 19 20 1 14 13 12 17 9 16 18 0 11 6 7 5 2 8 4
3009
14 1 20 19 3 0 6 7 5 2 8 4 15 11 10 18 16 9 17 12 13
3086
8 4 15 0 18 16 9 17 12 13 14 1 20 19 10 3 11 6 7 5 2
2998
13 1 20 14 2 8 4 15 5 7 6 11 18 16 0 3 10 19 9 17 12
3056
10 3 15 4 8 2 5 7 6 11 0 18 16 9 17 12 13 14 1 20 19
3009
19 3 6 7 5 15 4 8 2 20 1 14 13 12 9 17 16 18 0 11 10
3091
5 7 6 11 10 19 20 1 14 13 12 17 9 16 18 3 0 15 4 8 2
3079
0 18 16 9 17 12 13 14 1 20 19 10 3 11 15 4 8 2 5 7 6
3000
8 4 5 7 6 3 19 18 16 9 17 12 13 14 1 20 10 11 0 15 2
3251
13 1 14 20 19 10 3 2 8 4 15 5 7 6 11 0 18 16 9 17 12
3039
3 15 4 8 2 5 7 6 0 18 16 9 17 12 13 14 1 20 19 10 11
3057
2 8 4 15 5 7 6 0 11 3 10 16 18 19 9 17 12 13 14 20 1
2782
2 8 4 15 5 7 6 0 11 3 10 18 16 19 9 17 12 13 14 20 1
2782
16 9 17 12 13 14 1 20 19 10 3 6 7 5 15 4 8 2 11 0 18
3009
6 7 5 15 2 8 4 3 10 19 20 1 14 13 12 17 9 16 18 0 11
3049
6 0 18 16 9 17 12 13 14 1 20 19 10 3 11 15 2 8 4 5 7
3040
4 8 2 15 3 10 19 20 1 14 13 12 17 9 16 18 0 11 6 7 5
3049
13 1 14 20 19 3 6 7 5 2 8 4 15 0 11 10 18 16 9 17 12
3121
19 20 1 14 13 12 17 9 16 18 0 6 7 5 2 8 4 15 3 11 10
3057
16 9 17 12 13 14 1 20 19 10 3 11 4 8 2 15 5 7 6 0 18
3040
8 2 15 11 10 19 20 1 14 13 12 17 9 16 18 3 0 6 7 5 4
3121
10 3 2 8 4 15 5 7 6 11 0 18 16 9 17 12 13 14 1 20 19
3009
16 9 17 12 13 14 1 20 19 10 3 11 6 7 5 2 8 4 15 0 18
2998
20 1 14 13 12 17 9 16 18 10 11 15 4 8 2 5 7 6 0 3 19
3086
19 20 1 14 13 12 17 9 16 18 10 3 0 11 15 4 8 2 5 7 6
3082
3 10 19 20 1 14 13 12 17 9 16 18 0 11 6 7 5 2 8 4 15
3009
15 4 8 2 20 1 14 13 12 17 9 16 18 19 3 0 10 11 6 7 5
2979
3 6 7 5 2 8 4 15 11 0 18 16 9 17 12 13 14 1 20 19 10
3009
6 7 5 2 8 4 15 11 3 10 19 20 1 14 13 12 17 9 16 18 0
3000
18 16 9 17 12 13 14 1 20 19 10 3 6 7 5 4 8 2 15 11 0
3049
8 4 15 11 0 18 16 9 17 12 13 14 1 20 19 10 3 6 7 5 2
3009
16 18 0 11 2 8 4 15 5 7 6 3 10 19 20 1 14 13 12 17 9
3009
7 5 2 8 4 15 3 10 19 20 1 14 13 12 17 9 16 18 0 11 6
3009
1 20 16 18 0 15 4 8 2 5 7 6 11 3 10 19 9 17 12 13 14
3128
8 2 15 18 16 9 17 12 13 14 1 20 19 10 3 11 0 6 7 5 4
3108
1 14 13 12 17 9 16 18 10 3 11 0 6 7 2 8 4 15 5 19 20
3107
16 9 17 12 13 14 1 20 19 10 3 11 6 7 5 15 4 8 2 0 18
2998
11 3 10 19 20 1 14 13 12 17 9 16 18 0 15 4 8 2 5 7 6
2998
20 19 3 0 11 6 7 5 15 4 8 2 10 18 16 9 17 12 13 14 1
3067
10 3 4 8 2 15 5 7 6 11 0 18 16 9 17 12 13 14 1 20 19
3049
4 8 2 0 3 10 19 20 1 14 13 12 17 9 16 18 11 6 7 5 15
3062
3 10 19 20 1 14 13 12 17 9 16 18 0 11 2 8 4 15 5 7 6
3009
19 20 1 14 13 12 17 9 16 18 3 0 2 8 4 15 5 7 6 11 10
3079
2 0 11 10 20 1 14 13 12 17 9 16 18 19 3 6 7 5 15 4 8
3211
8 4 0 18 16 9 17 12 13 14 1 20 19 10 3 11 6 7 5 15 2
3043
5 2 8 4 15 3 18 16 9 17 12 13 14 1 20 19 10 11 0 6 7
3088
2 8 4 15 0 11 10 20 1 14 13 12 17 9 16 18 19 3 6 7 5
3211
5 7 6 11 0 18 16 9 17 12 13 14 1 20 19 10 3 4 8 2 15
3049
14 13 12 17 9 16 18 10 3 11 0 6 7 2 8 4 15 5 19 20 1
3107
4 8 2 5 7 6 0 3 10 19 20 1 14 13 12 17 9 16 18 11 15
3064
10 11 6 7 5 2 8 4 15 0 3 19 20 1 14 13 12 17 9 16 18
3084
18 16 9 17 12 13 14 1 20 2 8 4 15 5 7 6 3 10 19 11 0
2949
10 3 0 2 8 4 15 5 7 6 11 18 16 9 17 12 13 14 1 20 19
3062
7 5 4 8 2 15 3 10 19 20 1 14 13 12 17 9 16 18 0 11 6
3049
14 13 12 17 9 16 18 11 0 15 4 8 2 5 7 6 3 10 19 20 1
3069
16 18 0 2 8 4 15 5 7 6 11 3 10 19 20 1 14 13 12 17 9
2998
17 12 13 14 1 20 4 8 2 15 5 7 6 11 0 3 10 18 16 19 9
3180
5 7 6 3 10 19 11 0 18 16 9 17 12 13 14 1 20 2 8 4 15
2949
18 0 15 4 8 2 5 7 6 11 3 10 19 20 1 14 13 12 17 9 16
2998
19 20 1 14 13 12 17 9 16 18 6 7 5 15 4 8 2 0 11 3 10
3068
17 9 19 16 18 10 3 0 11 6 7 5 4 8 2 15 20 1 14 13 12
3195
13 1 14 20 19 6 7 5 15 2 8 4 11 0 3 10 18 16 9 17 12
3152
3 6 7 5 15 4 8 2 11 10 19 20 1 14 13 12 17 9 16 18 0
3059
6 3 10 19 20 1 14 13 12 17 9 16 18 11 0 15 4 8 2 5 7
3069
13 1 14 20 10 11 0 15 2 8 4 5 7 6 3 18 16 19 9 17 12
3351
6 7 5 15 2 8 4 11 18 16 9 17 12 13 14 1 20 19 10 3 0
3104
10 3 0 2 8 4 15 5 7 6 11 18 16 9 17 12 13 14 1 20 19
3062
3 10 19 20 1 14 13 12 17 9 16 18 0 11 2 8 4 15 5 7 6
3009
10 3 11 15 4 8 2 5 7 6 0 18 16 9 17 12 13 14 1 20 19
3000
10 19 20 1 14 13 12 17 9 16 18 0 11 6 7 5 15 4 8 2 3
3009
6 7 5 15 4 8 2 0 18 16 9 17 12 13 14 1 20 19 10 3 11
2998
17 9 16 18 0 2 8 4 15 5 7 6 11 3 10 19 20 1 14 13 12
2998
19 20 1 14 13 12 17 9 16 18 0 2 8 4 15 5 7 6 11 3 10
2998
1 20 19 10 3 11 6 7 5 2 8 4 15 0 18 16 9 17 12 13 14
2998
1 20 19 2 8 4 15 5 7 6 11 0 3 10 18 16 9 17 12 13 14
2940
11 3 10 19 0 18 16 9 17 12 13 14 1 20 2 8 4 15 5 7 6
2948
4 15 11 0 18 16 9 17 12 13 14 1 20 19 10 3 6 7 5 2 8
3009
7 6 11 10 19 20 1 14 13 12 17 9 16 18 3 0 15 2 8 4 5
3119
12 13 14 1 20 19 10 11 6 7 5 4 8 2 15 0 3 18 16 9 17
3119
9 17 12 13 14 1 20 16 18 6 7 5 15 2 8 4 11 0 3 10 19
3242
18 16 9 17 12 13 14 1 20 19 10 3 11 2 8 4 15 5 7 6 0
3000
17 12 13 14 1 20 16 18 0 4 8 2 15 5 7 6 11 3 10 19 9
3173
20 1 14 13 12 17 9 19 16 18 3 10 11 0 6 7 5 15 4 8 2
2996
10 3 6 7 5 15 4 8 2 11 0 18 16 9 17 12 13 14 1 20 19
3009
19 20 1 14 13 12 17 9 16 18 0 11 15 4 8 2 5 7 6 3 10
3009
9 17 12 13 14 1 20 16 18 0 15 2 8 4 5 7 6 11 3 10 19
3168
2 1 13 12 14 20 17 9 16 18 19 10 3 11 0 6 7 5 15 4 8
2912
10 18 16 9 17 12 13 14 1 20 19 3 15 2 8 4 5 7 6 0 11
3133
9 19 3 10 16 18 0 11 6 7 5 15 4 8 2 20 1 14 13 12 17
2964
17 12 13 14 1 20 19 10 3 11 2 8 4 15 5 7 6 0 18 16 9
3000
13 1 14 20 19 10 3 11 15 4 8 2 5 7 6 0 18 16 9 17 12
3030
7 5 4 8 2 15 3 19 20 1 14 13 12 17 9 16 18 10 11 0 6
3133
15 3 10 19 20 1 14 13 12 17 9 16 18 11 0 6 7 5 2 8 4
3071
1 14 13 12 17 9 16 18 0 11 15 4 8 2 5 7 6 3 19 10 20
3176
15 5 7 6 11 3 10 19 20 1 14 13 12 17 9 16 18 0 2 8 4
2998
2 5 7 6 0 11 10 18 16 9 17 12 13 14 1 20 19 3 15 4 8
3093
1 20 16 18 10 11 6 7 5 15 4 8 2 0 3 19 9 17 12 13 14
3214
0 6 7 5 15 4 8 2 3 10 19 20 1 14 13 12 17 9 16 18 11
3071
1 14 13 12 17 9 16 18 19 10 11 0 15 4 8 2 5 7 6 3 20
3211
6 7 5 15 2 8 4 11 10 18 16 9 17 12 13 14 1 20 19 3 0
3126
2 8 4 15 18 16 9 17 12 13 14 1 20 19 10 3 0 11 6 7 5
3070
1 2 8 4 15 5 7 6 11 0 3 10 18 16 9 17 12 13 14 19 20
2879
16 9 17 12 13 14 1 20 19 10 3 2 8 4 15 5 7 6 11 0 18
3009
17 12 13 14 1 20 16 18 6 7 5 4 8 2 15 11 0 3 10 19 9
3242
2 11 0 18 16 9 17 12 13 14 1 20 19 10 3 6 7 5 15 4 8
3009
3 6 7 5 2 8 4 15 11 0 18 16 9 17 12 13 14 1 20 19 10
3009
3 6 7 5 2 8 4 15 0 11 18 16 9 17 12 13 14 1 20 19 10
3069
15 4 8 2 0 3 10 19 20 1 14 13 12 17 9 16 18 11 6 7 5
3062
12 13 14 1 20 19 3 6 7 5 2 8 4 15 11 0 10 18 16 9 17
3096
20 19 10 3 11 15 4 8 2 5 7 6 0 18 16 9 17 12 13 14 1
3000
3 6 7 5 15 4 8 2 11 0 18 16 9 17 12 13 14 1 20 19 10
3009
18 0 2 8 4 15 5 7 6 11 3 10 19 20 1 14 13 12 17 9 16
2998
16 18 0 11 2 8 4 15 5 7 6 3 10 19 20 1 14 13 12 17 9
3009
14 1 20 19 10 3 11 15 4 8 2 5 7 6 0 18 16 9 17 12 13
3000
14 1 20 19 10 3 6 7 5 4 8 2 15 0 11 18 16 9 17 12 13
3109
14 13 12 17 9 19 16 18 10 3 0 11 6 7 5 15 4 8 2 1 20
2784
9 19 16 18 10 3 0 11 6 7 5 15 4 8 2 20 1 14 13 12 17
2900
7 6 0 11 18 16 9 17 12 13 14 1 20 19 10 3 4 8 2 15 5
3111
6 7 5 15 4 8 2 20 1 14 13 12 9 17 16 18 19 3 10 11 0
3071
8 4 15 11 3 10 19 20 1 14 13 12 17 9 16 18 0 6 7 5 2
3000
8 4 15 5 7 6 0 11 10 19 20 1 14 13 12 17 9 16 18 3 2
3088
16 18 0 6 7 5 15 4 8 2 11 3 10 19 20 1 14 13 12 17 9
3000
2 8 4 15 3 19 20 1 14 13 12 17 9 16 18 10 11 0 6 7 5
3093
1 14 13 12 17 9 16 18 0 2 8 4 15 5 7 6 11 3 10 19 20
2998
15 4 8 2 5 7 6 0 3 10 19 20 1 14 13 12 17 9 16 18 11
3064
19 10 3 2 8 4 15 5 7 6 11 0 18 16 17 9 12 13 14 1 20
3154
3 11 10 19 20 1 14 13 12 17 9 16 18 0 6 7 5 2 8 4 15
3057
6 3 10 19 20 1 14 13 12 17 9 16 18 11 0 2 8 4 15 5 7
3069
6 7 5 15 4 8 2 3 10 19 20 1 14 13 12 17 9 16 18 0 11
3009
7 6 0 3 10 19 20 1 14 13 12 17 9 16 18 11 4 8 2 15 5
3104
20 19 6 7 5 2 8 4 15 11 0 3 10 18 16 9 17 12 13 14 1
3082
19 3 6 7 5 2 8 4 15 0 11 10 18 16 9 17 12 13 14 1 20
3091
15 10 19 20 1 14 13 12 17 9 16 18 3 0 11 6 7 5 2 8 4
3102
20 19 10 11 0 6 7 5 4 8 2 15 3 18 16 9 17 12 13 14 1
3128
4 8 2 5 7 6 3 10 19 20 1 14 13 12 17 9 16 18 0 11 15
3009
7 5 4 8 2 15 11 3 10 19 20 1 14 13 12 17 9 16 18 0 6
3040
5 2 8 4 15 11 3 10 19 20 1 14 13 12 17 9 16 18 0 6 7
3000
18 16 9 17 12 13 14 1 20 19 10 3 11 6 7 5 2 8 4 15 0
2998
1 20 16 18 6 7 5 15 4 8 2 11 0 3 10 19 9 17 12 13 14
3202
13 12 17 9 19 16 18 4 8 2 15 5 7 6 11 0 3 10 20 14 1
3340
17 9 16 18 10 0 11 6 7 5 2 8 4 15 3 19 20 1 14 13 12
3096
4 8 2 15 5 7 6 3 10 19 20 1 14 13 12 17 9 16 18 0 11
3049
16 18 0 11 19 10 3 6 7 5 15 4 8 2 20 1 14 13 12 17 9
2949
19 10 3 15 4 8 2 5 7 6 11 0 18 16 9 17 12 13 14 1 20
3009
6 0 3 18 16 9 17 12 13 14 1 20 19 10 11 15 4 8 2 5 7
3081
15 5 7 6 0 3 10 19 20 1 14 13 12 17 9 16 18 11 4 8 2
3104
15 4 8 2 11 0 18 16 9 17 12 13 14 1 20 19 10 3 6 7 5
3009
9 17 12 13 14 1 20 2 8 4 15 5 7 6 0 11 18 16 3 10 19
3046
13 1 14 20 19 10 3 2 8 4 15 5 7 6 11 0 18 16 9 17 12
3039
0 6 7 5 2 8 4 15 3 18 16 9 17 12 13 14 1 20 19 10 11
3088
11 2 8 4 15 5 7 6 3 10 19 20 1 14 13 12 17 9 16 18 0
3009
12 13 14 1 20 19 10 11 15 2 8 4 5 7 6 0 3 18 16 9 17
3121
7 5 2 8 4 15 0 11 10 19 20 1 14 13 12 17 9 16 18 3 6
3086
20 19 10 3 0 11 15 4 8 2 5 7 6 18 16 9 17 12 13 14 1
3072
0 6 7 5 2 8 4 15 11 3 10 19 20 1 14 13 12 17 9 16 18
3000
10 19 20 1 14 13 12 17 9 16 18 3 0 6 7 5 15 4 8 2 11
3081
11 18 16 9 17 12 13 14 1 20 19 10 3 15 4 8 2 5 7 6 0
3071
1 20 16 18 0 11 6 7 5 4 8 2 15 3 10 19 9 17 12 13 14
3179
20 19 3 6 7 5 2 8 4 15 0 11 10 18 16 9 17 12 13 14 1
3091
0 15 4 8 2 5 7 6 11 3 10 19 20 1 14 13 12 17 9 16 18
2998
14 1 20 16 18 3 0 15 2 8 4 5 7 6 11 10 19 9 17 12 13
3249
1 14 13 12 17 9 16 18 11 6 7 5 2 8 4 15 0 3 10 19 20
3062
17 9 19 10 11 15 2 8 4 5 7 6 0 3 18 16 20 1 14 13 12
3251
11 3 10 19 20 1 14 13 12 17 9 16 18 0 6 7 5 2 8 4 15
3000
16 18 0 15 4 8 2 5 7 6 11 3 10 19 20 1 14 13 12 17 9
2998
12 13 14 1 20 10 16 18 0 11 15 2 8 4 5 7 6 3 19 9 17
3291
12 17 9 16 18 0 6 7 5 4 8 2 15 11 3 10 19 20 1 14 13
3040
2 8 4 15 5 7 6 0 3 11 10 18 16 17 9 19 20 14 13 12 1
3042
6 7 5 4 8 2 15 11 3 10 19 20 1 14 13 12 17 9 16 18 0
3040
18 16 9 17 12 13 14 1 20 19 10 3 11 4 8 2 15 5 7 6 0
3040
5 2 8 4 15 11 10 19 20 1 14 13 12 17 9 16 18 0 3 6 7
3059
9 17 12 13 14 1 20 19 2 8 4 15 5 7 6 0 11 3 10 18 16
2938
17 9 16 18 10 2 8 4 15 5 7 6 0 11 3 19 20 1 14 13 12
3065
2 8 4 15 5 7 6 0 11 3 10 19 18 16 9 17 12 13 20 14 1
2758
10 19 20 1 14 13 12 17 9 16 18 0 6 7 5 2 8 4 15 3 11
3057
10 3 6 7 5 15 2 8 4 0 11 18 16 9 17 12 13 14 1 20 19
3114
15 5 7 6 3 10 19 11 0 18 16 9 17 12 13 14 1 20 2 8 4
2949
9 17 12 13 14 1 20 19 10 3 11 6 7 5 2 8 4 15 0 18 16
2998
1 20 19 10 3 11 15 4 8 2 5 7 6 0 18 16 9 17 12 13 14
3000
17 9 19 16 18 10 3 0 11 6 7 5 15 2 8 4 20 1 14 13 12
3180
1 20 19 10 11 0 6 7 5 15 2 8 4 3 18 16 9 17 12 13 14
3128
5 15 4 8 2 11 3 10 19 20 1 14 13 12 17 9 16 18 0 6 7
3000
5 7 6 0 3 19 20 1 14 13 12 17 9 16 18 10 11 15 2 8 4
3126
14 13 12 17 9 16 18 0 4 8 2 15 5 7 6 11 3 10 19 20 1
3043
12 17 9 19 10 16 18 0 11 6 7 5 15 2 8 4 3 20 1 14 13
3291
5 15 4 8 2 3 10 19 20 1 14 13 12 17 9 16 18 11 0 6 7
3071
10 3 2 8 4 15 5 7 6 11 0 18 16 9 17 12 13 14 1 20 19
3009
12 13 14 1 20 19 10 3 11 6 7 5 2 8 4 15 0 18 16 9 17
2998
17 9 16 18 10 0 11 15 4 8 2 5 7 6 3 19 20 1 14 13 12
3096
20 1 2 8 4 15 5 7 6 0 11 3 10 18 16 9 17 12 13 14 19
2877
17 9 19 10 11 0 15 2 8 4 5 7 6 3 18 16 20 1 14 13 12
3256
5 7 6 0 18 16 9 17 12 13 14 1 20 19 10 3 11 15 4 8 2
3000
17 12 13 14 1 20 2 8 4 15 5 7 6 11 18 16 0 3 10 19 9
3027
12 13 14 1 20 19 10 3 11 6 7 5 15 4 8 2 0 18 16 9 17
2998
12 17 9 16 18 3 0 15 4 8 2 5 7 6 11 10 19 20 1 14 13
3079
8 4 15 5 7 6 0 11 3 10 18 16 9 17 19 20 14 12 13 1 2
2987
12 13 14 1 20 19 10 3 16 17 18 5 7 4 8 2 6 0 11 15 9
4348
6 11 3 10 19 20 1 14 13 12 17 9 16 18 0 15 4 8 2 5 7
2998
1 14 13 12 17 9 19 10 3 0 11 2 8 4 15 5 7 6 18 16 20
3202
20 19 10 3 0 11 15 4 8 2 5 7 6 18 16 9 17 12 13 14 1
3072
16 18 0 11 2 8 4 15 5 7 6 3 10 19 20 1 14 13 12 17 9
3009
9 16 18 10 0 11 6 7 5 15 4 8 2 3 19 20 1 14 13 12 17
3096
1 20 19 10 3 11 2 8 4 15 5 7 6 0 18 16 9 17 12 13 14
3000
9 17 12 13 14 1 20 16 18 3 6 7 5 2 8 4 15 0 11 10 19
3216
0 3 10 19 20 1 14 13 12 17 9 16 18 11 4 8 2 15 5 7 6
3104
17 9 16 18 11 15 2 8 4 5 7 6 0 3 10 19 20 1 14 13 12
3104
3 10 19 20 1 14 13 12 17 9 16 18 11 0 15 2 8 4 5 7 6
3109
9 17 12 13 14 1 20 10 3 11 6 7 5 15 4 8 2 0 18 16 19
3193
1 14 13 12 17 9 19 10 3 0 11 2 8 4 15 5 7 6 18 16 20
3202
3 10 19 20 1 14 13 12 17 9 16 18 0 11 6 7 5 15 2 8 4
3049
1 14 13 12 17 9 16 18 3 0 2 8 4 15 5 7 6 11 10 19 20
3079
15 5 7 6 3 19 20 1 14 13 12 17 9 16 18 10 11 0 4 8 2
3136
15 5 7 6 0 18 16 9 17 12 13 14 1 20 19 10 3 11 2 8 4
3000
12 13 14 1 20 19 10 3 6 7 5 15 4 8 2 11 0 18 16 9 17
3009
9 16 18 10 11 6 7 5 2 8 4 15 0 3 19 20 1 14 13 12 17
3084
5 2 8 4 15 11 0 18 16 9 17 12 13 14 1 20 19 10 3 6 7
3009
13 12 17 9 19 16 18 0 4 8 2 15 5 7 6 11 3 10 20 14 1
3268
7 5 4 8 2 15 3 10 19 20 1 14 13 12 17 9 16 18 11 0 6
3111
20 1 14 13 12 17 9 16 18 0 15 4 8 2 5 7 6 11 3 10 19
2998
12 17 9 16 18 0 6 7 5 2 8 4 15 11 3 10 19 20 1 14 13
3000
3 10 19 11 0 18 16 9 17 12 13 14 1 20 2 8 4 15 5 7 6
2949
11 15 4 8 2 5 7 6 3 10 19 20 1 14 13 12 17 9 16 18 0
3009
20 1 14 13 12 17 9 19 10 11 0 6 7 5 15 2 8 4 3 18 16
3258
11 18 16 9 17 12 13 14 1 20 19 10 3 15 2 8 4 5 7 6 0
3111
2 5 7 6 3 10 19 20 1 14 13 12 17 9 16 18 0 11 15 4 8
3009
16 18 0 4 8 2 15 5 7 6 11 3 10 19 20 1 14 13 12 17 9
3043
9 16 18 10 3 0 11 6 7 5 15 4 8 2 1 20 19 14 13 12 17
2879
1 20 19 10 3 15 4 8 2 5 7 6 11 0 18 16 9 17 12 13 14
3009
20 10 3 11 6 7 5 15 4 8 2 0 18 16 19 9 17 12 13 14 1
3193
12 13 14 1 20 16 18 6 7 5 2 8 4 15 11 0 3 10 19 9 17
3202
0 18 16 9 17 12 13 14 1 20 19 10 3 11 15 4 8 2 5 7 6
3000
6 7 5 2 8 4 15 0 11 10 20 1 14 13 12 17 9 16 18 19 3
3211
2 8 4 15 5 7 6 11 3 10 19 20 1 14 13 12 17 9 16 18 0
2998
19 10 11 0 6 7 5 4 8 2 15 3 18 16 9 17 12 13 14 1 20
3128
1 20 16 18 6 7 5 15 2 8 4 11 0 3 10 19 9 17 12 13 14
3242
7 5 15 2 8 4 11 0 18 16 9 17 12 13 14 1 20 19 10 3 6
3049
8 2 20 1 14 13 12 17 9 16 18 3 19 10 11 0 6 7 5 15 4
2968
19 20 1 14 13 12 17 9 16 18 0 6 7 5 15 2 8 4 11 3 10
3040
16 18 0 6 7 5 15 2 8 4 11 3 10 19 20 1 14 13 12 17 9
3040
8 2 15 5 7 6 3 10 19 20 1 14 13 12 17 9 16 18 0 11 4
3049
16 18 0 2 8 4 15 5 7 6 11 3 10 19 20 1 14 13 12 17 9
2998
18 16 9 17 12 13 14 1 20 19 10 3 11 6 7 5 15 4 8 2 0
2998
12 17 9 19 16 18 3 4 8 2 15 5 7 6 0 11 10 20 1 14 13
3323
7 5 15 2 8 4 0 11 10 18 16 9 17 12 13 14 1 20 19 3 6
3136
19 20 1 14 13 12 17 9 16 18 10 11 0 6 7 5 2 8 4 15 3
3093
19 20 1 14 13 12 9 17 16 18 0 11 4 8 2 15 5 7 6 3 10
3194
16 9 17 12 13 14 1 20 19 10 3 11 2 8 4 15 5 7 6 0 18
3000
3 0 15 4 8 2 5 7 6 11 10 19 20 1 14 13 12 17 9 16 18
3079
20 1 14 13 12 17 9 19 16 18 3 0 10 11 6 7 5 15 4 8 2
3049
15 5 7 6 0 3 10 19 20 1 14 13 12 17 9 16 18 11 2 8 4
3064
14 13 12 17 9 16 18 0 6 7 5 2 8 4 15 11 3 10 19 20 1
3000
2 1 20 14 12 13 17 9 19 16 18 10 3 11 0 6 7 5 15 4 8
2942
14 13 12 17 9 16 18 0 15 4 8 2 5 7 6 11 3 10 19 20 1
2998
11 0 18 16 9 17 12 13 14 1 20 19 10 3 6 7 5 4 8 2 15
3049
10 20 1 14 13 12 17 9 16 18 19 3 6 7 5 15 2 8 4 0 11
3256
20 19 10 3 15 4 8 2 5 7 6 11 0 18 16 9 17 12 13 14 1
3009
9 16 18 0 11 15 4 8 2 5 7 6 3 19 10 20 1 14 13 12 17
3176
12 13 14 1 20 16 18 3 6 7 5 4 8 2 15 0 11 10 19 9 17
3256
4 8 2 15 3 19 20 1 14 13 12 17 9 16 18 10 11 0 6 7 5
3133
10 3 11 4 8 2 15 5 7 6 0 18 16 9 17 12 13 14 1 20 19
3040
4 15 3 18 16 9 17 12 13 14 1 20 19 10 11 0 6 7 5 2 8
3088
17 9 19 10 3 0 11 15 4 8 2 5 7 6 18 16 20 1 14 13 12
3202
19 10 3 15 2 8 4 5 7 6 11 0 18 16 17 9 12 13 14 1 20
3194
13 1 14 20 19 3 0 15 2 8 4 5 7 6 11 10 18 16 9 17 12
3154
5 2 8 4 15 3 18 16 9 17 12 13 14 1 20 19 10 11 0 6 7
3088
7 5 2 8 4 15 11 3 10 19 20 1 14 13 12 17 9 16 18 0 6
3000
8 4 15 5 7 6 11 3 10 19 20 1 14 13 12 17 9 16 18 0 2
2998
13 12 17 9 19 16 18 3 6 7 5 15 2 8 4 0 11 10 20 14 1
3356
3 18 16 9 17 12 13 14 1 20 19 10 11 15 2 8 4 5 7 6 0
3121
17 9 19 16 18 10 11 0 6 7 5 3 15 4 8 2 20 1 14 13 12
3128
15 4 8 2 0 18 16 9 17 12 13 14 1 20 19 10 3 11 6 7 5
2998
20 1 14 13 12 17 9 16 18 3 6 7 5 2 8 4 15 0 11 10 19
3086
11 0 18 16 9 17 12 13 14 1 20 19 10 3 2 8 4 15 5 7 6
3009
18 0 11 6 7 5 2 8 4 15 3 10 19 20 1 14 13 12 17 9 16
3009
10 19 20 1 14 13 12 17 9 16 18 11 0 15 4 8 2 5 7 6 3
3069
5 15 4 8 2 11 0 18 16 9 17 12 13 14 1 20 19 10 3 6 7
3009
12 17 9 19 16 18 10 3 11 0 6 7 5 4 8 2 15 20 1 14 13
3193
5 15 4 8 2 20 1 14 13 12 17 9 16 18 0 11 19 10 3 6 7
2949
10 19 20 1 14 13 12 17 9 16 18 3 0 6 7 5 2 8 4 15 11
3081
11 6 7 5 2 8 4 15 3 10 19 20 1 14 13 12 17 9 16 18 0
3009
11 15 4 8 2 5 7 6 0 18 16 9 17 12 13 14 1 20 19 10 3
3000
11 2 8 4 15 5 7 6 3 10 19 20 1 14 13 12 17 9 16 18 0
3009
0 6 7 5 15 2 8 4 3 18 16 9 17 12 13 14 1 20 19 10 11
3128
7 6 3 10 19 20 1 14 13 12 17 9 16 18 0 11 15 4 8 2 5
3009
11 3 10 19 20 1 14 13 12 17 9 16 18 0 15 4 8 2 5 7 6
2998
13 14 20 1 2 8 4 15 5 7 6 11 0 3 10 18 16 19 9 17 12
2784
13 12 17 9 19 16 18 10 3 11 0 6 7 5 15 4 8 2 1 20 14
2782
7 5 15 4 8 2 20 1 14 13 12 17 9 16 18 3 19 10 11 0 6
2968
13 1 14 20 19 2 8 4 15 5 7 6 0 11 3 10 18 16 9 17 12
2968
16 18 0 11 6 7 5 15 4 8 2 3 10 19 20 1 14 13 12 17 9
3009
8 4 0 18 16 9 17 12 13 14 1 20 19 10 3 11 6 7 5 15 2
3043
8 2 15 0 3 19 18 16 9 17 12 13 14 1 20 10 11 6 7 5 4
3244
11 6 7 5 2 8 4 15 0 18 16 9 17 12 13 14 1 20 19 10 3
2998
2 8 4 15 0 3 19 20 1 14 13 12 17 9 16 18 10 11 6 7 5
3084
5 2 8 4 15 0 18 16 9 17 12 13 14 1 20 19 10 3 11 6 7
2998
5 2 8 4 15 0 18 16 9 17 12 13 14 1 20 19 10 3 11 6 7
2998
12 17 9 19 16 18 10 3 0 11 6 7 5 15 2 8 4 20 1 14 13
3180
8 4 15 0 18 16 9 17 12 13 14 1 20 19 10 3 11 6 7 5 2
2998
10 11 6 7 5 15 2 8 4 0 3 19 18 16 9 17 12 13 14 1 20
3249
7 5 15 4 8 2 11 0 18 16 9 17 12 13 14 1 20 19 10 3 6
3009
13 1 14 20 16 18 0 11 15 2 8 4 5 7 6 3 10 19 9 17 12
3209
16 18 0 15 4 8 2 5 7 6 11 3 10 19 20 1 14 13 12 17 9
2998
15 2 8 4 0 11 10 18 16 9 17 12 13 14 1 20 19 3 6 7 5
3136
3 19 18 16 9 17 12 13 14 1 20 10 11 6 7 5 15 2 8 4 0
3249
0 2 8 4 15 5 7 6 3 19 20 1 14 13 12 17 9 16 18 10 11
3091
7 5 15 2 8 4 11 18 16 9 17 12 13 14 1 20 19 10 3 0 6
3104
13 1 14 20 10 11 2 8 4 15 5 7 6 0 3 18 16 19 9 17 12
3306
19 10 11 0 2 8 4 15 5 7 6 3 18 16 9 17 12 13 14 1 20
3086
17 12 13 14 1 20 19 10 3 11 6 7 5 2 8 4 15 0 18 16 9
2998
6 3 10 19 20 1 14 13 12 17 9 16 18 0 11 15 2 8 4 5 7
3049
0 3 10 19 20 1 14 13 12 17 9 16 18 11 15 2 8 4 5 7 6
3104
3 10 19 20 1 14 13 12 17 9 16 18 0 11 6 7 5 15 2 8 4
3049
9 16 18 10 11 15 4 8 2 5 7 6 0 3 19 20 1 14 13 12 17
3086
3 2 8 4 15 5 7 6 0 11 18 16 9 17 12 13 14 1 20 19 10
3071
18 16 9 17 12 13 14 1 20 19 10 3 11 2 8 4 15 5 7 6 0
3000
7 6 0 18 16 9 17 12 13 14 1 20 19 10 3 11 15 4 8 2 5
3000
2 8 4 15 3 10 19 20 1 14 13 12 17 9 16 18 0 11 6 7 5
3009
3 0 15 2 8 4 5 7 6 11 10 19 20 1 14 13 12 17 9 16 18
3119
5 2 8 4 15 11 10 19 20 1 14 13 12 17 9 16 18 0 3 6 7
3059
8 2 0 18 16 9 17 12 13 14 1 20 19 10 3 11 6 7 5 15 4
2998
6 7 5 4 8 2 15 11 0 18 16 9 17 12 13 14 1 20 19 10 3
3049
12 17 9 19 16 18 10 3 11 0 6 7 5 15 2 8 4 20 1 14 13
3178
5 4 8 2 15 0 11 10 18 16 9 17 12 13 14 1 20 19 3 6 7
3131
18 0 6 7 5 15 4 8 2 11 3 10 19 20 1 14 13 12 17 9 16
3000
13 1 14 20 19 3 6 7 5 4 8 2 15 0 11 10 18 16 9 17 12
3161
0 2 8 4 15 5 7 6 3 11 10 19 20 1 14 13 12 17 9 16 18
3055
4 8 2 15 5 7 6 11 10 19 20 1 14 13 12 17 9 16 18 3 0
3124
12 13 14 1 20 19 10 3 6 7 5 2 8 4 15 11 0 18 16 9 17
3009
12 17 9 16 18 3 2 8 4 15 5 7 6 0 11 10 19 20 1 14 13
3088
2 8 4 15 5 7 6 11 0 3 10 18 16 19 9 17 12 13 14 20 1
2784
18 16 9 17 12 13 14 1 20 19 10 3 11 15 4 8 2 5 7 6 0
3000
4 8 2 15 5 7 6 0 11 18 16 9 17 12 13 14 1 20 19 10 3
3111
12 13 14 1 20 19 10 3 11 15 4 8 2 5 7 6 0 18 16 9 17
3000
18 0 15 4 8 2 5 7 6 11 3 10 19 20 1 14 13 12 17 9 16
2998
3 2 8 4 15 5 7 6 11 0 18 16 9 17 12 13 14 1 20 19 10
3009
11 18 16 9 17 12 13 14 1 20 19 10 3 15 4 8 2 5 7 6 0
3071
7 6 11 3 10 19 20 1 14 13 12 17 9 16 18 0 15 4 8 2 5
2998
7 6 3 10 19 20 1 14 13 12 17 9 16 18 11 0 4 8 2 15 5
3114
3 0 15 2 8 4 5 7 6 11 18 16 9 17 12 13 14 1 20 19 10
3102
3 10 19 20 1 14 13 12 17 9 16 18 0 11 15 4 8 2 5 7 6
3009
14 13 12 17 9 19 10 11 6 7 5 2 8 4 15 0 3 18 16 20 1
3209
16 18 0 2 8 4 15 5 7 6 11 3 10 19 20 1 14 13 12 17 9
2998
1 20 16 18 3 6 7 5 15 2 8 4 0 11 10 19 9 17 12 13 14
3261
6 11 0 18 16 9 17 12 13 14 1 20 19 10 3 15 4 8 2 5 7
3009
3 11 10 19 20 1 14 13 12 17 9 16 18 0 15 4 8 2 5 7 6
3055
3 10 19 20 1 14 13 12 17 9 16 18 0 11 4 8 2 15 5 7 6
3049
16 9 17 12 13 14 1 20 19 10 3 6 7 5 4 8 2 15 11 0 18
3049
8 2 3 10 19 20 1 14 13 12 17 9 16 18 0 11 6 7 5 15 4
3009
2 8 4 15 0 18 16 9 17 12 13 14 1 20 19 10 11 3 6 7 5
3055
15 4 8 2 5 7 6 11 3 10 19 20 1 14 13 12 17 9 16 18 0
2998
8 4 0 18 16 9 17 12 13 14 1 20 19 10 3 11 6 7 5 15 2
3043
6 0 3 18 16 9 17 12 13 14 1 20 19 10 11 15 4 8 2 5 7
3081
12 13 14 1 20 19 10 3 11 6 7 5 4 8 2 15 0 18 16 9 17
3038
13 12 17 9 19 3 10 16 18 0 11 6 7 5 15 4 8 2 14 20 1
2993
4 15 5 7 6 3 10 19 20 1 14 13 12 17 9 16 18 0 11 2 8
3009
2 8 4 15 3 11 10 19 20 1 14 13 12 17 9 16 18 0 6 7 5
3057
8 2 5 7 6 3 10 19 20 1 14 13 12 17 9 16 18 0 11 15 4
3009
6 7 5 15 4 8 2 11 18 16 9 17 12 13 14 1 20 19 10 3 0
3064
5 4 8 2 15 3 10 19 20 1 14 13 12 17 9 16 18 0 11 6 7
3049
17 12 13 14 1 20 19 6 7 5 2 8 4 15 11 0 3 10 18 16 9
3082
4 11 3 10 19 20 1 14 13 12 17 9 16 18 0 6 7 5 15 2 8
3040
13 12 17 9 19 10 3 11 0 15 4 8 2 5 7 6 18 16 20 14 1
3228
4 8 2 15 3 18 16 9 17 12 13 14 1 20 19 10 11 0 6 7 5
3128
5 2 8 4 15 3 10 19 20 1 14 13 12 17 9 16 18 0 11 6 7
3009
20 2 8 4 15 0 3 5 7 6 11 10 18 16 19 9 17 12 13 14 1
3119
1 20 19 10 11 6 7 5 4 8 2 15 0 3 18 16 9 17 12 13 14
3119
18 16 9 17 12 13 14 1 20 19 10 3 11 15 4 8 2 5 7 6 0
3000
0 18 16 9 17 12 13 14 1 20 19 10 3 2 8 4 15 5 7 6 11
3009
13 1 14 20 16 18 3 0 15 4 8 2 5 7 6 11 10 19 9 17 12
3239
1 14 13 12 17 9 16 18 10 11 2 8 4 15 5 7 6 0 3 19 20
3086
17 12 13 14 1 20 2 8 4 15 3 5 7 6 11 0 18 16 10 19 9
3091
11 6 7 5 15 4 8 2 3 10 19 20 1 14 13 12 17 9 16 18 0
3009
13 12 17 9 19 10 3 15 4 8 2 5 7 6 11 0 18 16 20 14 1
3169
15 5 7 6 0 3 18 16 9 17 12 13 14 1 20 19 10 11 4 8 2
3121
4 15 5 7 6 3 10 19 20 1 14 13 12 17 9 16 18 11 0 2 8
3069
16 9 17 12 13 14 1 20 19 10 3 11 6 7 5 15 4 8 2 0 18
2998
6 7 5 15 4 8 2 11 10 18 16 9 17 12 13 14 1 20 19 3 0
3086
14 13 12 17 9 16 18 3 0 6 7 5 15 4 8 2 11 10 19 20 1
3081
15 11 10 18 16 9 17 12 13 14 1 20 19 3 0 6 7 5 4 8 2
3126
11 6 7 5 2 8 4 15 0 3 18 16 9 17 12 13 14 1 20 19 10
3079
5 4 8 2 15 11 3 10 19 20 1 14 13 12 17 9 16 18 0 6 7
3040
12 17 9 16 18 0 6 7 5 2 8 4 15 11 3 10 19 20 1 14 13
3000
20 1 14 13 12 17 9 19 16 18 10 3 11 0 6 7 5 15 4 8 2
2898
17 12 13 14 1 20 19 10 3 4 8 2 15 5 7 6 11 0 18 16 9
3049
4 8 2 15 5 7 6 3 10 19 20 1 14 13 12 17 9 16 18 0 11
3049
18 16 9 17 12 13 14 1 20 19 10 3 6 7 5 2 8 4 15 11 0
3009
17 12 13 14 1 20 19 10 3 6 7 5 2 8 4 15 0 11 18 16 9
3069
2 8 4 15 10 19 20 1 14 13 12 17 9 16 18 3 11 0 6 7 5
3100
20 1 14 13 12 17 9 16 18 11 0 15 2 8 4 5 7 6 3 10 19
3109
2 8 4 15 0 11 18 16 9 17 12 13 14 1 20 19 10 3 6 7 5
3069
8 4 15 5 7 6 0 3 18 16 9 17 12 13 14 1 20 19 10 11 2
3081
14 1 20 2 8 4 15 5 7 6 11 3 10 19 0 18 16 9 17 12 13
2948
20 1 14 13 12 17 9 19 16 18 0 2 8 4 15 5 7 6 11 3 10
3193
10 18 16 9 17 12 13 14 1 20 19 3 2 8 4 15 5 7 6 0 11
3093
18 16 9 17 12 13 14 1 20 19 10 3 2 8 4 15 5 7 6 11 0
3009
7 5 2 8 4 15 0 11 10 18 16 9 17 12 13 14 1 20 19 3 6
3091
5 7 6 0 11 10 19 20 1 14 13 12 17 9 16 18 3 15 4 8 2
3088
18 16 9 17 12 13 14 1 20 19 10 3 11 15 2 8 4 5 7 6 0
3040
4 5 7 6 11 0 18 16 9 17 12 13 14 1 20 19 10 3 15 2 8
3049
12 17 9 16 18 10 0 11 6 7 5 15 2 8 4 3 19 20 1 14 13
3136
19 20 1 14 13 12 17 9 16 18 10 2 8 4 15 5 7 6 0 11 3
3065
20 1 14 13 12 17 9 19 10 11 0 6 7 5 4 8 2 15 3 18 16
3258
20 19 10 3 6 7 5 2 8 4 15 11 0 18 16 9 17 12 13 14 1
3009
14 13 12 17 9 19 10 11 4 8 2 15 5 7 6 0 3 18 16 20 1
3251
18 0 2 8 4 15 5 7 6 11 3 10 19 20 1 14 13 12 17 9 16
2998
2 5 7 6 3 10 19 20 1 14 13 12 17 9 16 18 0 11 15 4 8
3009
9 16 18 0 11 4 8 2 15 5 7 6 3 19 10 20 1 14 13 12 17
3216
0 18 16 9 17 12 13 14 1 20 19 10 3 2 8 4 15 5 7 6 11
3009
4 8 2 5 7 6 11 3 10 19 20 1 14 13 12 17 9 16 18 0 15
2998
5 7 6 11 0 18 16 9 17 12 13 14 1 20 19 10 3 2 8 4 15
3009
18 16 9 17 12 13 14 1 20 19 10 3 11 15 4 8 2 5 7 6 0
3000
2 8 4 15 5 7 6 0 18 16 9 17 12 13 14 1 20 19 10 3 11
3000
1 14 13 12 17 9 19 10 3 0 11 2 8 4 15 5 7 6 18 16 20
3202
8 2 5 7 6 3 0 18 16 9 17 12 13 14 1 20 19 10 11 15 4
3059
17 12 13 14 1 20 16 18 10 11 6 7 5 15 4 8 2 0 3 19 9
3214
15 2 8 4 5 7 6 3 19 20 1 14 13 12 17 9 16 18 10 11 0
3131
1 20 19 10 3 6 7 5 15 4 8 2 11 0 18 16 9 17 12 13 14
3009
12 13 14 1 20 19 10 3 11 6 7 5 15 4 8 2 0 18 16 9 17
2998
8 4 15 5 7 6 0 3 19 18 16 9 17 12 13 14 1 20 10 11 2
3206
16 9 17 12 13 14 1 20 2 8 4 15 5 7 6 3 10 19 11 0 18
2949
4 8 2 0 3 18 16 9 17 12 13 14 1 20 19 10 11 6 7 5 15
3079
17 9 16 18 0 6 7 5 2 8 4 15 11 3 10 19 20 1 14 13 12
3000
1 20 2 8 4 15 5 7 6 11 0 3 10 18 16 19 9 17 12 13 14
2900
9 16 18 0 2 8 4 15 5 7 6 11 3 10 19 20 1 14 13 12 17
2998
8 2 15 3 10 19 20 1 14 13 12 17 9 16 18 0 11 6 7 5 4
3049
0 18 16 9 17 12 13 14 1 20 19 10 11 3 6 7 5 15 4 8 2
3055
1 14 13 12 17 9 16 18 0 11 4 8 2 15 5 7 6 3 19 10 20
3216
20 4 8 2 15 5 7 6 11 0 3 10 18 16 19 9 17 12 13 14 1
3180
17 12 13 14 1 20 19 10 3 0 6 7 5 2 8 4 15 11 18 16 9
3064
19 20 1 14 13 12 17 9 16 18 15 2 8 4 5 7 6 0 11 3 10
3108
16 18 0 6 7 5 2 8 4 15 11 3 10 19 20 1 14 13 12 17 9
3000
2 5 7 6 11 3 10 19 20 1 14 13 12 17 9 16 18 0 15 4 8
2998
15 5 7 6 0 3 19 18 16 9 17 12 13 14 1 20 10 11 4 8 2
3246
11 6 7 5 15 2 8 4 0 18 16 9 17 12 13 14 1 20 19 10 3
3043
11 0 18 16 9 17 12 13 14 1 20 19 10 3 6 7 5 4 8 2 15
3049
4 8 2 0 18 16 9 17 12 13 14 1 20 19 10 3 11 6 7 5 15
2998
17 9 19 16 18 10 3 0 11 6 7 5 15 4 8 2 20 1 14 13 12
2900
2 0 11 10 18 16 9 17 12 13 14 1 20 19 3 6 7 5 15 4 8
3091
10 11 0 6 7 5 2 8 4 15 3 18 16 9 17 12 13 14 1 20 19
3088
9 17 12 13 14 1 20 19 3 0 11 6 7 5 15 4 8 2 10 18 16
3067
9 19 16 18 10 3 11 0 6 7 5 15 4 8 2 20 1 14 13 12 17
2898
19 3 0 4 8 2 15 5 7 6 11 10 20 1 14 13 12 17 9 16 18
3249
13 12 17 9 19 3 0 6 7 5 15 2 8 4 11 10 18 16 20 14 1
3286
1 14 13 12 17 9 19 10 3 11 6 7 5 4 8 2 15 0 18 16 20
3168
19 18 16 9 17 12 13 14 1 20 10 3 0 11 15 4 8 2 5 7 6
3202
14 13 12 17 9 16 18 11 0 2 8 4 15 5 7 6 3 10 19 20 1
3069
1 14 13 12 17 9 16 18 10 11 0 3 6 7 5 15 4 8 2 19 20
2997
5 7 6 3 10 19 11 0 18 16 9 17 12 13 14 1 20 2 8 4 15
2949
16 18 0 11 2 8 4 15 5 7 6 3 10 19 20 1 14 13 12 17 9
3009
19 3 6 7 5 4 8 2 15 0 11 10 18 16 9 17 12 13 14 1 20
3131
7 6 3 11 10 19 20 1 14 13 12 17 9 16 18 0 2 8 4 15 5
3055
20 4 8 2 15 5 7 6 11 0 3 10 18 16 19 9 17 12 13 14 1
3180
12 13 14 1 20 10 11 15 4 8 2 5 7 6 0 3 18 16 19 9 17
3276
7 5 15 4 8 2 20 1 14 13 12 17 9 16 18 0 11 19 10 3 6
2949
13 12 17 9 16 18 10 3 0 11 6 7 4 8 2 15 5 19 20 14 1
3179
4 15 10 18 16 9 17 12 13 14 1 20 19 3 0 11 6 7 5 2 8
3107
10 3 11 6 7 5 15 4 8 2 0 18 16 9 17 12 13 14 1 20 19
2998
19 3 0 15 2 8 4 5 7 6 11 10 20 1 14 13 12 17 9 16 18
3244
1 14 13 12 17 9 16 18 0 2 8 4 15 5 7 6 11 3 10 19 20
2998
18 0 2 8 4 15 5 7 6 11 3 10 19 20 1 14 13 12 17 9 16
2998
7 5 15 4 8 2 0 18 16 9 17 12 13 14 1 20 19 10 3 11 6
2998
18 16 9 17 12 13 14 1 20 19 10 3 6 7 5 2 8 4 15 11 0
3009
15 11 0 18 16 9 17 12 13 14 1 20 19 10 3 6 7 5 2 8 4
3009
19 10 11 0 6 7 5 2 8 4 15 3 18 16 9 17 12 13 14 1 20
3088
19 10 3 6 7 5 4 8 2 15 11 0 18 16 17 9 12 13 14 1 20
3194
0 18 16 9 17 12 13 14 1 20 19 10 3 11 6 7 5 15 2 8 4
3043
16 9 17 12 13 14 1 20 19 10 3 6 7 5 15 4 8 2 11 0 18
3009
16 9 17 12 13 14 1 20 19 10 3 11 6 7 5 2 8 4 15 0 18
2998
14 13 12 17 9 16 18 0 15 4 8 2 5 7 6 11 3 10 19 20 1
2998
18 16 9 17 12 13 14 1 20 19 10 3 15 4 8 2 5 7 6 11 0
3009
8 2 5 7 6 0 18 16 9 17 12 13 14 1 20 19 10 3 11 15 4
3000
1 14 13 12 17 9 16 18 10 3 0 11 6 7 15 4 8 2 5 19 20
3104
11 3 10 19 20 1 14 13 12 17 9 16 18 0 2 8 4 15 5 7 6
2998
7 5 15 2 8 4 11 0 18 16 9 17 12 13 14 1 20 19 10 3 6
3049
13 12 17 9 19 16 18 15 2 8 4 5 7 6 0 11 3 10 20 14 1
3333
10 3 11 6 7 5 15 2 8 4 0 18 16 9 17 12 13 14 1 20 19
3043
0 11 18 16 9 17 12 13 14 1 20 19 10 3 6 7 5 4 8 2 15
3109
4 5 7 6 0 3 10 19 20 1 14 13 12 17 9 16 18 11 15 2 8
3104
3 18 16 9 17 12 13 14 1 20 19 10 11 0 15 4 8 2 5 7 6
3086
7 5 15 4 8 2 3 10 19 20 1 14 13 12 17 9 16 18 0 11 6
3009
2 5 7 6 0 3 19 20 1 14 13 12 17 9 16 18 10 11 15 4 8
3086
9 19 16 18 10 3 0 11 6 7 5 15 4 8 2 1 20 14 13 12 17
2784
8 4 15 0 3 19 18 16 9 17 12 13 14 1 20 10 11 6 7 5 2
3204
13 1 14 20 19 10 3 6 7 5 2 8 4 15 11 0 18 16 9 17 12
3039
17 9 16 18 0 11 6 7 5 15 4 8 2 3 10 19 20 1 14 13 12
3009
2 8 4 15 5 7 6 0 11 3 10 18 16 9 17 12 13 14 20 19 1
2877
6 0 11 10 19 20 1 14 13 12 17 9 16 18 3 15 4 8 2 5 7
3088
15 10 19 20 1 14 13 12 17 9 16 18 3 11 0 6 7 5 2 8 4
3100
0 15 4 8 2 5 7 6 11 3 10 19 20 1 14 13 12 17 9 16 18
2998
13 12 17 9 19 16 18 3 6 7 5 15 2 8 4 0 11 10 20 14 1
3356
5 7 6 0 18 16 9 17 12 13 14 1 20 19 10 3 11 4 8 2 15
3040
0 18 16 9 17 12 13 14 1 20 19 10 3 11 6 7 5 2 8 4 15
2998
16 9 17 12 13 14 1 20 19 10 3 6 7 5 2 8 4 15 11 0 18
3009
17 9 19 10 3 16 18 11 0 6 7 5 15 4 8 2 20 1 14 13 12
3046
13 12 17 9 16 18 0 6 7 5 2 8 4 15 11 3 10 19 20 14 1
3030
16 9 17 12 13 14 1 20 19 10 3 11 15 4 8 2 5 7 6 0 18
3000
6 3 10 19 20 1 14 13 12 17 9 16 18 0 11 2 8 4 15 5 7
3009
6 3 10 19 20 1 14 13 12 17 9 16 18 0 11 15 4 8 2 5 7
3009
2 8 4 15 11 3 10 19 20 1 14 13 12 17 9 16 18 0 6 7 5
3000
7 5 2 8 4 15 3 10 19 20 1 14 13 12 17 9 16 18 0 11 6
3009
13 1 14 20 19 10 3 6 7 5 15 2 8 4 11 0 18 16 9 17 12
3079
20 1 14 13 12 17 9 19 16 18 10 11 0 3 6 7 5 4 8 2 15
3252
17 12 13 14 1 20 19 3 6 7 5 15 4 8 2 0 11 10 18 16 9
3091
5 4 8 2 15 0 3 19 18 16 9 17 12 13 14 1 20 10 11 6 7
3244
16 18 0 11 2 8 4 15 5 7 6 3 10 19 20 1 14 13 12 17 9
3009
7 5 2 8 4 15 11 0 18 16 9 17 12 13 14 1 20 19 10 3 6
3009
11 10 19 20 1 14 13 12 17 9 16 18 3 0 6 7 5 4 8 2 15
3121
4 11 0 18 16 9 17 12 13 14 1 20 19 10 3 6 7 5 15 2 8
3049
20 1 14 13 12 17 9 19 10 11 0 15 2 8 4 5 7 6 3 18 16
3256
11 3 10 19 20 1 14 13 12 17 9 16 18 0 2 8 4 15 5 7 6
2998
4 15 0 3 18 16 9 17 12 13 14 1 20 19 10 11 6 7 5 2 8
3079
13 1 14 20 19 6 7 5 2 8 4 15 11 0 3 10 18 16 9 17 12
3112
8 4 3 10 19 20 1 14 13 12 17 9 16 18 11 0 6 7 5 15 2
3111
1 20 19 10 3 11 2 8 4 15 5 7 6 0 18 16 9 17 12 13 14
3000
19 3 0 6 7 5 15 2 8 4 11 10 20 1 14 13 12 17 9 16 18
3246
2 1 13 12 14 20 19 17 9 16 18 10 3 11 0 6 7 5 15 4 8
2987
4 8 2 11 3 10 19 20 1 14 13 12 17 9 16 18 0 6 7 5 15
3000
3 0 6 7 5 4 8 2 15 11 18 16 9 17 12 13 14 1 20 19 10
3104
8 4 15 11 3 10 19 20 1 14 13 12 17 9 16 18 0 6 7 5 2
3000
9 16 18 0 6 7 5 15 4 8 2 11 3 10 19 20 1 14 13 12 17
3000
14 13 12 17 9 16 18 0 11 6 7 5 2 8 4 15 3 10 19 20 1
3009
10 11 6 7 5 15 2 8 4 0 3 19 18 16 9 17 12 13 14 1 20
3249
20 1 14 13 12 17 9 16 18 11 6 7 5 2 8 4 15 0 3 10 19
3062
18 16 9 17 12 13 14 1 20 19 10 3 11 4 8 2 15 5 7 6 0
3040
14 1 20 19 10 3 11 6 7 5 2 8 4 15 0 18 16 9 17 12 13
2998
17 9 16 18 6 7 5 2 8 4 15 11 0 3 10 19 20 1 14 13 12
3072
6 0 18 16 9 17 12 13 14 1 20 19 10 3 11 15 4 8 2 5 7
3000
14 13 12 17 9 16 18 10 0 11 2 8 4 15 5 7 6 3 19 20 1
3096
0 18 16 9 17 12 13 14 1 20 19 10 3 6 7 5 4 8 2 15 11
3049
5 7 6 11 0 18 16 9 17 12 13 14 1 20 19 10 3 15 2 8 4
3049
4 15 5 7 6 11 3 10 19 20 1 14 13 12 17 9 16 18 0 2 8
2998
4 15 0 18 16 9 17 12 13 14 1 20 19 10 3 11 6 7 5 2 8
2998
17 12 13 14 1 20 2 8 4 15 5 7 6 11 3 10 19 0 18 16 9
2948
4 5 7 6 11 0 18 16 9 17 12 13 14 1 20 19 10 3 15 2 8
3049
13 1 14 20 19 5 2 8 4 15 7 6 0 11 3 10 18 16 9 17 12
3132
20 1 14 13 12 17 9 16 18 0 11 4 8 2 15 5 7 6 3 19 10
3216
1 14 13 12 17 9 16 18 10 3 0 11 6 7 5 15 4 8 2 19 20
2940
16 18 0 2 8 4 15 5 7 6 11 3 10 19 20 1 14 13 12 17 9
2998
6 7 5 15 4 8 2 3 19 20 1 14 13 12 17 9 16 18 10 11 0
3093
15 5 7 6 3 10 19 20 1 14 13 12 17 9 16 18 0 11 2 8 4
3009
0 18 16 9 17 12 13 14 1 20 19 10 3 6 7 5 2 8 4 15 11
3009
18 16 9 17 12 13 14 1 20 19 10 3 11 4 8 2 15 5 7 6 0
3040
16 9 17 12 13 14 1 20 19 10 3 15 4 8 2 5 7 6 11 0 18
3009
0 11 6 7 5 15 4 8 2 3 10 19 20 1 14 13 12 17 9 16 18
3009
18 0 11 15 4 8 2 5 7 6 3 10 19 20 1 14 13 12 17 9 16
3009
17 9 19 10 11 15 2 8 4 5 7 6 0 3 18 16 20 1 14 13 12
3251
3 10 19 20 1 14 13 12 17 9 16 18 0 11 15 4 8 2 5 7 6
3009
7 5 15 4 8 2 3 18 16 9 17 12 13 14 1 20 19 10 11 0 6
3088
4 8 2 5 7 6 0 3 19 20 1 14 13 12 17 9 16 18 10 11 15
3086
2 0 11 18 16 9 17 12 13 14 1 20 19 10 3 6 7 5 15 4 8
3069
10 3 6 7 5 15 4 8 2 11 0 18 16 9 17 12 13 14 1 20 19
3009
8 2 5 7 6 11 0 18 16 9 17 12 13 14 1 20 19 10 3 15 4
3009
1 14 13 12 17 9 16 18 0 15 2 8 4 5 7 6 11 3 10 19 20
3038
5 15 2 8 4 11 0 18 16 9 17 12 13 14 1 20 19 10 3 6 7
3049
3 15 4 8 2 5 7 6 11 0 18 16 9 17 12 13 14 1 20 19 10
3009
14 1 20 2 8 4 15 5 7 6 11 0 3 10 18 16 19 9 17 12 13
2900
6 3 10 19 20 1 14 13 12 17 9 16 18 0 11 15 4 8 2 5 7
3009
16 18 0 6 7 5 2 8 4 15 11 3 10 19 20 1 14 13 12 17 9
3000
16 18 0 15 2 8 4 5 7 6 11 3 10 19 20 1 14 13 12 17 9
3038
20 1 2 8 4 15 5 7 6 11 0 3 10 16 18 19 9 17 12 13 14
2784
18 16 9 17 12 13 14 1 20 19 10 3 11 15 2 8 4 5 7 6 0
3040
12 13 14 1 20 16 18 0 11 6 7 5 15 4 8 2 3 10 19 9 17
3139
12 13 14 1 20 16 18 0 11 15 4 8 2 5 7 6 3 10 19 9 17
3139
4 8 2 20 1 14 13 12 9 17 16 18 19 3 10 11 0 6 7 5 15
3071
17 12 13 14 1 20 19 10 3 11 6 7 5 15 4 8 2 0 18 16 9
2998
7 5 15 4 8 2 3 10 19 20 1 14 13 12 17 9 16 18 0 11 6
3009
5 15 2 8 4 11 18 16 9 17 12 13 14 1 20 19 10 3 0 6 7
3104
5 15 4 8 2 3 19 20 1 14 13 12 17 9 16 18 10 11 0 6 7
3093
14 1 20 19 3 15 4 8 2 5 7 6 0 11 10 18 16 9 17 12 13
3093
16 18 0 11 6 7 5 2 8 4 15 3 10 19 20 1 14 13 12 17 9
3009
19 18 16 17 9 12 13 14 1 20 2 8 4 15 5 7 6 11 0 3 10
2970
3 6 7 5 2 8 4 15 0 11 10 19 20 1 14 13 12 17 9 16 18
3086
0 3 18 16 9 17 12 13 14 1 20 19 10 11 15 4 8 2 5 7 6
3081
2 1 13 12 14 20 17 9 16 18 19 10 3 11 0 6 7 5 15 4 8
2912
10 3 0 6 7 5 15 2 8 4 11 18 16 9 17 12 13 14 1 20 19
3104
19 10 3 4 8 2 15 5 7 6 11 0 18 16 9 17 12 13 14 1 20
3049
8 2 11 18 16 9 17 12 13 14 1 20 19 10 3 0 6 7 5 15 4
3064
3 0 4 8 2 15 5 7 6 11 18 16 9 17 12 13 14 1 20 19 10
3107
18 16 9 17 12 13 14 1 20 19 10 3 11 2 8 4 15 5 7 6 0
3000
6 7 5 2 8 4 15 11 0 18 16 9 17 12 13 14 1 20 19 10 3
3009
12 17 9 16 18 10 0 11 2 8 4 15 5 7 6 3 19 20 1 14 13
3096
4 15 5 7 6 0 11 3 18 16 9 17 12 13 14 1 20 19 10 2 8
3060
12 17 9 16 18 0 6 7 5 15 2 8 4 11 3 10 19 20 1 14 13
3040
6 11 10 19 0 3 18 16 9 17 12 13 14 1 20 2 8 4 15 5 7
3029
13 12 17 9 16 18 0 11 15 2 8 4 5 7 6 3 10 19 20 14 1
3079
5 7 6 0 11 10 3 19 18 16 17 9 12 13 14 1 20 2 8 4 15
3071
11 0 18 16 9 17 12 13 14 1 20 2 8 4 15 5 7 6 3 10 19
2949
4 15 5 7 6 11 3 10 19 20 1 14 13 12 17 9 16 18 0 2 8
2998
18 16 9 17 12 13 14 1 20 19 10 3 11 15 4 8 2 5 7 6 0
3000
10 20 1 14 13 12 17 9 16 18 19 3 0 6 7 5 2 8 4 15 11
3206
15 5 7 6 0 3 19 20 1 14 13 12 17 9 16 18 10 11 2 8 4
3086
11 15 2 8 4 5 7 6 3 10 19 20 1 14 13 12 17 9 16 18 0
3049
19 10 11 6 7 5 2 8 4 15 3 0 18 16 9 17 12 13 14 1 20
3059
12 13 14 1 20 3 6 7 5 4 8 2 15 11 0 18 16 10 19 9 17
3291
6 11 10 19 0 3 18 16 9 17 12 13 14 1 20 2 8 4 15 5 7
3029
12 13 14 1 20 19 0 6 7 5 4 8 2 15 11 3 10 18 16 9 17
3135
6 7 5 15 4 8 2 20 1 14 13 12 17 9 16 18 0 19 10 3 11
2948
17 12 13 14 1 20 19 3 0 15 4 8 2 5 7 6 11 10 18 16 9
3084
5 7 6 11 3 10 19 20 1 14 13 12 17 9 16 18 0 2 8 4 15
2998
15 3 19 18 16 9 17 12 13 14 1 20 10 11 0 6 7 5 2 8 4
3213
6 11 18 16 9 17 12 13 14 1 20 19 10 3 0 4 8 2 15 5 7
3107
10 19 20 1 14 13 12 17 9 16 18 11 0 15 4 8 2 5 7 6 3
3069
20 1 14 13 12 17 9 16 18 0 6 7 5 2 8 4 15 11 3 10 19
3000
10 3 6 7 5 15 2 8 4 11 0 18 16 9 17 12 13 14 1 20 19
3049
7 5 15 2 8 4 3 10 19 20 1 14 13 12 17 9 16 18 0 11 6
3049
9 19 18 16 10 3 0 11 6 7 5 15 4 8 2 20 1 14 13 12 17
2900
17 9 16 18 10 3 0 11 6 7 5 15 4 8 2 1 20 19 14 13 12
2879
5 7 6 3 10 19 20 1 14 13 12 17 9 16 18 0 11 2 8 4 15
3009
8 2 15 11 0 18 16 9 17 12 13 14 1 20 19 10 3 6 7 5 4
3049
10 3 11 15 4 8 2 5 7 6 0 18 16 9 17 12 13 14 1 20 19
3000
10 3 6 7 5 15 4 8 2 11 0 18 16 9 17 12 13 14 1 20 19
3009
20 1 14 13 12 17 9 16 18 11 15 4 8 2 5 7 6 0 3 10 19
3064
13 14 20 1 2 8 4 15 5 7 6 11 0 3 10 18 16 19 9 17 12
2784
15 5 7 6 11 10 18 16 9 17 12 13 14 1 20 19 3 0 4 8 2
3129
10 19 20 1 14 13 12 17 9 16 18 3 0 6 7 5 2 8 4 15 11
3081
9 16 18 19 10 11 0 6 7 5 4 8 2 15 3 20 1 14 13 12 17
3253
2 1 20 14 13 12 17 9 19 16 18 10 3 11 0 6 7 5 15 4 8
2782
11 6 7 5 15 2 8 4 3 10 19 20 1 14 13 12 17 9 16 18 0
3049
3 10 19 20 1 14 13 12 17 9 16 18 0 15 4 8 2 5 7 6 11
2998
11 15 4 8 2 5 7 6 0 18 16 9 17 12 13 14 1 20 19 10 3
3000
0 18 16 9 17 12 13 14 1 20 19 10 3 6 7 5 4 8 2 15 11
3049
17 9 19 3 10 16 18 0 11 6 7 5 15 4 8 2 20 1 14 13 12
2964
20 1 14 13 12 17 9 19 16 18 10 11 0 3 6 7 5 2 8 4 15
3212
4 15 5 7 6 3 10 19 11 0 18 16 9 17 12 13 14 1 20 2 8
2949
3 10 19 20 1 14 13 12 17 9 16 18 0 11 6 7 5 15 4 8 2
3009
3 10 19 20 1 14 13 12 17 9 16 18 0 4 8 2 15 5 7 6 11
3043
0 6 7 5 15 4 8 2 11 10 19 20 1 14 13 12 17 9 16 18 3
3081
0 6 7 5 4 8 2 15 11 3 10 19 20 1 14 13 12 17 9 16 18
3040
8 4 5 7 6 0 18 16 9 17 12 13 14 1 20 19 10 3 11 15 2
3040
11 15 2 8 4 5 7 6 3 10 19 20 1 14 13 12 17 9 16 18 0
3049
3 10 19 20 1 14 13 12 17 9 16 18 0 11 6 7 5 2 8 4 15
3009
14 13 12 17 9 19 16 18 10 3 0 11 6 7 5 15 4 8 2 20 1
2900
19 10 3 0 11 6 7 5 15 4 8 2 20 1 14 13 12 17 9 16 18
2825
11 6 7 5 15 2 8 4 0 3 18 16 9 17 12 13 14 1 20 19 10
3124
14 13 12 17 9 19 3 0 15 2 8 4 5 7 6 11 10 18 16 20 1
3254
0 18 16 9 17 12 13 14 1 20 19 10 3 15 4 8 2 5 7 6 11
3009
2 11 18 16 9 17 12 13 14 1 20 19 10 3 0 6 7 5 15 4 8
3064
8 4 5 7 6 0 11 10 18 16 9 17 12 13 14 1 20 19 3 15 2
3133
3 10 19 20 1 14 13 12 17 9 16 18 0 6 7 5 15 4 8 2 11
3000
7 5 2 8 4 15 3 10 19 20 1 14 13 12 17 9 16 18 0 11 6
3009
18 16 9 17 12 13 14 1 20 19 10 3 11 6 7 5 15 2 8 4 0
3043
18 16 9 17 12 13 14 1 20 19 10 3 11 6 7 5 15 4 8 2 0
2998
10 19 20 1 14 13 12 17 9 16 18 0 11 6 7 5 15 2 8 4 3
3049
6 3 10 19 20 1 14 13 12 17 9 16 18 0 11 15 4 8 2 5 7
3009
11 10 20 1 14 13 12 17 9 16 18 19 3 6 7 5 2 8 4 15 0
3211
14 1 20 19 3 0 15 4 8 2 5 7 6 11 10 18 16 9 17 12 13
3084
2 20 1 14 13 12 17 9 16 18 0 11 19 10 3 6 7 5 15 4 8
2949
9 17 12 13 14 1 20 19 10 3 11 2 8 4 15 5 7 6 0 18 16
3000
18 16 9 17 12 13 14 1 20 19 10 3 11 15 4 8 2 5 7 6 0
3000
19 10 3 11 0 15 2 8 4 5 7 6 18 16 9 17 12 13 14 1 20
3108
18 0 6 7 5 15 4 8 2 11 3 10 19 20 1 14 13 12 17 9 16
3000
11 0 18 16 9 17 12 13 14 1 20 19 10 3 6 7 5 15 4 8 2
3009
8 4 15 0 18 16 9 17 12 13 14 1 20 19 10 3 11 6 7 5 2
2998
7 5 2 8 4 15 3 19 20 1 14 13 12 17 9 16 18 10 11 0 6
3093
15 4 8 2 5 7 6 3 10 19 20 1 14 13 12 17 9 16 18 0 11
3009
9 17 12 13 14 20 1 2 8 4 15 5 7 6 11 0 3 10 16 18 19
2784
2 11 0 18 16 9 17 12 13 14 1 20 19 10 3 6 7 5 15 4 8
3009
0 15 2 8 4 5 7 6 3 18 16 9 17 12 13 14 1 20 19 10 11
3126
16 18 0 11 6 7 5 15 4 8 2 3 10 19 20 1 14 13 12 17 9
3009
9 17 12 13 14 1 20 19 10 3 11 2 8 4 15 5 7 6 0 18 16
3000
4 8 2 15 5 7 6 3 18 16 9 17 12 13 14 1 20 19 10 11 0
3131
20 19 10 3 11 6 7 5 2 8 4 15 0 18 16 9 17 12 13 14 1
2998
4 5 7 6 0 11 3 10 19 20 1 14 13 12 17 9 16 18 15 2 8
3108
12 17 9 19 10 3 15 4 8 2 5 7 6 0 11 18 16 20 1 14 13
3201
19 3 6 7 5 15 4 8 2 20 1 14 13 12 17 9 16 18 0 11 10
2946
15 4 8 2 5 7 6 3 10 19 20 1 14 13 12 17 9 16 18 0 11
3009
10 3 2 8 4 15 5 7 6 11 0 18 16 9 17 12 13 14 1 20 19
3009
5 7 6 0 11 10 19 20 1 14 13 12 17 9 16 18 3 2 8 4 15
3088
3 6 7 5 2 8 4 15 0 11 10 19 20 1 14 13 12 17 9 16 18
3086
1 20 2 8 4 15 5 7 6 18 16 0 11 3 10 19 9 17 12 13 14
3033
20 19 10 11 0 6 7 5 15 2 8 4 3 18 16 9 17 12 13 14 1
3128
0 4 8 2 15 5 7 6 11 10 18 16 9 17 12 13 14 1 20 19 3
3129
13 1 14 20 16 18 11 0 6 7 5 15 2 8 4 3 10 19 9 17 12
3271
16 18 0 6 7 5 2 8 4 15 11 3 10 19 20 1 14 13 12 17 9
3000
19 20 1 14 13 12 17 9 16 18 3 4 8 2 15 5 7 6 0 11 10
3128
18 16 9 17 12 13 14 1 20 19 10 3 6 7 5 15 4 8 2 11 0
3009
17 12 13 14 1 20 19 6 7 5 15 4 8 2 0 11 3 10 18 16 9
3078
7 6 0 18 16 9 17 12 13 14 1 20 19 10 3 11 2 8 4 15 5
3000
3 0 6 7 5 2 8 4 15 11 18 16 9 17 12 13 14 1 20 19 10
3064
3 10 19 11 0 18 16 9 17 12 13 14 1 20 2 8 4 15 5 7 6
2949
5 7 6 3 10 19 20 1 14 13 12 17 9 16 18 0 11 15 4 8 2
3009
19 10 3 6 7 5 4 8 2 15 11 0 18 16 9 17 12 13 14 1 20
3049
3 10 19 20 1 14 13 12 17 9 16 18 0 11 2 8 4 15 5 7 6
3009
0 6 7 5 2 8 4 15 3 10 19 20 1 14 13 12 17 9 16 18 11
3071
13 12 17 9 16 18 0 19 10 3 11 6 7 5 15 4 8 2 14 20 1
2977
17 12 13 14 1 20 19 10 3 11 6 7 5 2 8 4 15 0 18 16 9
2998
17 9 16 18 0 15 4 8 2 5 7 6 11 3 10 19 20 1 14 13 12
2998
17 9 16 18 5 2 8 4 15 7 6 0 11 3 10 19 20 1 14 13 12
3087
3 19 20 1 14 13 12 17 9 16 18 10 11 0 15 2 8 4 5 7 6
3131
19 10 11 3 15 4 8 2 5 7 6 0 18 16 9 17 12 13 14 1 20
3057
2 0 11 18 16 9 17 12 13 14 1 20 19 10 3 6 7 5 15 4 8
3069
7 5 15 2 8 4 3 10 19 20 1 14 13 12 17 9 16 18 0 11 6
3049
17 12 13 14 1 20 2 8 4 15 5 7 6 11 3 10 19 0 18 16 9
2948
20 1 14 13 12 17 9 16 18 0 11 6 7 5 15 4 8 2 3 10 19
3009
0 3 10 19 20 1 14 13 12 17 9 16 18 11 4 8 2 15 5 7 6
3104
6 7 5 2 8 4 15 0 11 10 18 16 9 17 12 13 14 1 20 19 3
3091
7 6 0 3 19 20 1 14 13 12 17 9 16 18 10 11 15 4 8 2 5
3086
14 13 12 17 9 16 18 6 7 5 2 8 4 15 11 0 3 10 19 20 1
3072
1 20 2 8 4 15 5 7 6 3 10 19 11 0 18 16 9 17 12 13 14
2949
10 19 20 1 14 13 12 17 9 16 18 0 11 15 4 8 2 5 7 6 3
3009
0 18 16 9 17 12 13 14 1 20 19 10 3 11 6 7 5 15 4 8 2
2998
20 1 14 13 12 17 9 16 18 0 15 2 8 4 5 7 6 11 3 10 19
3038
7 5 2 8 4 15 0 11 18 16 9 17 12 13 14 1 20 19 10 3 6
3069
2 8 4 15 11 3 10 19 20 1 14 13 12 17 9 16 18 0 6 7 5
3000
7 5 15 4 8 2 20 1 14 13 12 17 9 16 18 0 11 19 10 3 6
2949
7 5 15 2 8 4 11 0 18 16 9 17 12 13 14 1 20 19 10 3 6
3049
15 5 7 6 3 18 16 9 17 12 13 14 1 20 19 10 11 0 2 8 4
3086
1 20 16 18 0 11 6 7 5 15 4 8 2 3 10 19 9 17 12 13 14
3139
9 17 12 13 14 1 20 2 8 4 15 5 7 6 0 11 3 10 18 16 19
2898
8 2 5 7 6 3 19 20 1 14 13 12 17 9 16 18 10 11 0 15 4
3091
0 18 16 9 17 12 13 14 1 20 19 10 3 6 7 5 15 2 8 4 11
3049
5 7 6 0 11 18 16 9 17 12 13 14 1 20 19 10 3 4 8 2 15
3111
11 3 10 19 20 1 14 13 12 17 9 16 18 0 6 7 5 15 4 8 2
3000
17 9 16 18 19 10 11 0 6 7 5 15 2 8 4 3 20 1 14 13 12
3253
10 19 20 1 14 13 12 17 9 16 18 0 2 8 4 15 5 7 6 11 3
2998
15 2 8 4 3 10 19 20 1 14 13 12 17 9 16 18 11 0 6 7 5
3111
20 1 14 13 12 17 9 16 18 6 7 5 2 8 4 15 11 0 3 10 19
3072
0 18 16 9 17 12 13 14 1 20 2 8 4 15 5 7 6 11 3 10 19
2948
16 18 0 11 6 7 5 15 4 8 2 3 10 19 20 1 14 13 12 17 9
3009
16 18 0 15 4 8 2 5 7 6 11 3 10 19 20 1 14 13 12 17 9
2998
9 19 10 11 6 7 5 4 8 2 15 0 3 18 16 20 1 14 13 12 17
3249
7 6 0 18 16 9 17 12 13 14 1 20 19 10 3 11 4 8 2 15 5
3040
0 18 16 9 17 12 13 14 1 20 19 10 3 11 6 7 5 15 4 8 2
2998
1 20 19 10 11 6 7 5 2 8 4 15 0 3 18 16 9 17 12 13 14
3079
15 4 8 2 5 7 6 11 3 10 19 20 1 14 13 12 17 9 16 18 0
2998
15 5 7 6 11 18 16 9 17 12 13 14 1 20 19 10 3 0 4 8 2
3107
5 2 8 4 15 11 0 18 16 9 17 12 13 14 1 20 19 10 3 6 7
3009
9 17 12 13 14 1 20 19 10 3 11 6 7 5 2 8 4 15 0 18 16
2998
15 2 8 4 3 18 16 9 17 12 13 14 1 20 19 10 11 0 6 7 5
3128
8 2 15 11 0 18 16 9 17 12 13 14 1 20 19 10 3 6 7 5 4
3049
6 7 5 15 2 8 4 3 10 19 20 1 14 13 12 17 9 16 18 0 11
3049
9 16 18 0 15 4 8 2 5 7 6 11 3 10 19 20 1 14 13 12 17
2998
9 19 16 18 0 2 8 4 15 5 7 6 11 3 10 20 1 14 13 12 17
3193
9 16 18 10 11 15 4 8 2 5 7 6 0 3 19 20 1 14 13 12 17
3086
14 13 12 17 9 19 10 3 0 16 18 11 6 7 5 15 4 8 2 20 1
3027
14 13 12 17 9 16 18 10 3 11 0 6 7 5 15 4 8 2 19 20 1
2938
5 7 6 0 18 16 9 17 12 13 14 1 20 19 10 3 11 2 8 4 15
3000
13 1 14 20 19 10 3 11 15 4 8 2 5 7 6 0 18 16 9 17 12
3030
5 15 4 8 2 3 10 19 20 1 14 13 12 17 9 16 18 0 11 6 7
3009
7 6 3 19 18 16 9 17 12 13 14 1 20 10 11 0 4 8 2 15 5
3256
0 3 19 20 1 14 13 12 17 9 16 18 10 11 2 8 4 15 5 7 6
3086
0 11 15 4 8 2 5 7 6 3 10 19 20 1 14 13 12 17 9 16 18
3009
14 1 20 19 10 3 11 6 7 5 2 8 4 15 0 18 16 9 17 12 13
2998
1 20 19 10 3 11 6 7 5 4 8 2 15 0 18 16 9 17 12 13 14
3038
17 12 13 14 1 20 16 18 6 7 5 15 4 8 2 11 0 3 10 19 9
3202
4 15 0 3 10 19 20 1 14 13 12 17 9 16 18 11 6 7 5 2 8
3062
17 12 13 14 1 20 19 3 15 4 8 2 5 7 6 0 11 10 18 16 9
3093
4 8 2 15 3 10 19 20 1 14 13 12 17 9 16 18 11 0 6 7 5
3111
20 1 2 8 4 15 5 7 6 0 11 3 10 18 16 9 17 12 13 14 19
2877
14 1 20 2 8 4 15 3 5 7 6 11 0 18 16 10 19 9 17 12 13
3091
11 0 18 16 9 17 12 13 14 1 20 19 10 3 6 7 5 15 4 8 2
3009
20 16 18 3 0 15 2 8 4 5 7 6 11 10 19 9 17 12 13 14 1
3249
9 17 12 13 14 20 1 2 8 4 15 5 7 6 0 11 3 10 18 16 19
2782
16 9 17 12 13 14 1 20 19 10 3 11 6 7 5 15 4 8 2 0 18
2998
18 0 2 8 4 15 5 7 6 11 3 10 19 20 1 14 13 12 17 9 16
2998
17 12 13 14 1 20 19 3 0 6 7 5 2 8 4 15 11 10 18 16 9
3086
1 14 13 12 17 9 16 18 0 11 15 2 8 4 5 7 6 3 19 10 20
3216
3 2 8 4 15 5 7 6 11 0 18 16 9 17 12 13 14 1 20 19 10
3009
14 13 12 17 9 16 18 0 6 7 5 2 8 4 15 11 3 10 19 20 1
3000
12 17 9 19 16 18 10 11 0 3 6 7 5 2 8 4 15 20 1 14 13
3212
3 10 19 20 1 14 13 12 17 9 16 18 11 6 7 5 15 2 8 4 0
3107
3 2 8 4 15 5 7 6 0 11 10 18 16 9 17 12 13 14 1 20 19
3093
2 1 14 20 13 12 17 9 16 18 19 10 3 0 11 6 7 5 15 4 8
2760
8 4 3 18 16 9 17 12 13 14 1 20 19 10 11 0 6 7 5 15 2
3128
15 3 18 16 9 17 12 13 14 1 20 19 10 11 0 6 7 5 4 8 2
3128
9 17 12 13 14 1 20 19 10 3 11 6 7 5 2 8 4 15 0 18 16
2998
18 16 9 17 12 13 14 1 20 19 10 3 11 6 7 5 15 4 8 2 0
2998
6 0 18 16 9 17 12 13 14 1 20 19 10 11 3 15 4 8 2 5 7
3057
9 19 10 3 0 11 15 4 8 2 5 7 6 18 16 20 1 14 13 12 17
3202
13 12 17 9 16 18 0 6 7 5 15 2 8 4 11 3 10 19 20 14 1
3070
3 10 19 20 1 14 13 12 17 9 16 18 0 11 15 2 8 4 5 7 6
3049
8 4 15 0 3 10 19 20 1 14 13 12 17 9 16 18 11 6 7 5 2
3062
1 14 13 12 17 9 19 10 11 0 15 2 8 4 5 7 6 3 18 16 20
3256
20 2 8 4 15 5 7 6 11 3 10 0 18 16 19 9 17 12 13 14 1
2968
11 3 10 19 20 1 14 13 12 17 9 16 18 0 15 4 8 2 5 7 6
2998
19 10 11 15 2 8 4 5 7 6 0 3 18 16 9 17 12 13 14 1 20
3121
13 12 17 9 19 3 4 8 2 15 5 7 6 11 0 18 16 10 20 14 1
3321
4 8 2 5 7 6 11 3 10 19 20 1 14 13 12 17 9 16 18 0 15
2998
15 5 7 6 11 0 18 16 9 17 12 13 14 1 20 19 10 3 4 8 2
3049
20 19 10 3 4 8 2 15 5 7 6 11 0 18 16 9 17 12 13 14 1
3049
20 19 10 3 11 4 8 2 15 5 7 6 0 18 16 9 17 12 13 14 1
3040
12 13 14 1 20 15 2 8 4 5 7 6 0 11 3 10 18 16 19 9 17
3193
0 15 4 8 2 5 7 6 11 3 10 19 20 1 14 13 12 17 9 16 18
2998
5 7 6 11 18 16 9 17 12 13 14 1 20 19 10 3 0 4 8 2 15
3107
8 4 5 7 6 11 18 16 9 17 12 13 14 1 20 19 10 3 0 15 2
3102
6 11 3 10 19 0 18 16 9 17 12 13 14 1 20 2 8 4 15 5 7
2948
8 4 3 10 19 20 1 14 13 12 17 9 16 18 0 11 6 7 5 15 2
3049
1 14 13 12 17 9 19 10 3 11 6 7 5 2 8 4 15 0 18 16 20
3128
5 7 6 3 18 16 9 17 12 13 14 1 20 19 10 11 0 15 4 8 2
3086
5 2 8 4 15 11 0 18 16 9 17 12 13 14 1 20 19 10 3 6 7
3009
20 2 8 4 15 5 7 6 11 3 10 19 0 18 16 9 17 12 13 14 1
2948
8 2 20 1 14 13 12 17 9 16 18 0 19 10 3 11 6 7 5 15 4
2948
0 6 7 5 2 8 4 15 3 19 20 1 14 13 12 17 9 16 18 10 11
3093
17 12 13 14 1 20 2 8 4 15 5 7 6 11 0 18 16 10 3 19 9
2964
9 19 10 3 11 15 2 8 4 5 7 6 0 18 16 20 1 14 13 12 17
3170
5 2 8 4 15 0 18 16 9 17 12 13 14 1 20 19 10 3 11 6 7
2998
15 10 19 20 1 14 13 12 17 9 16 18 3 11 0 6 7 5 2 8 4
3100
9 16 18 10 3 0 11 6 7 5 15 4 8 2 19 20 1 14 13 12 17
2940
9 17 12 13 14 1 20 19 10 3 11 0 15 2 8 4 5 7 6 18 16
3108
9 17 12 13 14 1 20 19 10 3 6 7 5 2 8 4 15 0 11 18 16
3069
1 20 16 18 10 11 0 6 7 5 4 8 2 15 3 19 9 17 12 13 14
3263
4 15 3 18 16 9 17 12 13 14 1 20 19 10 11 0 6 7 5 2 8
3088
18 16 9 17 12 13 14 1 20 2 8 4 15 5 7 6 11 3 10 19 0
2948
20 19 10 3 11 6 7 5 15 4 8 2 0 18 16 9 17 12 13 14 1
2998
13 12 17 9 19 16 18 0 6 7 5 10 3 11 15 4 8 2 14 20 1
3184
9 19 10 3 0 11 15 2 8 4 5 7 6 18 16 20 1 14 13 12 17
3242
6 7 5 2 8 4 15 11 0 18 16 9 17 12 13 14 1 20 19 10 3
3009
6 7 5 2 8 4 15 3 10 19 20 1 14 13 12 17 9 16 18 0 11
3009
15 5 7 6 0 11 18 16 9 17 12 13 14 1 20 19 10 3 4 8 2
3111
15 4 8 2 5 7 6 3 10 19 20 1 14 13 12 17 9 16 18 0 11
3009
9 19 10 11 6 7 5 2 8 4 15 0 3 18 16 20 1 14 13 12 17
3209
5 15 4 8 2 3 10 19 20 1 14 13 12 17 9 16 18 0 11 6 7
3009
11 3 10 19 20 1 14 13 12 17 9 16 18 0 6 7 5 15 4 8 2
3000
17 9 16 18 3 2 8 4 15 5 7 6 0 11 10 19 20 1 14 13 12
3088
8 2 5 7 6 3 18 16 9 17 12 13 14 1 20 19 10 11 0 15 4
3086
3 15 4 8 2 5 7 6 0 11 18 16 9 17 12 13 14 1 20 19 10
3071
11 6 7 5 2 8 4 15 3 10 19 20 1 14 13 12 17 9 16 18 0
3009
10 11 15 2 8 4 5 7 6 0 3 18 16 9 17 12 13 14 1 20 19
3121
8 4 15 5 7 6 0 18 16 9 17 12 13 14 1 20 19 10 3 11 2
3000
15 4 8 2 5 7 6 0 11 10 18 16 9 17 12 13 14 1 20 19 3
3093
13 1 14 20 19 3 0 6 7 5 4 8 2 15 11 10 18 16 9 17 12
3156
17 9 16 18 10 11 6 7 5 2 8 4 15 0 3 19 20 1 14 13 12
3084
20 1 14 13 12 17 9 16 18 10 3 0 11 15 4 8 2 5 7 6 19
3082
12 13 14 1 20 10 11 6 7 5 2 8 4 15 0 3 18 16 19 9 17
3274
11 0 18 16 9 17 12 13 14 1 20 19 10 3 6 7 5 2 8 4 15
3009
6 11 3 10 19 20 1 14 13 12 17 9 16 18 0 4 8 2 15 5 7
3043
19 10 3 11 6 7 5 15 2 8 4 0 18 16 9 17 12 13 14 1 20
3043
17 12 13 14 1 20 19 10 3 11 6 7 5 15 2 8 4 0 18 16 9
3043
18 16 9 17 12 13 14 1 20 19 10 3 2 8 4 15 5 7 6 11 0
3009
10 19 20 1 14 13 12 17 9 16 18 11 0 6 7 5 15 2 8 4 3
3111
18 0 2 8 4 15 5 7 6 11 3 10 19 20 1 14 13 12 17 9 16
2998
11 0 6 7 5 15 4 8 2 3 19 20 1 14 13 12 17 9 16 18 10
3093
11 6 7 5 2 8 4 15 3 10 19 20 1 14 13 12 17 9 16 18 0
3009
7 6 3 10 19 20 1 14 13 12 17 9 16 18 11 0 15 4 8 2 5
3069
15 4 8 2 5 7 6 0 11 3 10 19 20 1 14 13 12 17 9 16 18
3068
5 7 6 3 10 19 20 1 14 13 12 17 9 16 18 0 11 15 4 8 2
3009
15 4 8 2 19 20 1 14 13 12 17 9 16 18 10 11 0 3 6 7 5
2997
13 1 14 20 16 18 0 11 6 7 5 4 8 2 15 3 10 19 9 17 12
3209
18 0 11 2 8 4 15 5 7 6 3 10 19 20 1 14 13 12 17 9 16
3009
3 10 19 20 1 14 13 12 17 9 16 18 0 6 7 5 15 2 8 4 11
3040
3 19 18 16 9 17 12 13 14 1 20 10 11 0 6 7 5 2 8 4 15
3213
8 4 5 7 6 3 10 19 20 1 14 13 12 17 9 16 18 0 11 15 2
3049
19 20 1 14 13 12 17 9 16 18 3 0 2 8 4 15 5 7 6 11 10
3079
6 11 3 10 19 20 1 14 13 12 17 9 16 18 0 2 8 4 15 5 7
2998
1 14 13 12 17 9 16 18 10 3 0 11 2 8 4 15 5 7 6 19 20
3082
11 6 7 5 15 2 8 4 0 3 19 20 1 14 13 12 17 9 16 18 10
3129
9 16 18 0 11 6 7 5 15 4 8 2 3 10 19 20 1 14 13 12 17
3009
13 12 17 9 16 18 10 3 11 0 6 7 5 15 4 8 2 19 20 14 1
2968
7 6 3 11 10 19 20 1 14 13 12 17 9 16 18 0 2 8 4 15 5
3055
4 8 2 15 5 7 6 11 0 18 16 9 17 12 13 14 1 20 19 10 3
3049
20 1 2 8 4 15 5 7 6 0 11 3 10 16 18 19 9 17 12 13 14
2782
19 3 6 7 5 2 8 4 15 0 11 10 20 1 14 13 12 17 9 16 18
3211
12 13 14 1 20 19 0 15 4 8 2 5 7 6 11 3 10 18 16 9 17
3093
14 13 12 17 9 16 18 0 11 6 7 5 15 2 8 4 3 19 10 20 1
3216
6 0 18 16 9 17 12 13 14 1 20 19 10 3 11 4 8 2 15 5 7
3040
14 13 12 17 9 16 18 10 2 8 4 15 5 7 6 11 0 3 19 20 1
3067
16 18 0 11 6 7 5 2 8 4 15 3 10 19 20 1 14 13 12 17 9
3009
7 5 4 8 2 15 0 18 16 9 17 12 13 14 1 20 19 10 3 11 6
3038
0 18 16 9 17 12 13 14 1 20 19 10 3 11 15 4 8 2 5 7 6
3000
3 18 16 9 17 12 13 14 1 20 2 8 4 15 5 7 6 0 11 10 19
2968
7 5 15 4 8 2 3 10 19 20 1 14 13 12 17 9 16 18 0 11 6
3009
6 11 3 10 19 20 1 14 13 12 17 9 16 18 0 2 8 4 15 5 7
2998
15 10 18 16 9 17 12 13 14 1 20 19 3 0 11 6 7 5 4 8 2
3147
11 0 18 16 9 17 12 13 14 1 20 19 10 3 2 8 4 15 5 7 6
3009
7 5 15 4 8 2 3 10 19 20 1 14 13 12 17 9 16 18 0 11 6
3009
18 0 11 2 8 4 15 5 7 6 3 10 19 20 1 14 13 12 17 9 16
3009
2 8 4 15 11 3 10 19 20 1 14 13 12 17 9 16 18 0 6 7 5
3000
14 1 20 19 6 7 5 2 8 4 15 0 11 3 10 18 16 9 17 12 13
3078
18 16 9 17 12 13 14 1 20 19 10 3 11 2 8 4 15 5 7 6 0
3000
12 17 9 16 18 0 11 6 7 5 2 8 4 15 3 10 19 20 1 14 13
3009
10 19 20 1 14 13 12 17 9 16 18 0 15 4 8 2 5 7 6 11 3
2998
7 6 3 10 19 11 0 18 16 9 17 12 13 14 1 20 2 8 4 15 5
2949
17 9 16 18 11 0 6 7 5 2 8 4 15 3 10 19 20 1 14 13 12
3071
15 0 3 19 18 16 9 17 12 13 14 1 20 10 11 6 7 5 4 8 2
3244
4 15 11 0 18 16 9 17 12 13 14 1 20 19 10 3 6 7 5 2 8
3009
4 8 2 20 1 14 13 12 17 9 19 16 18 10 3 0 11 6 7 5 15
2900
0 18 16 9 17 12 13 14 1 20 19 10 3 4 8 2 15 5 7 6 11
3049
17 12 13 14 1 20 19 6 7 5 2 8 4 15 11 0 3 10 18 16 9
3082
6 11 0 18 16 9 17 12 13 14 1 20 19 10 3 15 2 8 4 5 7
3049
4 8 2 3 10 19 20 1 14 13 12 17 9 16 18 0 11 6 7 5 15
3009
6 0 18 16 9 17 12 13 14 1 20 19 10 11 3 15 4 8 2 5 7
3057
7 5 15 4 8 2 3 10 19 20 1 14 13 12 17 9 16 18 0 11 6
3009
10 3 4 8 2 15 5 7 6 11 0 18 16 9 17 12 13 14 1 20 19
3049
12 13 14 1 20 3 0 2 8 4 15 5 7 6 11 10 16 18 19 9 17
3279
4 5 7 6 0 11 18 16 9 17 12 13 14 1 20 19 10 3 15 2 8
3111
18 0 11 6 7 5 2 8 4 15 3 10 19 20 1 14 13 12 17 9 16
3009
18 16 9 17 12 13 14 1 20 19 10 3 6 7 5 15 4 8 2 11 0
3009
6 7 5 4 8 2 15 0 18 16 9 17 12 13 14 1 20 19 10 3 11
3038
20 19 10 3 0 6 7 5 15 2 8 4 11 18 16 9 17 12 13 14 1
3104
11 3 10 19 20 1 14 13 12 17 9 16 18 0 6 7 5 2 8 4 15
3000
3 6 7 5 2 8 4 15 11 10 19 20 1 14 13 12 17 9 16 18 0
3059
11 0 18 16 9 17 12 13 14 1 20 19 10 3 15 4 8 2 5 7 6
3009
10 19 20 1 14 13 12 17 9 16 18 3 6 7 5 2 8 4 15 0 11
3086
5 7 6 0 3 19 20 1 14 13 12 17 9 16 18 10 11 4 8 2 15
3126
20 1 14 13 12 17 9 16 18 11 6 7 5 2 8 4 15 0 3 10 19
3062
0 11 6 7 5 2 8 4 15 3 10 19 20 1 14 13 12 17 9 16 18
3009
2 5 7 6 3 18 16 9 17 12 13 14 1 20 19 10 11 0 15 4 8
3086
9 16 18 10 3 11 0 6 7 5 15 4 8 2 1 20 19 14 13 12 17
2877
18 16 9 17 12 13 14 1 20 19 10 3 15 4 8 2 5 7 6 11 0
3009
19 20 1 14 13 12 17 9 16 18 3 0 6 7 5 2 8 4 15 11 10
3081
15 2 8 4 5 7 6 0 11 18 16 9 17 12 13 14 1 20 19 10 3
3111
8 2 0 11 10 19 20 1 14 13 12 17 9 16 18 3 6 7 5 15 4
3086
17 12 13 14 1 20 10 3 11 6 7 5 15 2 8 4 0 18 16 19 9
3238
17 12 13 14 1 20 19 10 3 0 6 7 5 15 4 8 2 11 18 16 9
3064
3 19 20 1 14 13 12 17 9 16 18 10 11 15 4 8 2 5 7 6 0
3086
1 14 13 12 17 9 16 18 0 6 7 5 2 8 4 15 11 3 10 19 20
3000
10 3 2 8 4 15 5 7 6 11 0 18 16 9 17 12 13 14 1 20 19
3009
7 6 11 0 18 16 9 17 12 13 14 1 20 19 10 3 2 8 4 15 5
3009
16 18 0 15 4 8 2 5 7 6 11 3 10 19 20 1 14 13 12 17 9
2998
15 11 0 18 16 9 17 12 13 14 1 20 19 10 3 6 7 5 2 8 4
3009
18 16 9 17 12 13 14 1 20 19 10 3 6 7 5 2 8 4 15 11 0
3009
19 10 3 0 11 6 7 5 2 8 4 15 18 16 9 17 12 13 14 1 20
3070
13 1 14 20 10 3 11 0 6 7 5 15 2 8 4 18 16 19 9 17 12
3338
6 0 11 10 18 16 9 17 12 13 14 1 20 19 3 2 8 4 15 5 7
3093
18 16 9 17 12 13 14 1 20 19 10 3 11 15 4 8 2 5 7 6 0
3000
4 8 2 15 11 10 19 20 1 14 13 12 17 9 16 18 3 0 6 7 5
3121
3 11 2 8 4 15 5 7 6 0 18 16 9 17 12 13 14 1 20 19 10
3000
4 15 5 7 6 11 18 16 9 17 12 13 14 1 20 19 10 3 0 2 8
3062
17 9 16 18 0 11 15 4 8 2 5 7 6 3 10 19 20 1 14 13 12
3009
3 18 16 9 17 12 13 14 1 20 19 10 11 0 2 8 4 15 5 7 6
3086
10 19 20 1 14 13 12 17 9 16 18 3 2 8 4 15 5 7 6 0 11
3088
1 2 8 4 15 5 7 6 0 11 3 10 16 18 19 9 17 12 13 14 20
2782
7 6 3 18 16 9 17 12 13 14 1 20 19 10 11 0 15 2 8 4 5
3126
3 18 16 9 17 12 13 14 1 20 19 10 11 15 4 8 2 5 7 6 0
3081
11 0 18 16 9 17 12 13 14 1 20 19 10 3 15 4 8 2 5 7 6
3009
0 6 7 5 15 4 8 2 20 1 14 13 12 17 9 16 18 3 19 10 11
2968
12 13 14 1 20 4 8 2 15 5 7 6 11 0 3 10 16 18 19 17 9
3320
5 2 8 4 15 0 11 10 19 20 1 14 13 12 17 9 16 18 3 6 7
3086
1 14 13 12 17 9 16 18 0 11 15 4 8 2 5 7 6 3 10 19 20
3009
10 3 4 8 2 15 5 7 6 11 0 18 16 9 17 12 13 14 1 20 19
3049
20 3 4 8 2 15 5 7 6 0 11 10 19 18 16 9 17 12 13 14 1
3253
12 13 14 1 20 19 6 7 5 15 4 8 2 0 11 3 10 18 16 9 17
3078
9 17 12 13 14 1 20 19 10 3 11 15 4 8 2 5 7 6 0 18 16
3000
1 14 13 12 17 9 19 10 3 2 8 4 15 5 7 6 11 0 18 16 20
3139
11 0 15 4 8 2 5 7 6 3 18 16 9 17 12 13 14 1 20 19 10
3086
8 2 15 5 7 6 3 10 19 20 1 14 13 12 17 9 16 18 11 0 4
3114
1 20 19 3 0 15 4 8 2 5 7 6 11 10 18 16 9 17 12 13 14
3084
14 13 12 17 9 19 10 11 15 2 8 4 5 7 6 0 3 18 16 20 1
3251
20 16 18 3 0 6 7 5 2 8 4 15 11 10 19 9 17 12 13 14 1
3211
18 0 11 4 8 2 15 5 7 6 3 10 19 20 1 14 13 12 17 9 16
3049
18 16 9 17 12 13 14 1 20 19 10 3 6 7 5 15 4 8 2 11 0
3009
20 19 3 15 4 8 2 5 7 6 0 11 10 18 16 9 17 12 13 14 1
3093
1 14 13 12 17 9 16 18 10 3 0 11 6 7 2 8 4 15 5 19 20
3109
6 7 5 2 8 4 15 0 18 16 9 17 12 13 14 1 20 19 10 3 11
2998
5 7 6 0 11 10 3 19 18 16 17 9 12 13 14 1 20 2 8 4 15
3071
15 4 8 2 5 7 6 3 10 19 20 1 14 13 12 17 9 16 18 0 11
3009
