10 15 6 5 0 3 11 23 4 9 16 13 22 8 12 19 1 14 18 21 17 20 7 2
1450
20 6 15 0 3 11 5 23 7 10 2 17 21 18 14 1 19 12 8 22 13 16 9 4
1399
0 3 11 23 4 9 22 8 12 13 19 1 14 18 16 21 17 2 10 20 7 6 5 15
1359
16 13 22 8 12 19 1 14 18 21 17 2 10 7 23 5 11 3 0 15 6 20 4 9
1399
0 3 11 23 5 7 4 9 13 22 8 12 19 1 14 18 21 17 16 20 2 10 6 15
1391
22 11 3 0 15 5 23 4 7 6 2 10 20 16 17 21 18 14 1 19 9 13 12 8
1376
13 9 4 23 5 11 3 0 15 6 10 2 7 20 16 21 17 18 14 1 19 22 8 12
1401
1 19 13 12 8 22 4 23 5 3 11 0 15 6 2 10 7 20 9 16 21 17 18 14
1367
7 6 15 0 3 11 5 23 4 9 16 13 22 12 8 19 1 14 18 21 17 2 10 20
1416
1 19 13 12 8 22 4 23 11 3 0 15 5 7 6 10 2 20 9 16 17 21 18 14
1359
2 10 15 0 3 11 6 5 23 4 9 16 17 21 18 14 1 19 13 12 8 22 20 7
1371
5 6 7 20 10 2 17 21 18 14 1 19 12 8 22 13 16 9 4 23 11 3 0 15
1376
23 4 9 22 8 12 13 19 1 14 18 16 21 17 2 10 20 7 6 15 0 11 3 5
1376
4 9 22 8 12 13 19 1 14 18 17 21 16 20 7 6 2 10 15 0 11 3 5 23
1361
0 3 11 5 23 4 9 16 13 22 8 12 19 1 14 18 21 17 2 10 20 7 6 15
1384
21 17 18 14 1 19 13 12 8 22 4 7 2 10 6 15 0 3 11 5 23 20 9 16
1374
18 17 21 16 9 20 7 6 2 10 15 0 11 3 5 23 4 22 8 12 13 19 1 14
1340
2 6 5 23 4 9 16 13 22 8 12 19 1 14 18 21 17 20 7 11 3 0 15 10
1419
23 5 11 3 0 15 6 7 20 10 2 17 21 18 14 1 19 12 8 22 13 16 9 4
1384
13 9 16 19 1 14 18 21 17 2 10 20 7 6 5 15 0 11 3 23 4 22 8 12
1380
20 10 2 6 5 15 0 3 11 23 7 4 9 22 8 12 13 19 1 14 18 21 17 16
1389
14 1 19 13 12 8 22 4 23 5 11 3 0 15 6 10 2 7 20 9 16 21 17 18
1358
2 10 15 0 3 11 6 5 23 4 9 16 13 22 8 12 19 1 14 18 21 17 20 7
1419
16 21 17 18 14 1 19 13 12 8 22 11 3 0 15 5 23 4 6 2 10 7 20 9
1346
3 0 15 5 6 7 20 10 2 17 21 18 14 1 19 12 8 22 13 16 9 4 23 11
1376
23 4 9 16 13 12 8 22 19 1 14 18 21 17 2 10 20 7 6 5 15 0 3 11
1405
4 23 5 11 3 0 15 6 7 20 10 2 17 21 18 14 1 19 12 8 22 13 16 9
1384
8 12 13 9 19 1 14 18 17 21 16 20 7 6 2 10 15 0 5 23 4 11 3 22
1392
19 1 14 18 17 21 16 9 20 7 10 2 6 15 5 0 3 11 23 4 22 8 12 13
1394
2 10 15 0 3 11 7 20 17 21 18 14 1 19 12 8 22 13 16 9 4 23 5 6
1419
0 15 6 10 2 7 20 16 21 17 18 14 1 19 12 8 22 13 9 4 23 5 11 3
1372
14 18 17 21 16 9 20 7 2 10 6 15 0 11 3 5 23 4 22 8 12 13 19 1
1367
22 8 12 13 9 16 19 1 14 18 21 17 2 10 20 7 6 5 15 0 11 3 23 4
1380
12 13 9 4 23 11 3 0 15 5 7 6 2 10 20 16 17 21 18 14 1 19 22 8
1402
22 8 12 13 9 19 1 14 18 21 17 16 20 10 2 6 7 5 15 0 3 11 23 4
1406
9 16 13 22 8 12 19 1 14 18 21 17 2 10 20 7 6 15 0 3 11 5 23 4
1384
16 20 10 2 6 15 0 11 3 5 23 7 4 9 13 22 8 12 19 1 14 18 21 17
1399
17 16 9 20 7 6 2 10 15 0 3 11 5 23 4 22 8 12 13 19 1 14 18 21
1331
12 13 9 16 19 1 14 18 21 17 2 10 20 6 7 4 23 5 15 0 3 11 22 8
1363
11 0 15 6 2 10 20 16 17 21 18 14 1 19 12 8 22 13 9 4 7 5 23 3
1399
3 11 0 15 10 2 6 7 20 16 21 17 18 14 1 19 13 12 8 22 9 4 23 5
1361
10 15 6 5 0 3 11 23 4 9 16 13 22 8 12 19 1 14 18 21 17 20 7 2
1450
4 23 5 11 3 0 15 6 7 20 10 2 17 21 18 14 1 19 12 8 22 13 16 9
1384
1 14 18 21 17 10 2 16 9 20 7 6 15 5 0 3 11 23 4 22 8 12 13 19
1416
0 15 6 20 4 9 16 13 22 8 12 19 1 14 18 21 17 2 10 7 5 23 11 3
1400
1 19 13 12 8 22 4 23 11 3 0 15 5 7 6 10 2 20 9 16 17 21 18 14
1359
4 9 13 22 8 12 19 1 14 18 17 21 16 20 10 2 6 15 0 11 3 5 23 7
1399
5 6 7 20 10 2 17 21 18 14 1 19 8 12 22 13 16 9 4 23 3 11 0 15
1416
1 19 13 12 8 22 4 7 5 15 0 3 11 2 10 6 23 20 9 16 21 17 18 14
1415
22 8 12 13 9 16 19 1 14 18 21 17 2 10 20 7 6 5 15 0 11 3 23 4
1380
5 15 0 11 3 23 4 9 16 13 22 8 12 19 1 14 18 21 17 2 10 20 7 6
1384
8 22 3 11 4 23 5 0 15 10 2 6 7 20 16 21 17 18 14 1 19 9 13 12
1392
12 13 9 16 19 1 14 18 21 17 2 10 20 7 6 15 0 3 11 5 23 4 22 8
1380
3 0 15 5 6 7 20 10 2 17 21 18 14 1 19 12 8 22 13 16 9 4 23 11
1376
0 3 11 23 4 9 16 13 22 8 12 19 1 14 18 21 17 2 10 20 7 6 5 15
1376
9 4 23 5 11 3 0 15 6 7 20 10 2 17 21 16 18 14 1 19 13 12 8 22
1367
20 6 15 0 11 3 5 23 7 4 9 16 13 22 8 12 19 1 14 18 21 17 2 10
1423
1 14 18 21 17 16 9 20 2 10 6 11 3 0 15 5 23 7 4 22 8 12 13 19
1381
13 12 8 22 4 7 23 11 3 0 15 5 6 20 10 2 17 21 18 14 1 19 16 9
1402
23 5 11 3 0 15 6 7 20 10 2 16 17 21 18 14 1 19 13 12 8 22 9 4
1379
6 7 20 10 2 17 21 18 14 1 19 22 8 12 13 16 9 4 23 5 11 3 0 15
1413
6 2 10 15 0 11 3 5 23 4 9 22 8 12 13 19 1 14 18 17 21 16 20 7
1361
9 16 17 21 18 14 1 19 13 12 8 22 4 23 11 3 0 15 5 7 6 10 2 20
1359
10 7 20 13 22 8 12 19 1 14 18 21 17 16 9 4 23 5 3 11 0 15 6 2
1403
4 9 13 22 8 12 19 1 14 18 21 17 16 2 10 20 7 6 15 0 3 11 5 23
1372
21 17 18 14 1 19 13 12 8 22 4 23 11 3 0 15 5 7 6 10 2 20 9 16
1359
8 22 3 11 6 15 0 5 7 23 4 20 10 2 17 21 18 14 1 19 16 9 13 12
1391
8 12 13 9 4 23 11 3 0 15 5 7 6 10 2 20 16 17 21 18 14 1 19 22
1402
4 9 16 13 22 8 12 19 1 14 18 21 17 2 10 20 7 6 15 0 3 11 5 23
1384
3 11 0 15 10 2 6 20 16 21 17 18 14 1 19 13 12 8 22 9 4 7 5 23
1391
6 7 20 10 2 17 21 16 18 14 1 19 13 12 8 22 9 4 23 5 11 3 0 15
1367
23 4 9 16 13 22 8 12 19 1 14 18 21 17 2 10 20 7 6 15 0 3 11 5
1384
10 15 0 3 11 5 6 23 4 9 13 22 8 12 19 1 14 18 17 21 16 20 7 2
1365
1 19 13 12 8 22 4 23 5 15 0 3 11 6 2 10 7 20 9 16 21 17 18 14
1363
7 6 15 0 11 3 5 23 4 9 13 22 8 12 19 1 14 18 16 21 17 2 10 20
1369
2 6 5 23 4 9 13 22 8 12 19 1 14 18 17 21 16 20 7 11 3 0 15 10
1369
18 14 1 19 13 12 8 22 4 23 5 3 11 0 15 2 10 6 7 20 9 16 21 17
1375
20 6 15 0 3 11 5 7 23 4 9 16 13 22 8 12 19 1 14 18 21 17 2 10
1415
17 21 16 9 20 23 5 11 3 0 15 10 2 6 7 4 22 8 12 13 19 1 14 18
1347
22 8 12 13 9 16 19 1 14 18 21 17 2 10 20 7 6 15 0 3 11 5 23 4
1380
8 12 13 9 19 1 14 18 21 17 16 20 2 10 6 7 5 15 0 3 11 23 4 22
1406
2 6 7 20 16 17 21 18 14 1 19 13 12 8 22 9 4 23 5 3 11 0 15 10
1361
8 22 11 3 0 15 5 23 4 7 6 20 10 2 17 21 18 14 1 19 16 9 13 12
1363
12 8 22 4 23 11 3 0 15 5 6 7 20 10 2 16 17 21 18 14 1 19 9 13
1397
16 9 20 2 10 6 7 5 15 0 3 11 23 4 22 8 12 13 19 1 14 18 21 17
1359
6 5 15 0 3 11 23 4 9 22 8 12 13 19 1 14 18 21 17 10 2 16 20 7
1393
20 6 2 10 15 0 3 11 5 7 23 4 9 22 8 12 13 19 1 14 18 17 21 16
1383
16 21 17 18 14 1 19 12 8 22 13 9 4 23 7 5 11 3 0 15 6 10 2 20
1391
7 20 16 17 21 18 14 1 19 13 12 8 22 9 4 23 11 3 0 15 5 6 10 2
1371
10 15 0 3 11 6 5 23 4 9 16 21 17 18 14 1 19 13 12 8 22 20 7 2
1371
17 21 18 14 1 19 13 12 8 22 4 23 5 11 3 0 15 6 2 10 7 20 9 16
1358
16 20 7 10 2 6 5 15 0 11 3 23 4 9 22 8 12 13 19 1 14 18 17 21
1379
19 1 14 18 17 21 16 9 20 7 10 2 6 15 0 5 11 3 23 4 22 8 12 13
1402
0 3 11 23 4 9 16 13 22 8 12 19 1 14 18 21 17 2 10 20 7 6 5 15
1376
11 3 23 5 7 4 9 16 13 22 8 12 19 1 14 18 21 17 2 10 20 6 15 0
1423
19 1 14 18 17 21 16 9 20 7 10 2 6 15 0 5 11 3 23 4 22 8 12 13
1402
6 15 0 3 11 5 23 4 9 13 22 8 12 19 1 14 18 21 17 16 20 7 10 2
1372
10 2 6 15 0 3 11 5 23 4 9 16 13 22 8 12 19 1 14 18 21 17 20 7
1422
12 8 22 4 23 3 11 0 15 5 6 7 20 10 2 17 21 18 14 1 19 16 9 13
1380
22 4 23 3 11 0 15 5 6 7 20 10 2 17 21 18 14 1 19 16 9 13 12 8
1380
2 7 20 17 21 18 14 1 19 12 8 22 13 16 9 4 23 11 3 0 5 6 15 10
1450
19 1 14 18 17 21 16 9 20 7 2 10 6 15 5 0 3 11 23 4 22 8 12 13
1394
3 23 5 7 4 9 22 8 12 13 19 1 14 18 21 17 16 20 6 2 10 15 0 11
1391
4 7 23 5 3 11 0 15 6 20 10 2 17 21 18 14 1 19 12 8 22 13 16 9
1423
16 21 17 18 14 1 19 13 12 8 22 4 23 5 3 11 0 15 10 2 6 7 20 9
1340
19 1 14 18 17 21 16 9 20 7 2 10 6 15 0 3 11 5 23 4 22 8 12 13
1358
20 7 4 9 16 13 22 12 8 19 1 14 18 21 17 2 10 23 5 11 3 0 15 6
1463
18 14 1 19 13 12 8 22 4 23 11 3 0 15 5 7 6 2 10 20 9 16 21 17
1359
1 19 13 12 8 22 4 23 5 11 3 0 15 6 2 10 7 20 9 16 21 17 18 14
1358
0 15 5 6 7 20 10 2 17 21 18 14 1 19 12 8 22 13 16 9 4 23 11 3
1376
7 20 16 21 17 18 14 1 19 12 8 22 13 9 4 23 5 11 3 0 15 6 10 2
1372
1 14 18 21 17 16 9 20 10 2 6 15 0 11 3 5 7 23 4 22 8 12 13 19
1386
14 18 21 17 10 2 16 9 20 7 6 11 3 0 15 5 23 4 22 8 12 13 19 1
1385
0 3 11 5 23 4 9 22 8 12 13 19 1 14 18 21 17 16 2 10 20 7 6 15
1379
11 3 23 4 9 22 8 12 13 19 1 14 18 21 17 16 2 10 20 7 6 5 15 0
1379
3 11 23 4 9 13 22 8 12 19 1 14 18 16 21 17 2 10 20 7 6 5 15 0
1352
3 11 0 15 5 6 7 20 10 2 17 21 18 14 1 19 12 8 22 13 16 9 4 23
1384
21 17 16 9 20 7 6 2 10 15 0 3 11 5 23 4 22 8 12 13 19 1 14 18
1331
5 11 3 0 15 6 7 20 16 2 10 17 21 18 14 1 19 12 8 22 13 9 4 23
1394
20 10 2 6 5 15 0 11 3 23 7 4 9 13 22 12 8 19 1 14 18 21 17 16
1422
22 4 23 11 3 0 15 5 6 7 20 10 2 17 21 18 14 1 19 16 9 13 12 8
1372
7 20 16 21 17 18 14 1 19 13 12 8 22 9 4 23 5 11 3 0 15 6 2 10
1379
1 14 18 17 21 16 9 20 2 10 6 7 15 0 11 3 5 23 4 22 8 12 13 19
1387
11 3 0 15 6 10 2 20 22 8 12 13 19 1 14 18 17 21 16 9 4 7 5 23
1393
4 9 16 13 12 8 22 19 1 14 18 21 17 2 10 20 6 15 0 3 11 5 23 7
1443
12 8 22 4 23 5 3 11 0 15 6 7 20 10 2 17 21 16 18 14 1 19 9 13
1402
4 9 22 8 12 13 19 1 14 18 17 21 16 2 10 20 7 6 15 0 3 11 5 23
1379
6 2 10 7 20 16 17 21 18 14 1 19 13 12 8 22 9 4 23 5 11 3 0 15
1379
6 2 10 15 0 11 3 5 23 4 9 22 8 12 13 19 1 14 18 21 17 16 20 7
1361
19 1 14 18 17 21 16 9 20 2 10 6 15 0 11 3 5 7 23 4 22 8 12 13
1386
16 21 17 18 14 1 19 13 12 8 22 20 7 2 10 6 15 0 3 11 5 23 4 9
1374
15 5 6 2 10 7 20 16 21 17 18 14 1 19 12 8 22 13 9 4 23 11 3 0
1364
5 23 4 9 22 8 12 13 19 1 14 18 21 17 16 2 10 20 7 6 15 0 3 11
1379
17 21 16 9 20 7 2 10 6 15 0 3 11 5 23 4 22 8 12 13 19 1 14 18
1358
21 18 14 1 19 13 12 8 22 4 23 5 3 11 0 15 2 10 6 7 20 9 16 17
1375
18 17 21 16 9 20 7 6 2 10 15 0 3 11 5 23 4 22 8 12 13 19 1 14
1331
21 17 18 14 1 19 13 12 8 22 11 3 0 15 5 23 7 4 6 10 2 20 9 16
1364
22 4 23 11 3 0 15 5 6 7 20 10 2 17 21 18 14 1 19 16 9 13 12 8
1372
8 12 13 9 16 19 1 14 18 21 17 2 10 20 7 5 3 11 0 15 6 23 4 22
1409
9 4 23 3 11 0 15 5 6 2 10 7 20 16 17 21 18 14 1 19 13 12 8 22
1379
8 12 13 9 4 7 23 5 11 3 0 15 6 10 2 20 16 17 21 18 14 1 19 22
1419
18 17 21 16 9 20 7 6 2 10 15 0 11 3 5 23 4 22 8 12 13 19 1 14
1340
6 10 2 7 20 16 17 21 18 14 1 19 12 8 22 13 9 4 23 11 3 0 15 5
1364
10 15 0 3 11 7 20 17 21 18 14 1 19 12 8 22 13 16 9 4 23 5 6 2
1419
6 15 0 3 11 5 23 4 9 13 22 8 12 19 1 14 18 16 21 17 2 10 20 7
1360
3 11 23 4 9 16 13 22 8 12 19 1 14 18 21 17 2 10 20 7 6 5 15 0
1376
9 4 7 23 11 3 0 15 5 6 10 2 20 16 17 21 18 14 1 19 13 12 8 22
1389
13 12 8 22 4 7 23 5 11 3 0 15 6 10 2 20 16 21 17 18 14 1 19 9
1423
17 21 16 9 20 7 10 2 6 5 15 0 3 11 23 4 22 8 12 13 19 1 14 18
1350
7 20 10 2 16 21 17 18 14 1 19 12 8 22 13 9 4 23 5 11 3 0 15 6
1372
6 7 20 10 2 17 21 18 14 1 19 12 8 22 13 16 9 4 23 11 3 0 15 5
1376
7 6 15 0 3 11 5 23 4 9 16 13 22 8 12 19 1 14 18 21 17 2 10 20
1384
0 15 6 7 20 10 2 16 17 21 18 14 1 19 13 12 8 22 9 4 23 5 11 3
1379
22 8 12 13 9 19 1 14 18 17 21 16 20 2 10 6 7 4 23 5 15 0 3 11
1376
1 14 18 21 17 16 9 20 10 2 6 7 11 3 0 15 5 23 4 22 8 12 13 19
1372
4 9 13 22 12 8 19 1 14 18 17 21 16 20 10 2 6 5 15 0 3 11 23 7
1414
6 5 15 0 3 11 23 4 9 16 13 12 8 22 19 1 14 18 21 17 2 10 20 7
1405
17 16 9 20 7 2 10 6 15 0 3 11 5 23 4 22 8 12 13 19 1 14 18 21
1358
11 3 0 15 6 20 10 2 17 21 18 14 1 19 12 8 22 13 16 9 4 7 5 23
1415
16 9 20 10 2 6 7 4 23 5 15 0 3 11 22 8 12 13 19 1 14 18 21 17
1329
9 16 21 17 18 14 1 19 13 12 8 22 4 23 5 11 3 0 15 10 2 6 7 20
1331
16 21 17 18 14 1 19 13 12 8 22 4 23 11 3 0 15 5 7 6 2 10 20 9
1359
11 3 0 15 5 6 7 20 10 2 17 21 18 14 1 19 12 8 22 13 16 9 4 23
1376
4 23 3 11 0 15 5 6 10 2 7 20 16 21 17 18 14 1 19 13 12 8 22 9
1379
17 10 2 16 9 20 23 5 3 11 0 15 6 7 4 22 8 12 13 19 1 14 18 21
1405
7 6 15 0 3 11 5 23 4 9 22 8 12 13 19 1 14 18 16 21 17 2 10 20
1367
0 15 5 6 7 20 10 2 17 21 16 18 14 1 19 13 12 8 22 9 4 23 11 3
1359
12 8 22 4 7 23 11 3 0 15 5 6 20 10 2 17 21 18 14 1 19 16 9 13
1402
20 7 2 10 6 5 15 0 3 11 23 4 9 13 12 8 22 19 1 14 18 17 21 16
1393
3 0 15 5 6 7 20 10 2 16 17 21 18 14 1 19 13 12 8 22 9 4 23 11
1371
15 6 10 2 7 20 22 8 12 13 19 1 14 18 17 21 16 9 4 23 5 11 3 0
1374
12 8 22 11 3 0 15 5 23 4 6 7 20 10 2 16 17 21 18 14 1 19 9 13
1393
5 23 4 9 22 8 12 13 19 1 14 18 21 17 16 2 10 20 7 6 15 0 3 11
1379
6 7 20 10 2 17 21 18 14 1 19 22 8 12 13 16 9 4 23 11 3 0 15 5
1405
12 8 22 11 3 0 15 5 23 4 7 6 20 10 2 17 21 18 14 1 19 16 9 13
1363
21 18 14 1 19 13 12 8 22 11 3 0 15 5 23 4 6 7 20 9 16 2 10 17
1368
17 21 18 14 1 19 13 12 8 22 4 23 5 11 3 0 15 6 7 20 9 16 2 10
1380
7 20 16 21 17 18 14 1 19 13 12 8 22 9 4 23 5 11 3 0 15 6 10 2
1379
21 17 18 14 1 19 13 12 8 22 4 23 5 11 3 0 15 6 10 2 7 20 9 16
1358
23 4 9 16 13 22 8 12 19 1 14 18 21 17 2 10 20 7 6 5 15 0 11 3
1384
9 16 21 17 18 14 1 19 13 12 8 22 4 7 23 11 3 0 15 5 6 10 2 20
1368
17 16 9 20 7 6 2 10 15 0 3 11 5 23 4 22 8 12 13 19 1 14 18 21
1331
1 19 13 12 8 22 4 23 11 3 0 5 15 6 7 20 9 16 2 10 17 21 18 14
1416
20 10 2 16 17 21 18 14 1 19 12 8 22 13 9 4 23 5 11 3 0 15 6 7
1372
11 23 4 9 13 22 8 12 19 1 14 18 21 17 16 2 10 20 7 6 5 15 0 3
1364
2 10 7 20 16 17 21 18 14 1 19 13 12 8 22 9 4 23 3 11 0 15 5 6
1379
20 4 9 16 13 22 8 12 19 1 14 18 21 17 2 10 7 23 5 3 11 0 15 6
1408
12 8 22 4 23 5 11 3 0 15 6 2 10 7 20 16 21 17 18 14 1 19 9 13
1405
7 20 10 2 16 21 17 18 14 1 19 12 8 22 13 9 4 23 5 11 3 0 15 6
1372
6 15 0 11 3 5 23 4 9 16 13 22 8 12 19 1 14 18 21 17 2 10 20 7
1393
22 4 23 11 3 0 15 5 7 6 20 10 2 17 21 18 14 1 19 16 9 13 12 8
1393
21 17 10 2 16 9 20 23 5 3 11 0 15 6 7 4 22 8 12 13 19 1 14 18
1405
9 16 21 17 18 14 1 19 13 12 8 22 4 23 7 5 3 11 0 15 10 2 6 20
1371
13 12 8 22 4 20 6 15 0 3 11 5 23 7 10 2 17 21 18 14 1 19 16 9
1395
10 2 7 20 17 21 18 14 1 19 12 8 22 13 16 9 4 23 11 3 0 5 6 15
1450
13 9 19 1 14 18 21 17 16 20 7 10 2 6 5 15 0 11 3 23 4 22 8 12
1405
14 1 19 13 12 8 22 4 23 5 15 0 3 11 6 7 20 9 16 2 10 17 21 18
1385
21 17 10 2 16 9 20 7 6 15 0 3 11 5 23 4 22 8 12 13 19 1 14 18
1380
17 16 9 20 6 2 10 15 0 3 11 5 7 23 4 22 8 12 13 19 1 14 18 21
1362
23 4 9 16 13 22 8 12 19 1 14 18 21 17 2 10 20 7 6 5 15 0 3 11
1376
17 21 16 9 20 7 2 10 6 15 0 3 11 5 23 4 22 8 12 13 19 1 14 18
1358
20 2 10 6 15 0 3 11 5 7 23 4 9 22 8 12 13 19 1 14 18 21 17 16
1398
12 13 9 16 19 1 14 18 21 17 2 10 20 6 7 4 23 5 15 0 3 11 22 8
1363
11 23 4 9 22 8 12 13 19 1 14 18 16 21 17 2 10 20 7 6 5 15 0 3
1359
4 9 16 13 22 8 12 19 1 14 18 21 17 2 10 20 7 6 15 0 11 3 5 23
1393
22 11 3 0 15 5 23 4 6 7 20 10 2 17 21 18 14 1 19 16 9 13 12 8
1368
23 5 11 3 0 15 6 7 20 10 2 17 21 16 18 14 1 19 12 8 22 13 9 4
1360
11 0 15 5 6 7 20 10 2 16 21 17 18 14 1 19 12 8 22 13 9 4 23 3
1372
2 10 15 0 3 11 7 20 16 21 17 18 14 1 19 12 8 22 13 9 4 23 5 6
1369
5 11 3 0 15 6 7 20 10 2 16 17 21 18 14 1 19 13 12 8 22 9 4 23
1379
0 3 11 23 5 7 4 9 16 13 22 8 12 19 1 14 18 21 17 2 10 20 6 15
1415
9 20 10 2 6 7 5 15 0 3 11 23 4 22 8 12 13 19 1 14 18 21 17 16
1359
10 2 7 20 13 22 8 12 19 1 14 18 21 17 16 9 4 23 3 11 0 5 6 15
1430
19 13 12 8 22 4 23 3 11 5 0 15 6 2 10 7 20 9 16 17 21 18 14 1
1402
19 13 12 8 22 4 23 3 11 5 0 15 6 7 20 9 16 2 10 17 21 18 14 1
1424
7 20 10 2 17 21 18 14 1 19 12 8 22 13 16 9 4 23 5 11 3 0 15 6
1384
9 4 23 7 5 3 11 0 15 10 2 6 20 16 21 17 18 14 1 19 12 8 22 13
1385
6 7 20 10 2 17 21 18 14 1 19 12 8 22 13 16 9 4 23 5 11 3 0 15
1384
19 1 14 18 21 17 10 2 16 9 20 23 6 15 0 11 3 5 7 4 22 8 12 13
1425
6 5 15 0 3 11 23 4 9 16 13 22 8 12 19 1 14 18 21 17 2 10 20 7
1376
6 7 20 10 2 17 21 18 14 1 19 12 8 22 13 16 9 4 23 5 11 3 0 15
1384
3 0 15 5 6 7 20 10 2 17 21 18 14 1 19 12 8 22 13 16 9 4 23 11
1376
11 3 0 15 5 6 7 20 10 2 17 21 18 14 1 19 12 8 22 13 16 9 4 23
1376
11 3 0 15 5 6 7 20 10 2 17 21 18 14 1 19 12 8 22 13 16 9 4 23
1376
17 21 16 9 20 7 6 2 10 15 0 11 3 5 23 4 22 8 12 13 19 1 14 18
1340
18 21 17 10 2 16 9 20 7 6 4 23 5 15 0 3 11 22 8 12 13 19 1 14
1368
15 6 7 20 10 2 17 21 18 14 1 19 12 8 22 13 16 9 4 23 5 11 3 0
1384
22 8 12 13 9 16 19 1 14 18 21 17 2 10 20 7 6 4 23 5 0 15 11 3
1377
11 3 0 15 6 7 20 10 2 16 17 21 18 14 1 19 13 12 8 22 9 4 23 5
1379
7 20 10 2 16 17 21 18 14 1 19 12 8 22 13 9 4 23 5 11 3 0 15 6
1372
2 10 15 0 3 11 5 23 4 9 13 22 8 12 19 1 14 18 17 21 16 20 7 6
1345
14 18 21 17 16 9 20 10 2 6 7 5 15 0 3 11 23 4 22 8 12 13 19 1
1359
13 9 16 19 1 14 18 21 17 2 10 20 7 5 3 11 0 15 6 23 4 22 8 12
1409
7 20 10 2 17 21 16 18 14 1 19 13 12 8 22 9 4 23 5 11 3 0 15 6
1367
13 9 19 1 14 18 21 17 16 2 10 20 7 6 15 0 3 11 5 23 4 22 8 12
1405
3 11 23 4 9 22 8 12 13 19 1 14 18 21 17 16 20 7 2 10 6 5 15 0
1371
13 12 8 22 4 7 23 11 3 0 15 5 6 20 10 2 17 21 18 14 1 19 16 9
1402
1 14 18 17 21 16 9 20 23 6 2 10 15 0 3 11 5 7 4 22 8 12 13 19
1367
0 15 6 20 4 9 16 13 22 8 12 19 1 14 18 21 17 2 10 7 5 23 11 3
1400
23 4 9 13 22 8 12 19 1 14 18 21 17 16 20 7 6 2 10 15 0 11 3 5
1354
11 5 23 4 9 16 13 22 8 12 19 1 14 18 21 17 2 10 20 7 6 15 0 3
1384
15 0 11 3 5 23 4 9 13 22 8 12 19 1 14 18 17 21 16 20 7 10 2 6
1381
20 16 21 17 18 14 1 19 12 8 22 13 9 4 7 23 3 11 0 15 5 6 10 2
1390
9 4 23 3 11 0 15 5 6 7 20 16 2 10 17 21 18 14 1 19 12 8 22 13
1394
16 2 10 17 21 18 14 1 19 13 12 8 22 4 23 5 11 3 0 15 6 7 20 9
1380
5 11 3 0 15 6 7 20 10 2 17 21 18 14 1 19 8 12 22 13 16 9 4 23
1416
6 7 20 16 2 10 17 21 18 14 1 19 13 12 8 22 9 4 23 5 11 3 0 15
1401
10 15 6 5 0 11 3 23 4 9 16 13 22 8 12 19 1 14 18 21 17 20 7 2
1458
8 22 3 11 6 15 0 5 23 7 4 20 10 2 17 21 18 14 1 19 16 9 13 12
1390
18 14 1 19 13 12 8 22 4 23 5 3 11 0 15 10 2 6 7 20 9 16 21 17
1340
2 10 15 0 3 11 7 20 17 21 18 14 1 19 12 8 22 13 16 9 4 23 5 6
1419
6 5 15 0 3 11 23 4 9 13 22 8 12 19 1 14 18 21 17 10 2 16 20 7
1386
1 14 18 21 17 16 9 20 7 2 10 6 15 0 11 3 5 23 4 22 8 12 13 19
1367
19 1 14 18 17 21 16 9 20 10 2 6 7 5 15 0 3 11 23 4 22 8 12 13
1359
21 17 18 14 1 19 13 12 8 22 4 7 6 2 10 15 0 11 3 5 23 20 9 16
1356
13 12 8 22 4 23 7 5 11 3 0 15 6 10 2 20 16 17 21 18 14 1 19 9
1424
15 5 6 7 20 10 2 17 21 18 14 1 19 8 12 22 13 16 9 4 23 3 11 0
1416
8 22 4 20 6 15 0 11 3 5 23 7 10 2 17 21 18 14 1 19 16 9 13 12
1404
4 23 11 3 0 15 5 6 10 2 7 20 16 21 17 18 14 1 19 12 8 22 13 9
1364
18 21 17 16 9 20 7 2 10 6 15 0 3 11 5 23 4 22 8 12 13 19 1 14
1358
23 5 3 11 0 15 6 7 20 10 2 17 21 16 18 14 1 19 13 12 8 22 9 4
1376
10 2 7 20 16 17 21 18 14 1 19 12 8 22 13 9 4 23 5 6 11 3 0 15
1369
14 1 19 13 12 8 22 4 23 11 3 0 15 5 7 6 10 2 20 9 16 21 17 18
1359
11 0 15 10 2 6 20 16 21 17 18 14 1 19 13 12 8 22 9 4 7 5 23 3
1391
8 12 13 9 16 19 1 14 18 21 17 2 10 20 6 7 5 15 0 3 11 23 4 22
1393
6 15 0 3 11 5 23 4 9 22 8 12 13 19 1 14 18 17 21 16 2 10 20 7
1379
0 3 11 5 23 4 9 16 13 22 8 12 19 1 14 18 21 17 2 10 20 7 6 15
1384
9 16 13 22 8 12 19 1 14 18 21 17 2 10 20 7 6 15 0 3 11 5 23 4
1384
22 8 12 13 9 16 19 1 14 18 21 17 2 10 20 6 7 4 23 5 15 0 3 11
1363
10 2 7 20 16 21 17 18 14 1 19 12 8 22 13 9 4 23 6 5 11 3 0 15
1365
21 18 14 1 19 13 12 8 22 4 23 5 11 3 0 15 10 2 6 7 20 9 16 17
1331
9 16 13 22 12 8 19 1 14 18 21 17 2 10 20 6 5 15 0 3 11 23 7 4
1438
13 12 8 22 4 7 23 5 11 3 0 15 6 10 2 20 16 17 21 18 14 1 19 9
1423
5 23 4 9 16 13 22 8 12 19 1 14 18 21 17 2 10 20 7 6 15 0 11 3
1393
8 22 11 3 0 15 5 23 7 4 6 2 10 20 16 21 17 18 14 1 19 9 13 12
1411
19 1 14 18 17 21 16 9 20 2 10 6 7 11 3 0 15 5 23 4 22 8 12 13
1372
6 7 20 10 2 17 21 18 14 1 19 12 8 22 13 16 9 4 23 5 11 3 0 15
1384
15 6 7 20 10 2 16 21 17 18 14 1 19 12 8 22 13 9 4 23 5 3 11 0
1381
4 9 22 8 12 13 19 1 14 18 21 17 10 2 16 20 7 6 15 0 3 11 5 23
1401
4 23 5 11 3 0 15 6 7 20 10 2 17 21 18 14 1 19 12 8 22 13 16 9
1384
19 1 14 18 17 21 16 9 20 2 10 6 11 3 0 15 5 7 23 4 22 8 12 13
1382
10 2 6 5 23 4 9 16 13 22 8 12 19 1 14 18 21 17 20 7 11 3 0 15
1419
16 9 20 7 2 10 6 15 0 3 11 5 23 4 22 8 12 13 19 1 14 18 17 21
1358
15 5 6 7 20 10 2 17 21 18 14 1 19 8 12 22 13 16 9 4 23 3 11 0
1416
8 22 3 11 6 15 0 5 7 23 4 20 10 2 17 21 18 14 1 19 16 9 13 12
1391
15 6 7 20 10 2 17 21 18 14 1 19 12 8 22 13 16 9 4 23 5 11 3 0
1384
10 2 7 20 17 21 18 14 1 19 12 8 22 13 16 9 4 23 11 3 0 5 6 15
1450
22 8 12 13 9 19 1 14 18 17 21 16 20 7 2 10 6 5 15 0 3 11 23 4
1397
1 19 13 12 8 22 4 23 3 11 0 5 15 6 10 2 7 20 9 16 21 17 18 14
1402
9 22 8 12 13 19 1 14 18 17 21 16 20 6 2 10 15 0 3 11 5 23 7 4
1382
3 0 15 6 20 10 2 17 21 18 14 1 19 12 8 22 13 16 9 4 7 5 23 11
1415
8 12 13 9 19 1 14 18 17 21 16 20 2 10 6 15 0 3 11 5 7 23 4 22
1424
8 12 13 9 4 23 11 3 0 15 5 7 6 10 2 20 16 21 17 18 14 1 19 22
1402
9 4 7 23 11 3 0 15 5 6 20 10 2 17 21 18 14 1 19 12 8 22 13 16
1406
12 13 9 19 1 14 18 17 21 16 20 2 10 6 7 5 15 0 3 11 23 4 22 8
1406
20 6 5 15 0 3 11 23 10 2 16 21 17 18 14 1 19 12 8 22 13 9 4 7
1411
4 20 6 15 0 3 11 5 23 7 10 2 17 21 18 14 1 19 12 8 22 13 16 9
1399
4 7 23 5 3 11 0 15 6 20 10 2 17 21 18 14 1 19 12 8 22 13 16 9
1423
1 14 18 21 17 16 9 20 7 2 10 6 15 5 0 3 11 23 4 22 8 12 13 19
1394
7 6 15 0 11 3 5 23 4 9 16 13 22 8 12 19 1 14 18 21 17 2 10 20
1393
19 13 12 8 22 4 23 11 3 0 15 5 7 6 2 10 20 9 16 17 21 18 14 1
1359
14 1 19 13 12 8 22 4 23 5 11 3 0 15 6 7 20 9 16 2 10 17 21 18
1380
10 7 20 13 22 8 12 19 1 14 18 21 17 16 9 4 23 5 15 0 3 11 6 2
1399
10 2 7 20 16 21 17 18 14 1 19 12 8 22 13 9 4 23 11 3 0 5 6 15
1400
11 3 0 15 5 6 2 10 7 20 16 17 21 18 14 1 19 12 8 22 13 9 4 23
1364
9 4 23 5 11 3 0 15 6 7 20 10 2 17 21 18 14 1 19 12 8 22 13 16
1384
15 6 7 20 10 2 17 21 18 14 1 19 22 8 12 13 16 9 4 23 5 11 3 0
1413
17 16 9 20 7 2 10 6 5 15 0 3 11 23 4 22 8 12 13 19 1 14 18 21
1350
12 13 9 19 1 14 18 21 17 16 20 2 10 6 7 4 23 5 15 0 3 11 22 8
1376
9 16 21 17 18 14 1 19 13 12 8 22 4 23 5 11 3 0 15 6 10 2 7 20
1358
7 20 10 2 17 21 18 14 1 19 12 8 22 13 16 9 4 23 5 3 11 0 15 6
1393
19 13 12 8 22 4 23 7 5 15 0 3 11 6 10 2 20 9 16 17 21 18 14 1
1382
1 19 13 12 8 22 4 7 23 5 11 3 0 15 6 10 2 20 9 16 21 17 18 14
1376
2 10 15 0 3 11 6 5 23 4 9 16 17 21 18 14 1 19 13 12 8 22 20 7
1371
8 22 11 3 0 15 5 23 7 4 6 20 10 2 17 21 18 14 1 19 16 9 13 12
1398
14 18 21 17 16 9 20 2 10 6 7 15 0 11 3 5 23 4 22 8 12 13 19 1
1387
2 10 15 0 3 11 5 23 4 9 22 8 12 13 19 1 14 18 17 21 16 20 7 6
1352
12 13 9 19 1 14 18 21 17 10 2 16 20 7 6 15 0 3 11 5 23 4 22 8
1427
18 21 17 16 9 20 7 2 10 6 15 0 3 11 5 23 4 22 8 12 13 19 1 14
1358
17 21 16 9 20 7 6 2 10 15 0 3 11 5 23 4 22 8 12 13 19 1 14 18
1331
5 15 0 3 11 23 4 9 16 13 22 8 12 19 1 14 18 21 17 2 10 20 7 6
1376
6 5 15 0 3 11 23 4 9 16 13 22 8 12 19 1 14 18 21 17 2 10 20 7
1376
9 20 2 10 6 7 4 23 5 15 0 3 11 22 8 12 13 19 1 14 18 17 21 16
1329
11 0 15 5 6 7 20 10 2 17 21 18 14 1 19 12 8 22 13 16 9 4 23 3
1384
3 11 0 15 6 10 2 20 16 21 17 18 14 1 19 12 8 22 13 9 4 7 5 23
1399
5 15 0 3 11 23 4 9 16 13 22 8 12 19 1 14 18 21 17 2 10 20 7 6
1376
5 6 2 10 7 20 16 21 17 18 14 1 19 13 12 8 22 9 4 23 3 11 0 15
1379
4 9 16 13 22 8 12 19 1 14 18 21 17 2 10 20 7 6 5 15 0 11 3 23
1384
21 18 14 1 19 13 12 8 22 11 3 0 15 5 23 4 7 6 10 2 20 9 16 17
1329
10 15 6 5 0 3 11 23 4 9 16 13 22 8 12 19 1 14 18 21 17 20 7 2
1450
5 11 3 0 15 10 2 6 7 20 16 21 17 18 14 1 19 12 8 22 13 9 4 23
1345
13 9 4 23 7 5 11 3 0 15 6 10 2 20 16 21 17 18 14 1 19 22 8 12
1420
15 6 7 20 10 2 17 21 18 14 1 19 12 8 22 13 16 9 4 23 5 3 11 0
1393
13 9 16 19 1 14 18 21 17 2 10 20 6 5 15 0 3 11 23 7 4 22 8 12
1402
8 12 13 9 16 19 1 14 18 21 17 2 10 20 7 5 3 11 0 15 6 23 4 22
1409
19 13 12 8 22 4 23 11 3 0 5 15 6 2 10 7 20 9 16 21 17 18 14 1
1394
22 8 12 13 9 19 1 14 18 21 17 16 2 10 20 7 6 11 3 0 15 5 23 4
1410
10 15 0 3 11 5 23 4 9 22 8 12 13 19 1 14 18 17 21 16 20 7 6 2
1352
22 11 3 0 15 5 23 4 6 7 20 10 2 17 21 18 14 1 19 16 9 13 12 8
1368
8 22 11 3 0 15 5 23 4 6 7 20 10 2 17 21 18 14 1 19 16 9 13 12
1368
21 18 14 1 19 13 12 8 22 4 23 5 11 3 0 15 6 10 2 7 20 9 16 17
1358
18 14 1 19 13 12 8 22 4 23 11 3 0 15 5 6 2 10 7 20 9 16 21 17
1350
3 11 0 15 6 20 10 2 17 21 18 14 1 19 12 8 22 13 16 9 4 7 5 23
1423
3 11 23 4 9 13 22 8 12 19 1 14 18 17 21 16 20 7 2 10 6 5 15 0
1364
0 15 6 20 10 2 17 21 18 14 1 19 12 8 22 13 16 9 4 7 5 23 11 3
1415
16 9 20 23 5 11 3 0 15 6 10 2 7 4 22 8 12 13 19 1 14 18 21 17
1374
0 3 11 5 23 4 9 16 13 22 8 12 19 1 14 18 21 17 2 10 20 7 6 15
1384
3 23 4 9 16 13 22 8 12 19 1 14 18 21 17 2 10 20 7 6 5 15 0 11
1384
20 10 2 17 21 18 14 1 19 12 8 22 13 16 9 4 23 6 15 0 3 11 5 7
1404
8 22 4 23 11 3 0 15 5 7 6 20 10 2 17 21 18 14 1 19 16 9 13 12
1393
11 3 0 15 6 20 4 9 16 13 22 8 12 19 1 14 18 21 17 2 10 7 5 23
1400
9 4 23 11 3 0 15 5 6 2 10 7 20 16 17 21 18 14 1 19 13 12 8 22
1371
20 10 2 6 15 0 11 3 5 23 7 4 9 13 22 8 12 19 1 14 18 21 17 16
1399
19 1 14 18 17 21 16 9 20 10 2 6 11 3 0 15 5 7 23 4 22 8 12 13
1382
22 4 23 5 3 11 0 15 10 2 6 7 20 16 17 21 18 14 1 19 9 13 12 8
1387
14 1 19 13 12 8 22 4 23 3 11 5 0 15 6 7 20 9 16 2 10 17 21 18
1424
23 5 11 3 0 15 6 7 20 10 2 17 21 18 14 1 19 12 8 22 13 16 9 4
1384
7 6 15 0 3 11 5 23 4 9 16 13 22 8 12 19 1 14 18 21 17 2 10 20
1384
19 1 14 18 21 17 16 9 20 2 10 6 7 5 15 0 11 3 23 4 22 8 12 13
1367
3 11 23 4 9 16 13 22 8 12 19 1 14 18 21 17 2 10 20 7 6 5 15 0
1376
23 4 9 22 8 12 13 19 1 14 18 16 21 17 2 10 20 7 6 15 0 11 3 5
1376
1 14 18 17 21 16 9 20 7 10 2 6 15 0 3 11 5 23 4 22 8 12 13 19
1358
6 5 15 0 3 11 23 4 9 16 13 12 8 22 19 1 14 18 21 17 2 10 20 7
1405
10 2 6 5 23 4 9 16 13 22 8 12 19 1 14 18 21 17 20 7 11 3 0 15
1419
13 9 19 1 14 18 21 17 16 20 7 10 2 6 5 15 0 3 11 23 4 22 8 12
1397
7 20 10 2 17 21 18 14 1 19 12 8 22 13 16 9 4 23 5 11 3 0 15 6
1384
1 19 13 12 8 22 4 23 5 11 3 0 15 7 6 10 2 20 9 16 21 17 18 14
1378
1 19 13 12 8 22 4 23 5 3 11 0 15 6 7 20 9 16 2 10 17 21 18 14
1389
1 19 13 12 8 22 4 23 5 15 0 3 11 6 2 10 7 20 9 16 17 21 18 14
1363
8 22 11 3 0 15 5 23 4 6 2 10 7 20 16 17 21 18 14 1 19 9 13 12
1393
6 15 0 3 11 5 23 4 9 16 13 22 8 12 19 1 14 18 21 17 2 10 20 7
1384
10 2 6 7 20 16 17 21 18 14 1 19 12 8 22 13 9 4 23 5 11 3 0 15
1345
15 0 11 3 5 23 4 9 16 13 22 8 12 19 1 14 18 21 17 2 10 20 7 6
1393
12 13 9 16 19 1 14 18 21 17 2 10 20 7 6 4 23 5 0 15 11 3 22 8
1377
0 3 11 5 23 4 9 16 13 22 8 12 19 1 14 18 21 17 2 10 20 7 6 15
1384
13 12 8 22 4 7 23 11 3 0 15 5 6 2 10 20 16 17 21 18 14 1 19 9
1415
23 11 3 0 15 5 6 7 20 10 2 17 21 18 14 1 19 12 8 22 13 16 9 4
1376
12 8 22 4 23 11 3 0 15 5 6 7 20 10 2 17 21 18 14 1 19 16 9 13
1372
2 6 5 23 4 9 16 13 22 8 12 19 1 14 18 21 17 20 7 11 3 0 15 10
1419
12 8 22 3 11 15 0 5 23 4 6 10 2 7 20 16 21 17 18 14 1 19 9 13
1402
16 21 17 18 14 1 19 13 12 8 22 4 23 5 11 3 0 15 10 2 6 7 20 9
1331
3 0 15 6 7 20 10 2 16 17 21 18 14 1 19 13 12 8 22 9 4 23 5 11
1379
21 18 14 1 19 13 12 8 22 4 23 7 5 11 3 0 15 6 10 2 20 9 16 17
1377
19 13 12 8 22 4 7 23 5 3 11 0 15 6 2 10 20 9 16 21 17 18 14 1
1385
0 3 11 5 23 4 9 16 13 22 8 12 19 1 14 18 21 17 2 10 20 7 6 15
1384
19 1 14 18 21 17 16 9 20 7 2 10 6 15 5 0 11 3 23 4 22 8 12 13
1402
16 9 20 7 2 10 6 15 0 3 11 5 23 4 22 8 12 13 19 1 14 18 17 21
1358
4 23 5 3 11 0 15 6 7 20 10 2 17 21 16 18 14 1 19 13 12 8 22 9
1376
8 12 13 9 4 23 11 3 0 15 5 7 6 10 2 20 16 21 17 18 14 1 19 22
1402
11 0 15 5 6 7 20 10 2 16 17 21 18 14 1 19 12 8 22 13 9 4 23 3
1372
2 10 15 0 11 3 5 23 4 9 22 8 12 13 19 1 14 18 17 21 16 20 7 6
1361
3 0 15 5 6 7 20 10 2 17 21 16 18 14 1 19 13 12 8 22 9 4 23 11
1359
19 1 14 18 21 17 16 9 20 10 2 6 7 5 15 0 3 11 23 4 22 8 12 13
1359
5 3 11 0 15 10 2 6 7 20 16 17 21 18 14 1 19 12 8 22 13 9 4 23
1354
15 0 3 11 5 23 4 9 16 13 22 8 12 19 1 14 18 21 17 2 10 20 7 6
1384
2 10 7 20 16 17 21 18 14 1 19 12 8 22 13 9 4 23 5 3 11 0 15 6
1381
5 6 7 20 10 2 16 21 17 18 14 1 19 13 12 8 22 9 4 23 3 11 0 15
1379
5 11 3 0 15 6 7 20 10 2 17 21 18 14 1 19 12 8 22 13 16 9 4 23
1384
4 9 16 13 22 12 8 19 1 14 18 21 17 2 10 20 7 6 15 0 3 11 5 23
1416
5 6 7 20 10 2 17 21 18 14 1 19 8 12 22 13 16 9 4 23 3 11 0 15
1416
8 22 4 23 5 3 11 0 15 6 7 20 10 2 17 21 16 18 14 1 19 9 13 12
1402
17 18 14 1 19 13 12 8 22 11 3 0 15 5 23 4 7 6 10 2 20 9 16 21
1329
18 17 21 16 9 20 2 10 6 7 5 15 0 3 11 23 4 22 8 12 13 19 1 14
1359
23 4 9 16 13 22 8 12 19 1 14 18 21 17 2 10 20 7 6 15 0 3 11 5
1384
15 5 6 7 20 10 2 16 21 17 18 14 1 19 12 8 22 13 9 4 23 11 3 0
1364
15 0 3 11 23 4 9 13 12 8 22 19 1 14 18 21 17 16 2 10 20 7 6 5
1393
5 15 0 11 3 23 4 9 16 13 22 8 12 19 1 14 18 21 17 2 10 20 7 6
1384
22 8 12 13 9 16 19 1 14 18 21 17 2 10 20 7 6 15 0 3 11 5 23 4
1380
17 21 16 9 20 7 10 2 6 5 15 0 11 3 23 4 22 8 12 13 19 1 14 18
1358
12 8 22 11 3 0 15 5 23 4 6 7 20 10 2 17 21 18 14 1 19 16 9 13
1368
17 10 2 16 9 20 23 5 11 3 0 15 6 7 4 22 8 12 13 19 1 14 18 21
1396
13 12 8 22 4 23 7 5 3 11 0 15 10 2 6 20 16 21 17 18 14 1 19 9
1418
8 12 13 9 19 1 14 18 21 17 16 20 2 10 6 5 15 0 11 3 23 7 4 22
1423
4 9 16 13 22 8 12 19 1 14 18 21 17 2 10 20 6 15 0 3 11 5 23 7
1414
11 23 5 7 10 2 17 21 18 14 1 19 12 8 22 13 16 9 4 20 6 15 0 3
1400
6 7 20 16 2 10 17 21 18 14 1 19 13 12 8 22 9 4 23 11 3 0 15 5
1393
1 19 13 12 8 22 4 23 5 15 0 3 11 6 7 20 9 16 2 10 17 21 18 14
1385
16 9 4 23 5 3 11 0 15 6 7 20 10 2 17 21 18 14 1 19 12 8 22 13
1393
21 16 9 20 10 2 6 7 4 23 5 15 0 3 11 22 8 12 13 19 1 14 18 17
1329
9 22 8 12 13 19 1 14 18 21 17 16 20 2 10 6 5 15 0 3 11 23 7 4
1389
9 4 23 5 3 11 0 15 6 7 20 10 2 17 21 16 18 14 1 19 13 12 8 22
1376
22 8 12 13 9 19 1 14 18 21 17 16 20 7 2 10 6 4 23 5 15 0 3 11
1393
15 6 7 20 10 2 16 17 21 18 14 1 19 13 12 8 22 9 4 23 5 3 11 0
1388
7 2 10 6 5 15 0 3 11 23 4 9 22 8 12 13 19 1 14 18 21 17 16 20
1371
7 6 5 15 0 3 11 23 4 9 16 13 22 8 12 19 1 14 18 21 17 2 10 20
1376
12 8 22 4 23 5 11 3 0 15 10 2 6 7 20 16 21 17 18 14 1 19 9 13
1378
16 21 17 18 14 1 19 13 12 8 22 11 3 0 15 5 23 4 7 6 2 10 20 9
1329
6 5 15 0 11 3 23 4 9 16 13 12 8 22 19 1 14 18 21 17 2 10 20 7
1413
16 13 22 8 12 19 1 14 18 21 17 2 10 20 6 15 0 3 11 5 23 7 4 9
1414
9 20 10 2 6 7 5 15 0 3 11 23 4 22 8 12 13 19 1 14 18 17 21 16
1359
0 15 6 20 10 2 17 21 18 14 1 19 12 8 22 13 16 9 4 7 5 23 11 3
1415
15 0 3 11 5 23 4 9 16 13 22 8 12 19 1 14 18 21 17 2 10 20 7 6
1384
19 1 14 18 17 21 16 9 20 2 10 6 7 5 15 0 11 3 23 4 22 8 12 13
1367
3 0 15 5 6 7 20 10 2 17 21 18 14 1 19 12 8 22 13 16 9 4 23 11
1376
7 6 5 15 0 3 11 23 4 9 16 13 12 8 22 19 1 14 18 21 17 2 10 20
1405
23 5 11 3 0 15 6 7 20 10 2 16 21 17 18 14 1 19 12 8 22 13 9 4
1372
13 9 19 1 14 18 21 17 16 20 10 2 6 5 15 0 3 11 23 7 4 22 8 12
1415
18 21 17 16 9 20 2 10 6 5 15 0 3 11 23 7 4 22 8 12 13 19 1 14
1368
12 8 22 11 3 0 15 5 23 4 6 2 10 7 20 16 21 17 18 14 1 19 9 13
1393
23 4 9 16 13 22 8 12 19 1 14 18 21 17 2 10 20 7 6 5 15 0 3 11
1376
13 12 8 22 4 23 5 11 3 0 15 6 7 20 10 2 17 21 18 14 1 19 16 9
1380
17 21 16 9 20 7 2 10 6 15 0 3 11 5 23 4 22 8 12 13 19 1 14 18
1358
13 9 16 19 1 14 18 21 17 2 10 20 7 5 3 11 0 15 6 23 4 22 8 12
1409
2 6 15 0 3 11 5 23 4 9 16 17 21 18 14 1 19 12 8 22 13 20 7 10
1394
10 2 7 20 16 17 21 18 14 1 19 12 8 22 13 9 4 23 6 5 11 3 0 15
1365
12 13 9 16 19 1 14 18 21 17 2 10 20 7 5 3 11 0 15 6 23 4 22 8
1409
12 13 9 19 1 14 18 21 17 16 2 10 20 7 6 15 0 11 3 5 23 4 22 8
1414
23 4 9 13 22 12 8 19 1 14 18 17 21 16 20 7 10 2 6 5 15 0 11 3
1404
4 9 16 13 22 12 8 19 1 14 18 21 17 2 10 20 7 6 5 15 0 11 3 23
1416
15 5 6 2 10 7 20 16 21 17 18 14 1 19 8 12 22 13 9 4 23 11 3 0
1396
16 9 20 2 10 6 7 5 15 0 3 11 23 4 22 8 12 13 19 1 14 18 17 21
1359
18 17 21 16 9 20 7 6 2 10 15 0 11 3 5 23 4 22 8 12 13 19 1 14
1340
9 4 23 7 5 3 11 0 15 10 2 6 20 16 17 21 18 14 1 19 12 8 22 13
1385
6 5 15 0 3 11 23 4 9 16 13 22 12 8 19 1 14 18 21 17 2 10 20 7
1408
16 9 20 7 2 10 6 15 0 3 11 5 23 4 22 8 12 13 19 1 14 18 17 21
1358
11 3 0 15 5 6 7 20 10 2 17 21 18 14 1 19 12 8 22 13 16 9 4 23
1376
16 9 20 7 2 10 6 4 23 5 15 0 3 11 22 8 12 13 19 1 14 18 17 21
1346
1 19 13 12 8 22 4 23 3 11 0 15 5 7 6 10 2 20 9 16 21 17 18 14
1367
7 20 10 2 17 21 18 14 1 19 12 8 22 13 16 9 4 23 5 11 3 0 15 6
1384
5 11 3 0 15 6 10 2 7 20 16 21 17 18 14 1 19 13 12 8 22 9 4 23
1379
23 5 11 3 0 15 6 7 20 16 2 10 17 21 18 14 1 19 13 12 8 22 9 4
1401
2 10 15 0 3 11 5 23 4 9 13 22 8 12 19 1 14 18 17 21 16 20 7 6
1345
14 18 21 17 10 2 16 9 20 7 6 15 0 3 11 5 23 4 22 8 12 13 19 1
1380
9 22 8 12 13 19 1 14 18 16 21 17 2 10 20 7 6 15 0 11 3 5 23 4
1376
4 23 7 5 11 3 0 15 6 10 2 20 22 8 12 13 19 1 14 18 21 17 16 9
1393
12 8 22 3 11 15 0 5 23 4 6 7 20 10 2 17 21 18 14 1 19 16 9 13
1377
8 12 13 9 16 19 1 14 18 21 17 2 10 20 7 6 4 23 5 0 15 11 3 22
1377
2 10 7 20 17 21 18 14 1 19 12 8 22 13 16 9 4 23 5 3 11 0 15 6
1431
15 5 6 7 20 10 2 17 21 18 14 1 19 12 8 22 13 16 9 4 23 11 3 0
1376
21 18 14 1 19 13 12 8 22 4 7 23 5 11 3 0 15 6 10 2 20 9 16 17
1376
7 20 10 2 16 17 21 18 14 1 19 13 12 8 22 9 4 23 3 11 0 15 5 6
1379
2 6 5 23 4 9 13 22 8 12 19 1 14 18 17 21 16 20 7 11 3 0 15 10
1369
9 20 2 10 6 7 5 15 0 3 11 23 4 22 8 12 13 19 1 14 18 17 21 16
1359
2 10 7 20 17 21 18 14 1 19 12 8 22 13 16 9 4 23 3 11 0 15 5 6
1422
1 19 13 12 8 22 4 23 5 15 0 3 11 7 6 2 10 20 9 16 17 21 18 14
1372
23 5 11 3 0 15 6 7 20 10 2 17 21 18 14 1 19 12 8 22 13 16 9 4
1384
4 23 7 5 11 3 0 15 6 10 2 20 16 21 17 18 14 1 19 13 12 8 22 9
1398
17 18 14 1 19 13 12 8 22 4 7 2 10 6 11 3 0 15 5 23 20 9 16 21
1379
1 14 18 21 17 10 2 16 9 20 7 6 15 5 0 11 3 23 4 22 8 12 13 19
1424
22 3 11 6 15 0 5 7 23 4 20 10 2 17 21 18 14 1 19 16 9 13 12 8
1391
5 23 4 9 16 13 22 8 12 19 1 14 18 21 17 2 10 20 7 6 15 0 3 11
1384
0 3 11 5 23 4 9 22 8 12 13 19 1 14 18 16 21 17 2 10 20 7 6 15
1367
13 9 16 19 1 14 18 21 17 2 10 7 23 5 11 3 0 15 6 20 4 22 8 12
1395
12 8 22 4 7 23 5 11 3 0 15 6 10 2 20 16 17 21 18 14 1 19 9 13
1423
3 0 15 5 6 7 20 10 2 17 21 18 14 1 19 12 8 22 13 16 9 4 23 11
1376
14 18 21 17 16 9 20 7 2 10 6 5 15 0 3 11 23 4 22 8 12 13 19 1
1350
1 14 18 21 17 10 2 16 9 20 7 6 11 3 0 15 5 23 4 22 8 12 13 19
1385
1 14 18 21 17 16 9 20 2 10 6 7 11 3 0 15 5 23 4 22 8 12 13 19
1372
10 2 7 20 13 22 8 12 19 1 14 18 21 17 16 9 4 23 5 6 11 3 0 15
1391
13 9 16 19 1 14 18 21 17 2 10 20 7 6 15 0 3 11 5 23 4 22 8 12
1380
20 10 2 6 5 15 0 11 3 23 7 4 9 22 8 12 13 19 1 14 18 21 17 16
1397
18 17 21 16 9 20 2 10 6 7 5 15 0 3 11 23 4 22 8 12 13 19 1 14
1359
15 0 3 11 5 23 4 9 16 13 22 8 12 19 1 14 18 21 17 2 10 20 7 6
1384
4 9 13 22 8 12 19 1 14 18 17 21 16 20 10 2 6 15 0 11 3 5 7 23
1400
13 9 16 19 1 14 18 21 17 2 10 20 7 6 15 0 3 11 5 23 4 22 8 12
1380
3 0 15 6 10 2 20 16 17 21 18 14 1 19 13 12 8 22 9 4 7 5 23 11
1398
5 23 4 9 22 8 12 13 19 1 14 18 21 17 16 20 7 6 2 10 15 0 11 3
1361
22 8 12 13 9 16 19 1 14 18 21 17 2 10 20 7 6 15 0 3 11 5 23 4
1380
7 10 2 6 15 0 11 3 5 23 4 9 13 22 8 12 19 1 14 18 17 21 16 20
1381
23 4 9 16 13 22 8 12 19 1 14 18 21 17 2 10 20 7 6 15 0 3 11 5
1384
23 4 9 22 8 12 13 19 1 14 18 17 21 16 2 10 20 7 6 5 15 0 11 3
1379
0 15 10 2 6 5 7 20 16 17 21 18 14 1 19 12 8 22 13 9 4 23 11 3
1356
9 13 22 8 12 19 1 14 18 17 21 16 20 10 2 6 15 0 11 3 5 7 23 4
1400
21 16 9 20 7 2 10 6 5 15 0 11 3 23 4 22 8 12 13 19 1 14 18 17
1358
20 16 17 21 18 14 1 19 12 8 22 13 9 4 7 23 5 11 3 0 15 6 10 2
1390
15 0 11 3 5 23 4 9 13 22 8 12 19 1 14 18 21 17 16 2 10 20 7 6
1381
13 12 8 22 4 20 6 15 0 3 11 5 23 7 10 2 17 21 18 14 1 19 16 9
1395
9 22 8 12 13 19 1 14 18 17 21 16 20 7 2 10 6 5 15 0 3 11 23 4
1371
12 13 9 16 19 1 14 18 21 17 2 10 20 7 6 5 15 0 11 3 23 4 22 8
1380
21 18 14 1 19 13 12 8 22 11 3 0 15 5 23 4 6 7 20 9 16 2 10 17
1368
15 5 6 7 20 16 2 10 17 21 18 14 1 19 8 12 22 13 9 4 23 11 3 0
1418
0 3 11 23 5 7 4 9 16 21 17 18 14 1 19 13 12 8 22 20 2 10 6 15
1393
4 23 7 5 3 11 0 15 6 20 10 2 17 21 18 14 1 19 12 8 22 13 16 9
1424
15 6 7 20 10 2 17 21 18 14 1 19 12 8 22 13 16 9 4 23 5 11 3 0
1384
5 11 3 0 15 6 7 20 10 2 16 17 21 18 14 1 19 8 12 22 13 9 4 23
1404
18 17 21 16 9 20 7 2 10 6 15 0 3 11 5 23 4 22 8 12 13 19 1 14
1358
21 18 14 1 19 13 12 8 22 4 23 7 5 11 3 0 15 10 2 6 20 9 16 17
1362
7 6 15 0 3 11 5 23 4 9 16 13 12 8 22 19 1 14 18 21 17 2 10 20
1413
23 4 9 16 13 22 8 12 19 1 14 18 21 17 2 10 20 7 6 5 15 0 11 3
1384
15 5 6 7 20 10 2 16 21 17 18 14 1 19 13 12 8 22 9 4 23 11 3 0
1371
0 3 11 23 5 7 4 9 13 22 8 12 19 1 14 18 17 21 16 20 10 2 6 15
1391
16 17 21 18 14 1 19 13 12 8 22 4 23 5 3 11 0 15 10 2 6 7 20 9
1340
14 18 17 21 16 9 20 7 10 2 6 11 3 0 15 5 23 4 22 8 12 13 19 1
1363
16 9 20 7 6 2 10 15 0 11 3 5 23 4 22 8 12 13 19 1 14 18 17 21
1340
21 16 9 20 2 10 6 15 0 3 11 5 7 23 4 22 8 12 13 19 1 14 18 17
1377
15 5 6 7 20 10 2 16 21 17 18 14 1 19 13 12 8 22 9 4 23 11 3 0
1371
8 22 4 23 11 3 0 15 5 6 7 20 10 2 17 21 18 14 1 19 16 9 13 12
1372
4 9 22 8 12 13 19 1 14 18 17 21 16 20 7 2 10 6 15 0 3 11 5 23
1379
9 4 23 5 11 3 0 15 6 7 20 10 2 17 21 18 14 1 19 12 8 22 13 16
1384
12 8 22 4 23 11 3 0 15 5 7 6 10 2 20 16 21 17 18 14 1 19 9 13
1406
2 7 20 17 21 18 14 1 19 12 8 22 13 16 9 4 23 3 11 0 5 6 15 10
1458
15 0 3 11 5 23 4 9 16 13 22 8 12 19 1 14 18 21 17 2 10 20 7 6
1384
12 13 9 16 19 1 14 18 21 17 2 10 20 6 7 4 23 5 15 0 3 11 22 8
1363
20 10 2 17 21 18 14 1 19 22 8 12 13 16 9 4 23 11 3 0 15 5 6 7
1405
9 16 21 17 18 14 1 19 13 12 8 22 4 23 5 11 3 0 15 6 10 2 7 20
1358
11 3 23 4 9 22 8 12 13 19 1 14 18 21 17 16 2 10 20 7 6 5 15 0
1379
3 0 15 5 6 7 20 10 2 17 21 18 14 1 19 12 8 22 13 16 9 4 23 11
1376
0 3 11 5 23 4 9 16 21 17 18 14 1 19 13 12 8 22 20 7 2 10 6 15
1374
10 2 6 7 20 16 21 17 18 14 1 19 12 8 22 13 9 4 23 5 11 3 0 15
1345
19 13 12 8 22 4 23 7 5 3 11 0 15 6 10 2 20 9 16 21 17 18 14 1
1386
10 15 0 3 11 5 23 4 9 13 22 8 12 19 1 14 18 17 21 16 20 7 6 2
1345
3 11 0 15 5 6 7 20 10 2 17 21 18 14 1 19 12 8 22 13 16 9 4 23
1384
14 1 19 13 12 8 22 4 23 5 11 3 0 15 6 10 2 7 20 9 16 21 17 18
1358
6 15 0 3 11 5 23 4 9 22 8 12 13 19 1 14 18 16 21 17 2 10 20 7
1367
1 19 14 18 21 17 16 9 20 7 6 2 10 15 0 3 11 5 23 4 22 8 12 13
1377
22 8 12 13 9 19 1 14 18 21 17 16 20 10 2 6 4 7 23 5 15 0 3 11
1411
13 12 8 22 4 23 5 11 3 0 15 6 7 20 10 2 17 21 18 14 1 19 16 9
1380
19 13 12 8 22 4 23 5 15 0 3 11 6 10 2 7 20 9 16 21 17 18 14 1
1363
6 7 20 10 2 17 21 18 14 1 19 12 8 22 13 16 9 4 23 11 3 0 15 5
1376
12 13 9 16 19 1 14 18 21 17 2 10 20 7 6 4 23 5 15 0 3 11 22 8
1368
8 22 4 7 23 5 11 3 0 15 6 2 10 20 16 17 21 18 14 1 19 9 13 12
1423
18 21 17 16 9 20 10 2 6 7 5 15 0 3 11 23 4 22 8 12 13 19 1 14
1359
14 18 17 21 16 9 20 7 10 2 6 11 3 0 15 5 23 4 22 8 12 13 19 1
1363
23 5 11 3 0 15 6 7 20 10 2 17 21 18 14 1 19 12 8 22 13 16 9 4
1384
3 0 15 5 6 10 2 7 20 16 17 21 18 14 1 19 12 8 22 13 9 4 23 11
1364
17 21 16 9 20 7 2 10 6 15 0 3 11 5 23 4 22 8 12 13 19 1 14 18
1358
5 6 7 20 10 2 17 21 18 14 1 19 8 12 22 13 16 9 4 23 11 3 0 15
1408
12 8 22 4 23 11 3 0 15 5 6 7 20 10 2 17 21 18 14 1 19 16 9 13
1372
2 10 7 20 17 21 18 14 1 19 8 12 22 13 16 9 4 23 11 3 0 15 5 6
1446
9 16 13 22 8 12 19 1 14 18 21 17 2 10 20 7 6 15 0 3 11 5 23 4
1384
18 14 1 19 13 12 8 22 4 23 5 11 3 0 15 10 2 6 7 20 9 16 17 21
1331
19 1 13 12 8 22 4 23 5 3 11 0 15 10 2 6 7 20 9 16 17 21 18 14
1386
23 11 3 0 15 5 6 7 20 10 2 17 21 18 14 1 19 12 8 22 13 16 9 4
1376
12 8 22 4 23 11 3 0 15 5 7 6 2 10 20 16 17 21 18 14 1 19 9 13
1406
10 15 0 3 11 5 23 4 9 22 8 12 13 19 1 14 18 21 17 16 20 7 6 2
1352
3 0 15 6 7 20 10 2 17 21 18 14 1 19 12 8 22 13 16 9 4 23 5 11
1384
6 15 0 3 11 5 23 4 9 13 22 8 12 19 1 14 18 21 17 16 2 10 20 7
1372
13 12 8 22 4 23 7 5 11 3 0 15 10 2 6 20 16 21 17 18 14 1 19 9
1409
20 6 15 0 3 11 5 23 7 10 2 17 21 18 14 1 19 12 8 22 13 16 9 4
1399
2 10 15 6 5 0 3 11 23 4 9 22 8 12 13 19 1 14 18 17 21 16 20 7
1407
14 1 19 13 12 8 22 4 23 5 15 0 3 11 6 2 10 7 20 9 16 21 17 18
1363
19 13 12 8 22 4 23 3 11 5 0 15 6 10 2 7 20 9 16 21 17 18 14 1
1402
16 9 20 7 6 2 10 15 0 3 11 5 23 4 22 8 12 13 19 1 14 18 21 17
1331
23 4 9 22 8 12 13 19 1 14 18 17 21 16 20 7 6 2 10 15 0 3 11 5
1352
14 1 19 13 12 8 22 4 23 7 5 15 0 3 11 6 2 10 20 9 16 21 17 18
1382
16 9 20 10 2 6 4 7 23 5 15 0 3 11 22 8 12 13 19 1 14 18 21 17
1364
0 15 6 7 20 10 2 17 21 18 14 1 19 12 8 22 13 16 9 4 23 5 11 3
1384
6 7 20 10 2 17 21 18 14 1 19 12 8 22 13 16 9 4 23 5 11 3 0 15
1384
4 23 11 3 0 15 5 6 7 20 10 2 16 17 21 18 14 1 19 13 12 8 22 9
1371
4 9 16 13 22 8 12 19 1 14 18 21 17 2 10 20 7 6 5 15 0 11 3 23
1384
4 23 5 11 3 0 15 6 10 2 7 20 16 21 17 18 14 1 19 13 12 8 22 9
1379
13 12 8 22 4 23 6 15 0 11 3 5 7 20 10 2 17 21 18 14 1 19 16 9
1409
0 15 5 6 7 20 10 2 17 21 16 18 14 1 19 13 12 8 22 9 4 23 11 3
1359
18 21 17 10 2 16 9 20 7 6 15 0 3 11 5 23 4 22 8 12 13 19 1 14
1380
3 11 0 15 5 6 7 20 10 2 17 21 18 14 1 19 12 8 22 13 16 9 4 23
1384
13 9 16 19 1 14 18 21 17 2 10 7 23 5 3 11 0 15 6 20 4 22 8 12
1404
18 14 1 19 13 12 8 22 4 23 11 3 0 15 5 6 7 20 9 16 2 10 17 21
1372
9 4 23 3 11 0 15 5 6 10 2 7 20 16 17 21 18 14 1 19 13 12 8 22
1379
7 20 16 2 10 17 21 18 14 1 19 13 12 8 22 9 4 23 11 3 0 15 5 6
1393
8 12 13 9 16 19 1 14 18 21 17 2 10 20 4 23 7 5 0 15 6 11 3 22
1391
0 3 11 5 23 4 9 16 13 22 8 12 19 1 14 18 21 17 2 10 20 7 6 15
1384
13 12 8 22 4 7 23 11 3 0 15 5 6 20 10 2 17 21 18 14 1 19 16 9
1402
19 1 14 18 17 21 16 9 20 7 10 2 6 15 0 3 11 5 23 4 22 8 12 13
1358
21 17 16 9 20 2 10 6 7 4 23 5 15 0 3 11 22 8 12 13 19 1 14 18
1329
12 8 22 11 3 0 15 5 23 4 7 6 20 10 2 17 21 18 14 1 19 16 9 13
1363
5 23 4 9 16 13 12 8 22 19 1 14 18 21 17 2 10 20 7 6 15 0 3 11
1413
16 9 20 7 6 2 10 15 0 3 11 5 23 4 22 8 12 13 19 1 14 18 21 17
1331
18 17 21 16 9 20 7 10 2 6 4 23 5 15 0 3 11 22 8 12 13 19 1 14
1346
6 7 20 10 2 17 21 18 14 1 19 12 8 22 13 16 9 4 23 5 3 11 0 15
1393
0 3 11 23 5 7 10 2 17 21 18 14 1 19 12 8 22 13 16 9 4 20 6 15
1400
5 23 4 9 13 22 12 8 19 1 14 18 21 17 16 2 10 20 7 6 15 0 3 11
1404
20 16 21 17 18 14 1 19 12 8 22 13 9 4 23 7 5 11 3 0 15 6 10 2
1391
12 13 9 19 1 14 18 17 21 16 20 7 10 2 6 4 23 5 15 0 3 11 22 8
1393
9 20 7 6 2 10 15 0 11 3 5 23 4 22 8 12 13 19 1 14 18 17 21 16
1340
21 17 18 14 1 19 13 12 8 22 4 23 11 3 0 15 5 7 6 10 2 20 9 16
1359
21 18 14 1 19 13 12 8 22 4 23 5 11 3 0 15 6 7 20 9 16 2 10 17
1380
21 17 16 9 20 7 2 10 6 15 0 3 11 5 23 4 22 8 12 13 19 1 14 18
1358
20 16 21 17 18 14 1 19 12 8 22 13 9 4 7 2 10 6 15 0 3 11 5 23
1388
16 9 4 23 3 11 0 15 5 6 7 20 10 2 17 21 18 14 1 19 12 8 22 13
1384
3 11 23 4 9 16 13 22 8 12 19 1 14 18 21 17 2 10 20 7 6 5 15 0
1376
10 2 7 20 22 8 12 13 19 1 14 18 17 21 16 9 4 23 11 3 0 5 6 15
1402
2 6 7 20 16 17 21 18 14 1 19 13 12 8 22 9 4 23 5 3 11 0 15 10
1361
13 9 19 1 14 18 21 17 16 20 6 2 10 15 0 11 3 5 23 7 4 22 8 12
1417
23 5 11 3 0 15 6 7 20 16 2 10 17 21 18 14 1 19 12 8 22 13 9 4
1394
16 21 17 18 14 1 19 13 12 8 22 4 7 6 2 10 15 0 3 11 5 23 20 9
1347
7 20 10 2 16 17 21 18 14 1 19 13 12 8 22 9 4 23 11 3 0 15 5 6
1371
12 13 9 19 1 14 18 21 17 16 2 10 20 7 6 15 0 5 23 4 11 3 22 8
1419
9 16 13 22 8 12 19 1 14 18 21 17 2 10 20 7 5 11 3 0 15 6 23 4
1404
14 1 19 13 12 8 22 4 23 3 11 0 15 5 6 10 2 7 20 9 16 17 21 18
1358
1 19 13 12 8 22 4 23 5 15 0 3 11 6 10 2 7 20 9 16 21 17 18 14
1363
13 12 8 22 4 23 5 11 3 0 15 6 7 20 10 2 17 21 18 14 1 19 16 9
1380
1 19 13 12 8 22 4 23 3 11 5 0 15 6 2 10 7 20 9 16 21 17 18 14
1402
4 20 6 15 0 3 11 5 23 7 10 2 17 21 18 14 1 19 12 8 22 13 16 9
1399
1 14 18 17 21 16 9 20 2 10 6 15 0 3 11 5 23 7 4 22 8 12 13 19
1376
13 12 8 22 4 23 7 5 3 11 0 15 10 2 6 20 16 21 17 18 14 1 19 9
1418
19 13 12 8 22 4 23 5 11 3 0 15 6 10 2 7 20 9 16 21 17 18 14 1
1358
9 22 8 12 13 19 1 14 18 21 17 16 20 6 2 10 15 0 3 11 5 7 23 4
1383
17 21 16 9 20 2 10 6 7 5 15 0 3 11 23 4 22 8 12 13 19 1 14 18
1359
2 7 20 16 17 21 18 14 1 19 13 12 8 22 9 4 23 11 3 0 5 6 15 10
1407
3 11 0 15 6 20 4 9 16 13 22 8 12 19 1 14 18 21 17 2 10 7 5 23
1408
10 2 7 20 16 17 21 18 14 1 19 12 8 22 13 9 4 23 11 3 0 5 6 15
1400
10 7 20 16 21 17 18 14 1 19 12 8 22 13 9 4 23 5 11 3 0 15 6 2
1372
21 18 14 1 19 13 12 8 22 4 23 5 11 3 0 15 10 2 6 7 20 9 16 17
1331
4 23 3 11 0 15 5 6 7 20 10 2 17 21 18 14 1 19 12 8 22 13 16 9
1384
6 7 20 10 2 16 21 17 18 14 1 19 13 12 8 22 9 4 23 11 3 0 15 5
1371
3 5 23 4 9 16 13 22 8 12 19 1 14 18 21 17 2 10 20 7 6 15 0 11
1393
20 16 21 17 18 14 1 19 13 12 8 22 9 4 23 7 5 11 3 0 15 10 2 6
1383
10 15 0 3 11 5 23 4 9 22 8 12 13 19 1 14 18 21 17 16 20 7 6 2
1352
13 9 19 1 14 18 17 21 16 20 6 2 10 15 0 3 11 5 7 23 4 22 8 12
1409
22 8 12 13 9 16 19 1 14 18 21 17 2 10 20 6 7 4 23 5 15 0 3 11
1363
7 20 10 2 16 17 21 18 14 1 19 13 12 8 22 9 4 23 5 3 11 0 15 6
1388
14 1 19 13 12 8 22 11 3 0 15 5 23 4 7 6 10 2 20 9 16 21 17 18
1329
22 4 23 5 11 3 0 15 6 7 20 10 2 17 21 18 14 1 19 16 9 13 12 8
1380
18 21 17 10 2 16 9 20 7 6 5 15 0 11 3 23 4 22 8 12 13 19 1 14
1380
21 17 18 14 1 19 13 12 8 22 4 7 23 3 11 0 15 5 6 2 10 20 9 16
1376
23 5 11 3 0 15 6 7 20 10 2 17 21 18 14 1 19 8 12 22 13 16 9 4
1416
9 16 2 10 17 21 18 14 1 19 13 12 8 22 4 23 5 11 3 0 15 6 7 20
1380
21 18 14 1 19 13 12 8 22 11 3 0 15 5 23 4 6 10 2 7 20 9 16 17
1346
19 1 14 18 21 17 10 2 16 9 20 23 6 15 0 3 11 5 7 4 22 8 12 13
1416
17 21 16 9 20 7 2 10 6 15 0 3 11 5 23 4 22 8 12 13 19 1 14 18
1358
20 7 6 15 0 11 3 5 23 4 9 13 22 8 12 19 1 14 18 17 21 16 2 10
1381
16 21 17 18 14 1 19 13 12 8 22 11 3 0 15 5 23 4 7 6 2 10 20 9
1329
19 13 12 8 22 4 23 5 11 3 0 15 6 7 20 9 16 2 10 17 21 18 14 1
1380
9 13 22 8 12 19 1 14 18 17 21 16 2 10 20 7 6 15 0 11 3 5 23 4
1381
11 3 0 15 6 20 10 2 17 21 18 14 1 19 12 8 22 13 16 9 4 7 5 23
1415
7 6 15 0 11 3 5 23 4 9 22 8 12 13 19 1 14 18 21 17 16 2 10 20
1388
9 16 13 22 8 12 19 1 14 18 21 17 2 10 20 6 15 0 11 3 5 7 23 4
1424
5 23 4 9 13 22 8 12 19 1 14 18 17 21 16 2 10 20 7 6 15 0 3 11
1372
9 16 21 17 18 14 1 19 13 12 8 22 4 23 11 3 0 15 5 6 2 10 7 20
1350
0 3 11 5 23 4 9 13 22 8 12 19 1 14 18 21 17 10 2 16 20 7 6 15
1394
10 2 6 5 23 4 9 16 17 21 18 14 1 19 12 8 22 13 20 7 11 3 0 15
1391
10 15 0 3 11 5 23 4 9 22 8 12 13 19 1 14 18 21 17 16 20 7 6 2
1352
2 7 20 16 21 17 18 14 1 19 12 8 22 13 9 4 23 11 3 0 5 6 15 10
1400
21 17 18 14 1 19 13 12 8 22 11 3 0 15 5 23 4 7 6 10 2 20 9 16
1329
22 8 12 13 9 19 1 14 18 21 17 16 2 10 20 7 6 4 23 5 0 15 11 3
1402
2 10 15 6 5 0 3 11 23 4 9 16 17 21 18 14 1 19 12 8 22 13 20 7
1422
4 23 5 3 11 0 15 6 7 20 10 2 17 21 18 14 1 19 12 8 22 13 16 9
1393
23 5 11 3 0 15 6 7 20 10 2 17 21 18 14 1 19 12 8 22 13 16 9 4
1384
12 13 9 16 19 1 14 18 21 17 2 10 20 7 6 5 15 0 11 3 23 4 22 8
1380
2 6 5 15 0 3 11 23 4 9 16 13 12 8 22 19 1 14 18 21 17 20 7 10
1443
11 3 0 15 6 20 10 2 17 21 18 14 1 19 12 8 22 13 16 9 4 7 5 23
1415
23 5 11 3 0 15 6 7 20 10 2 17 21 18 14 1 19 12 8 22 13 16 9 4
1384
16 9 20 23 5 3 11 0 15 6 7 4 22 8 12 13 19 1 14 18 21 17 10 2
1405
18 14 1 19 13 12 8 22 4 23 5 11 3 0 15 6 7 20 9 16 2 10 17 21
1380
12 13 9 16 19 1 14 18 21 17 2 10 20 7 6 5 15 0 11 3 23 4 22 8
1380
2 10 15 6 5 0 3 11 23 4 9 16 17 21 18 14 1 19 13 12 8 22 20 7
1402
5 15 0 11 3 23 4 9 13 22 8 12 19 1 14 18 21 17 16 20 7 10 2 6
1372
7 6 15 0 3 11 5 23 4 9 16 13 22 8 12 19 1 14 18 21 17 2 10 20
1384
15 6 7 20 16 2 10 17 21 18 14 1 19 13 12 8 22 9 4 23 5 11 3 0
1401
3 23 5 7 4 9 16 13 22 8 12 19 1 14 18 21 17 2 10 20 6 15 0 11
1423
12 8 22 11 3 0 15 5 23 7 4 6 20 10 2 17 21 18 14 1 19 16 9 13
1398
19 13 12 8 22 4 23 11 3 0 15 5 7 6 2 10 20 9 16 17 21 18 14 1
1359
18 14 1 19 13 12 8 22 4 23 5 11 3 0 15 6 7 20 9 16 2 10 17 21
1380
8 22 11 3 0 15 5 23 4 6 10 2 7 20 16 21 17 18 14 1 19 9 13 12
1393
14 18 21 17 10 2 16 9 20 23 6 11 3 0 15 5 7 4 22 8 12 13 19 1
1421
19 13 12 8 22 4 23 5 3 11 0 15 6 2 10 7 20 9 16 17 21 18 14 1
1367
18 21 17 16 9 20 10 2 6 7 5 15 0 3 11 23 4 22 8 12 13 19 1 14
1359
3 23 4 9 16 13 22 8 12 19 1 14 18 21 17 2 10 20 7 6 5 15 0 11
1384
15 0 3 11 5 23 4 9 13 22 8 12 19 1 14 18 16 21 17 2 10 20 7 6
1360
2 7 20 16 17 21 18 14 1 19 12 8 22 13 9 4 23 3 11 0 5 6 15 10
1408
16 21 17 18 14 1 19 13 12 8 22 11 3 0 15 5 23 4 6 10 2 7 20 9
1346
18 21 17 16 9 20 10 2 6 7 5 15 0 3 11 23 4 22 8 12 13 19 1 14
1359
0 3 11 23 5 7 4 9 13 22 8 12 19 1 14 18 17 21 16 20 2 10 6 15
1391
6 7 20 10 2 16 21 17 18 14 1 19 13 12 8 22 9 4 23 11 3 0 15 5
1371
7 20 10 2 17 21 18 14 1 19 8 12 22 13 16 9 4 23 5 11 3 0 15 6
1416
1 14 18 17 21 16 9 20 7 10 2 6 15 0 3 11 5 23 4 22 8 12 13 19
1358
15 0 11 3 23 4 9 13 12 8 22 19 1 14 18 21 17 10 2 16 20 7 6 5
1423
6 7 20 10 2 17 21 18 14 1 19 12 8 22 13 16 9 4 23 5 3 11 0 15
1393
20 16 21 17 18 14 1 19 12 8 22 13 9 4 23 5 11 3 0 15 6 2 10 7
1372
12 13 9 4 23 7 5 11 3 0 15 6 10 2 20 16 21 17 18 14 1 19 22 8
1420
6 15 0 3 11 5 23 4 9 16 13 22 8 12 19 1 14 18 21 17 2 10 20 7
1384
5 3 11 0 15 6 7 20 10 2 17 21 16 18 14 1 19 13 12 8 22 9 4 23
1376
15 0 3 11 5 23 4 9 16 13 22 8 12 19 1 14 18 21 17 2 10 20 7 6
1384
19 13 12 8 22 4 23 5 15 0 3 11 6 2 10 7 20 9 16 21 17 18 14 1
1363
8 12 13 9 19 1 14 18 21 17 16 20 10 2 6 7 5 15 0 3 11 23 4 22
1406
19 1 14 18 21 17 16 9 20 7 2 10 6 15 5 0 3 11 23 4 22 8 12 13
1394
20 2 10 6 5 15 0 3 11 23 7 4 9 22 8 12 13 19 1 14 18 21 17 16
1389
2 10 15 0 3 11 6 5 23 4 9 16 13 22 8 12 19 1 14 18 21 17 20 7
1419
6 7 20 10 2 16 17 21 18 14 1 19 13 12 8 22 9 4 23 5 3 11 0 15
1388
16 2 10 17 21 18 14 1 19 13 12 8 22 4 23 5 11 3 0 15 6 7 20 9
1380
5 11 3 0 15 6 7 20 10 2 17 21 18 14 1 19 12 8 22 13 16 9 4 23
1384
19 13 12 8 22 4 23 5 15 0 3 11 6 10 2 7 20 9 16 21 17 18 14 1
1363
3 11 0 15 5 6 7 20 10 2 17 21 18 14 1 19 12 8 22 13 16 9 4 23
1384
19 1 14 18 17 21 16 9 20 2 10 6 15 0 3 11 5 7 23 4 22 8 12 13
1377
4 23 7 5 11 3 0 15 10 2 6 20 16 21 17 18 14 1 19 13 12 8 22 9
1383
13 12 8 22 4 7 23 3 11 0 15 5 6 2 10 20 16 17 21 18 14 1 19 9
1423
15 6 7 20 10 2 17 21 18 14 1 19 12 8 22 13 16 9 4 23 5 3 11 0
1393
18 17 21 16 9 20 7 6 10 2 15 0 11 3 5 23 4 22 8 12 13 19 1 14
1375
21 17 18 14 1 19 13 12 8 22 4 23 11 3 0 15 5 7 6 2 10 20 9 16
1359
19 13 12 8 22 4 23 11 3 0 15 5 7 6 2 10 20 9 16 17 21 18 14 1
1359
8 12 13 9 19 1 14 18 21 17 16 20 10 2 6 7 5 15 0 3 11 23 4 22
1406
0 3 11 23 5 7 4 9 13 22 8 12 19 1 14 18 21 17 16 20 6 2 10 15
1376
16 17 21 18 14 1 19 13 12 8 22 4 7 23 5 3 11 0 15 10 2 6 20 9
1370
20 7 6 5 15 0 11 3 23 4 9 16 13 22 8 12 19 1 14 18 21 17 2 10
1384
4 7 23 5 11 3 0 15 6 10 2 20 16 17 21 18 14 1 19 12 8 22 13 9
1390
20 6 2 10 15 0 3 11 5 7 23 4 9 13 22 8 12 19 1 14 18 21 17 16
1376
18 17 21 16 9 20 7 2 10 6 15 0 3 11 5 23 4 22 8 12 13 19 1 14
1358
7 20 10 2 17 21 18 14 1 19 8 12 22 13 16 9 4 23 3 11 0 15 5 6
1416
22 8 12 13 9 19 1 14 18 17 21 16 20 10 2 6 15 0 5 7 4 23 11 3
1408
0 15 6 20 4 9 16 13 22 8 12 19 1 14 18 21 17 2 10 7 5 23 11 3
1400
4 9 13 22 8 12 19 1 14 18 21 17 10 2 16 20 7 6 5 15 0 3 11 23
1386
16 9 20 2 10 6 15 0 3 11 5 23 7 4 22 8 12 13 19 1 14 18 17 21
1376
22 4 23 11 3 0 15 5 7 6 20 10 2 17 21 18 14 1 19 16 9 13 12 8
1393
7 20 10 2 17 21 18 14 1 19 12 8 22 13 16 9 4 23 5 11 3 0 15 6
1384
11 3 23 5 7 10 2 17 21 18 14 1 19 12 8 22 13 16 9 4 20 6 15 0
1408
22 8 12 13 9 16 19 1 14 18 21 17 2 10 20 7 6 4 23 5 0 15 11 3
1377
1 14 18 17 21 16 9 20 7 2 10 6 15 0 3 11 5 23 4 22 8 12 13 19
1358
2 10 15 0 3 11 6 5 23 4 9 13 22 8 12 19 1 14 18 17 21 16 20 7
1369
8 22 19 1 14 18 21 17 16 20 2 10 6 7 5 15 0 3 11 23 4 9 13 12
1402
18 17 21 16 9 20 7 6 2 10 15 0 11 3 5 23 4 22 8 12 13 19 1 14
1340
4 9 13 22 8 12 19 1 14 18 21 17 16 2 10 20 7 6 15 0 3 11 5 23
1372
11 0 15 5 6 7 20 10 2 16 17 21 18 14 1 19 12 8 22 13 9 4 23 3
1372
11 3 23 5 7 4 9 16 13 22 8 12 19 1 14 18 21 17 2 10 20 6 15 0
1423
16 21 17 18 14 1 19 13 12 8 22 4 23 5 11 3 0 15 6 10 2 7 20 9
1358
23 4 9 13 22 8 12 19 1 14 18 21 17 16 20 7 6 2 10 15 0 11 3 5
1354
23 5 11 3 0 15 6 7 20 16 2 10 17 21 18 14 1 19 12 8 22 13 9 4
1394
1 14 18 17 21 16 9 20 7 2 10 6 15 0 5 11 3 23 4 22 8 12 13 19
1402
14 1 19 13 12 8 22 11 3 0 15 5 23 4 7 6 10 2 20 9 16 21 17 18
1329
7 20 10 2 17 21 18 14 1 19 12 8 22 13 16 9 4 23 11 3 0 15 5 6
1376
6 10 2 7 20 16 21 17 18 14 1 19 8 12 22 13 9 4 23 3 11 0 15 5
1404
16 2 10 17 21 18 14 1 19 13 12 8 22 4 23 5 11 3 0 15 6 7 20 9
1380
1 14 18 17 21 16 9 20 10 2 6 7 5 15 0 3 11 23 4 22 8 12 13 19
1359
11 23 4 9 22 8 12 13 19 1 14 18 17 21 16 20 7 10 2 6 5 15 0 3
1371
0 3 11 5 23 4 9 13 22 8 12 19 1 14 18 21 17 16 2 10 20 7 6 15
1372
3 0 15 6 20 4 9 16 13 22 8 12 19 1 14 18 21 17 2 10 7 5 23 11
1400
0 15 6 7 20 10 2 17 21 16 18 14 1 19 12 8 22 13 9 4 23 5 11 3
1360
16 13 12 8 22 19 1 14 18 21 17 2 10 20 7 6 5 15 0 3 11 23 4 9
1405
20 6 15 0 3 11 5 23 7 10 2 17 21 18 14 1 19 12 8 22 13 16 9 4
1399
15 5 6 7 20 10 2 17 21 18 14 1 19 8 12 22 13 16 9 4 23 11 3 0
1408
7 6 15 0 11 3 5 23 4 9 16 13 22 8 12 19 1 14 18 21 17 2 10 20
1393
0 3 11 23 5 7 10 2 17 21 18 14 1 19 12 8 22 13 16 9 4 20 6 15
1400
4 9 22 8 12 13 19 1 14 18 21 17 16 20 2 10 6 15 0 3 11 5 23 7
1397
7 2 10 6 15 0 3 11 5 23 4 9 16 17 21 18 14 1 19 13 12 8 22 20
1374
6 15 0 3 11 5 23 4 9 16 13 22 8 12 19 1 14 18 21 17 2 10 20 7
1384
1 19 13 12 8 22 4 23 11 3 0 5 15 6 10 2 7 20 9 16 21 17 18 14
1394
21 18 14 1 19 13 12 8 22 4 23 11 3 0 15 5 7 6 2 10 20 9 16 17
1359
22 8 12 13 9 19 1 14 18 17 21 16 20 7 10 2 6 4 23 5 15 0 3 11
1393
21 17 16 9 20 2 10 6 7 5 15 0 3 11 23 4 22 8 12 13 19 1 14 18
1359
1 19 13 12 8 22 4 23 7 5 3 11 0 15 6 10 2 20 9 16 17 21 18 14
1386
9 16 13 22 8 12 19 1 14 18 21 17 2 10 20 7 6 15 0 3 11 5 23 4
1384
23 4 9 13 22 8 12 19 1 14 18 17 21 16 20 7 10 2 6 15 0 3 11 5
1372
2 7 20 13 22 8 12 19 1 14 18 21 17 16 9 4 23 5 6 11 3 0 15 10
1391
9 16 21 17 18 14 1 19 13 12 8 22 11 3 0 15 5 23 4 6 10 2 7 20
1346
18 14 1 19 13 12 8 22 4 23 7 5 11 3 0 15 10 2 6 20 9 16 17 21
1362
23 11 3 0 15 5 6 10 2 7 20 16 21 17 18 14 1 19 13 12 8 22 9 4
1371
6 10 2 7 20 16 17 21 18 14 1 19 13 12 8 22 9 4 23 11 3 0 15 5
1371
23 4 9 16 13 22 12 8 19 1 14 18 21 17 2 10 20 7 6 15 0 3 11 5
1416
23 4 9 22 8 12 13 19 1 14 18 21 17 10 2 16 20 7 6 15 0 3 11 5
1401
2 10 15 0 3 11 7 20 13 22 8 12 19 1 14 18 21 17 16 9 4 23 5 6
1391
4 9 16 13 22 12 8 19 1 14 18 21 17 2 10 20 7 6 15 0 3 11 5 23
1416
7 6 5 15 0 3 11 23 4 9 13 12 8 22 19 1 14 18 17 21 16 2 10 20
1393
21 17 18 14 1 19 13 12 8 22 4 23 5 11 3 0 15 6 10 2 7 20 9 16
1358
10 15 0 3 11 6 5 23 4 9 16 17 21 18 14 1 19 13 12 8 22 20 7 2
1371
19 1 14 18 17 21 16 9 20 7 2 10 6 11 3 0 15 5 23 4 22 8 12 13
1363
23 5 3 11 0 15 6 7 20 10 2 17 21 18 14 1 19 12 8 22 13 16 9 4
1393
15 0 3 11 5 23 4 9 13 22 8 12 19 1 14 18 17 21 16 20 7 2 10 6
1372
23 11 3 0 15 5 6 7 20 10 2 16 21 17 18 14 1 19 13 12 8 22 9 4
1371
3 11 23 4 9 16 13 22 8 12 19 1 14 18 21 17 2 10 20 7 6 5 15 0
1376
12 13 9 16 19 1 14 18 21 17 2 10 20 7 5 11 3 0 15 6 23 4 22 8
1400
11 23 4 9 13 22 8 12 19 1 14 18 17 21 16 20 7 10 2 6 5 15 0 3
1364
22 11 3 0 15 5 23 7 4 6 10 2 20 16 17 21 18 14 1 19 9 13 12 8
1411
1 19 13 12 8 22 4 23 5 3 11 0 15 6 10 2 7 20 9 16 17 21 18 14
1367
23 4 9 22 8 12 13 19 1 14 18 21 17 16 20 7 6 2 10 15 0 3 11 5
1352
23 4 9 16 13 22 8 12 19 1 14 18 21 17 2 10 20 7 6 5 15 0 11 3
1384
12 8 22 11 3 0 15 5 23 4 7 6 20 10 2 17 21 18 14 1 19 16 9 13
1363
23 4 9 16 13 22 8 12 19 1 14 18 21 17 2 10 20 7 6 15 0 3 11 5
1384
14 18 17 21 16 9 20 2 10 6 11 3 0 15 5 7 23 4 22 8 12 13 19 1
1382
11 5 23 4 9 16 13 22 8 12 19 1 14 18 21 17 2 10 20 7 6 15 0 3
1384
18 21 17 16 9 20 2 10 6 7 5 15 0 3 11 23 4 22 8 12 13 19 1 14
1359
3 0 15 6 10 2 20 16 17 21 18 14 1 19 13 12 8 22 9 4 7 5 23 11
1398
13 12 8 22 4 23 5 11 3 0 15 6 7 20 10 2 17 21 18 14 1 19 16 9
1380
14 1 19 13 12 8 22 4 23 5 15 0 3 11 6 7 20 9 16 2 10 17 21 18
1385
11 3 23 4 9 16 13 22 8 12 19 1 14 18 21 17 2 10 20 7 6 5 15 0
1384
8 22 4 23 5 15 0 3 11 6 7 20 10 2 16 17 21 18 14 1 19 9 13 12
1410
8 22 11 3 0 15 5 23 4 6 7 20 10 2 17 21 18 14 1 19 16 9 13 12
1368
8 12 13 9 19 1 14 18 21 17 16 2 10 20 7 6 15 0 5 23 4 11 3 22
1419
17 18 14 1 19 13 12 8 22 4 23 5 11 3 0 15 6 10 2 7 20 9 16 21
1358
16 9 20 2 10 6 15 0 3 11 5 7 23 4 22 8 12 13 19 1 14 18 17 21
1377
19 1 14 18 17 21 16 9 20 7 2 10 6 15 0 5 11 3 23 4 22 8 12 13
1402
17 16 9 20 2 10 6 7 5 15 0 3 11 23 4 22 8 12 13 19 1 14 18 21
1359
2 6 7 20 16 17 21 18 14 1 19 13 12 8 22 9 4 23 5 11 3 0 15 10
1352
10 2 7 20 16 17 21 18 14 1 19 13 12 8 22 9 4 23 11 3 0 5 6 15
1407
21 17 16 9 20 2 10 6 7 5 15 0 3 11 23 4 22 8 12 13 19 1 14 18
1359
23 4 9 13 12 8 22 19 1 14 18 21 17 16 2 10 20 7 6 5 15 0 3 11
1393
9 16 17 21 18 14 1 19 13 12 8 22 4 23 11 3 0 15 5 7 6 10 2 20
1359
3 0 15 6 10 2 7 20 22 8 12 13 19 1 14 18 21 17 16 9 4 23 5 11
1374
6 15 0 3 11 5 23 4 9 16 13 22 8 12 19 1 14 18 21 17 2 10 20 7
1384
5 11 3 0 15 6 10 2 7 20 16 21 17 18 14 1 19 12 8 22 13 9 4 23
1372
10 15 0 3 11 6 5 23 4 9 13 22 8 12 19 1 14 18 17 21 16 20 7 2
1369
23 4 9 13 22 8 12 19 1 14 18 21 17 16 2 10 20 7 6 15 0 11 3 5
1381
10 2 7 20 13 22 8 12 19 1 14 18 21 17 16 9 4 23 3 11 0 5 6 15
1430
18 14 1 19 13 12 8 22 11 3 0 15 5 23 4 6 2 10 7 20 9 16 21 17
1346
21 17 18 14 1 19 13 12 8 22 11 3 0 15 5 23 4 6 2 10 7 20 9 16
1346
20 10 2 17 21 18 14 1 19 12 8 22 13 16 9 4 23 5 11 3 0 15 6 7
1384
13 12 8 22 4 23 5 11 3 0 15 6 7 20 10 2 16 21 17 18 14 1 19 9
1405
12 13 9 16 19 1 14 18 21 17 2 10 20 6 7 4 23 5 15 0 3 11 22 8
1363
1 19 13 12 8 22 4 23 5 15 0 3 11 6 10 2 7 20 9 16 21 17 18 14
1363
12 13 9 19 1 14 18 21 17 16 20 7 6 2 10 15 0 5 23 4 11 3 22 8
1392
10 2 6 15 0 11 3 5 23 4 9 13 22 8 12 19 1 14 18 21 17 16 20 7
1381
21 18 14 1 19 13 12 8 22 4 23 3 11 0 15 5 6 10 2 7 20 9 16 17
1358
17 21 18 14 1 19 13 12 8 22 4 23 5 11 3 0 15 6 7 20 9 16 2 10
1380
15 0 11 3 5 23 4 9 16 13 22 8 12 19 1 14 18 21 17 2 10 20 7 6
1393
5 15 0 11 3 23 4 9 16 13 22 8 12 19 1 14 18 21 17 2 10 20 7 6
1384
16 21 17 18 14 1 19 13 12 8 22 4 23 5 11 3 0 15 2 10 6 7 20 9
1366
8 12 13 9 19 1 14 18 21 17 16 2 10 20 7 6 5 15 0 3 11 23 4 22
1397
8 12 13 9 16 19 1 14 18 21 17 2 10 20 4 23 7 5 0 15 6 11 3 22
1391
17 21 16 9 20 7 6 2 10 15 0 3 11 5 23 4 22 8 12 13 19 1 14 18
1331
20 10 2 17 21 18 14 1 19 12 8 22 13 16 9 4 23 5 3 11 0 15 6 7
1393
15 0 3 11 23 4 9 22 8 12 13 19 1 14 18 17 21 16 20 7 10 2 6 5
1371
4 23 5 11 3 0 15 6 2 10 7 20 16 17 21 18 14 1 19 8 12 22 13 9
1404
21 17 18 14 1 19 13 12 8 22 4 7 23 5 3 11 0 15 10 2 6 20 9 16
1370
8 12 13 9 19 1 14 18 21 17 16 20 2 10 6 5 15 0 11 3 23 7 4 22
1423
5 11 3 0 15 6 7 20 10 2 17 21 18 14 1 19 12 8 22 13 16 9 4 23
1384
4 23 5 11 3 0 15 6 7 20 10 2 17 21 18 14 1 19 12 8 22 13 16 9
1384
15 5 6 7 20 10 2 17 21 18 14 1 19 22 8 12 13 16 9 4 23 3 11 0
1413
21 17 16 9 20 7 2 10 6 15 0 3 11 5 23 4 22 8 12 13 19 1 14 18
1358
3 11 23 4 9 16 13 22 8 12 19 1 14 18 21 17 2 10 20 7 6 5 15 0
1376
11 3 0 15 5 6 7 20 10 2 17 21 18 14 1 19 12 8 22 13 16 9 4 23
1376
13 12 8 22 4 23 5 11 3 0 15 6 7 20 10 2 16 21 17 18 14 1 19 9
1405
18 14 1 19 13 12 8 22 4 23 11 3 0 15 5 6 7 20 9 16 2 10 17 21
1372
5 11 3 0 15 6 7 20 10 2 17 21 18 14 1 19 12 8 22 13 16 9 4 23
1384
11 23 4 9 13 22 8 12 19 1 14 18 17 21 16 2 10 20 7 6 5 15 0 3
1364
4 9 16 13 22 8 12 19 1 14 18 21 17 2 10 7 23 5 3 11 0 15 6 20
1408
15 6 7 20 10 2 17 21 18 14 1 19 12 8 22 13 16 9 4 23 5 11 3 0
1384
1 19 13 12 8 22 4 23 11 3 0 15 5 7 6 2 10 20 9 16 21 17 18 14
1359
11 23 5 7 10 2 17 21 18 14 1 19 12 8 22 13 16 9 4 20 6 15 0 3
1400
19 1 14 18 17 21 16 9 20 10 2 6 15 0 3 11 5 7 23 4 22 8 12 13
1377
19 1 14 18 17 21 16 9 20 7 10 2 6 15 5 0 11 3 23 4 22 8 12 13
1402
20 4 9 16 13 22 8 12 19 1 14 18 21 17 2 10 7 23 5 3 11 0 15 6
1408
15 0 3 11 5 23 4 9 22 8 12 13 19 1 14 18 17 21 16 20 7 10 2 6
1379
22 11 3 0 15 5 23 4 7 6 2 10 20 16 17 21 18 14 1 19 9 13 12 8
1376
0 3 11 5 23 4 9 16 13 22 8 12 19 1 14 18 21 17 2 10 20 7 6 15
1384
14 18 21 17 16 9 20 2 10 6 15 5 0 11 3 23 7 4 22 8 12 13 19 1
1420
12 8 22 3 11 6 15 0 5 23 7 4 20 10 2 17 21 18 14 1 19 16 9 13
1390
8 22 4 23 11 3 0 15 5 7 6 2 10 20 16 17 21 18 14 1 19 9 13 12
1406
9 20 23 5 15 0 3 11 6 10 2 7 4 22 8 12 13 19 1 14 18 17 21 16
1379
20 10 2 17 21 18 14 1 19 22 8 12 13 16 9 4 23 11 3 0 15 5 6 7
1405
5 6 7 20 10 2 16 21 17 18 14 1 19 12 8 22 13 9 4 23 11 3 0 15
1364
11 0 15 5 6 7 20 16 2 10 17 21 18 14 1 19 12 8 22 13 9 4 23 3
1394
19 13 12 8 22 4 23 11 3 0 15 5 7 6 2 10 20 9 16 21 17 18 14 1
1359
20 6 5 15 0 3 11 23 7 4 9 16 13 22 8 12 19 1 14 18 21 17 2 10
1406
20 6 15 0 11 3 5 7 23 4 9 16 13 22 8 12 19 1 14 18 21 17 2 10
1424
20 7 6 5 15 0 3 11 23 4 9 22 8 12 13 19 1 14 18 17 21 16 2 10
1371
3 11 0 15 5 6 7 20 10 2 16 17 21 18 14 1 19 12 8 22 13 9 4 23
1372
19 1 14 18 17 21 16 9 20 7 10 2 6 11 3 0 15 5 23 4 22 8 12 13
1363
12 8 22 11 3 0 15 5 23 4 7 6 2 10 20 16 17 21 18 14 1 19 9 13
1376
14 18 21 17 10 2 16 9 20 7 6 15 0 5 11 3 23 4 22 8 12 13 19 1
1424
22 4 23 11 3 0 15 5 6 7 20 10 2 17 21 18 14 1 19 16 9 13 12 8
1372
3 11 23 5 7 4 9 22 8 12 13 19 1 14 18 21 17 16 20 6 2 10 15 0
1383
15 5 6 7 20 10 2 17 21 18 14 1 19 12 8 22 13 16 9 4 23 11 3 0
1376
6 10 2 7 20 16 21 17 18 14 1 19 22 8 12 13 9 4 23 3 11 0 15 5
1401
6 7 20 10 2 17 21 18 14 1 19 12 8 22 13 16 9 4 23 11 3 0 15 5
1376
4 23 5 11 3 0 15 6 7 20 10 2 17 21 18 14 1 19 12 8 22 13 16 9
1384
7 20 10 2 16 17 21 18 14 1 19 13 12 8 22 9 4 23 5 3 11 0 15 6
1388
8 22 19 1 14 18 17 21 16 20 2 10 6 15 0 3 11 5 7 23 4 9 13 12
1420
17 18 14 1 19 13 12 8 22 4 23 5 3 11 0 15 10 2 6 7 20 9 16 21
1340
2 10 7 20 16 17 21 18 14 1 19 12 8 22 13 9 4 23 5 3 11 0 15 6
1381
20 10 2 17 21 18 14 1 19 12 8 22 13 16 9 4 23 7 5 11 3 0 15 6
1415
4 9 16 13 22 8 12 19 1 14 18 21 17 2 10 7 23 5 11 3 0 15 6 20
1399
3 0 15 6 7 20 10 2 17 21 18 14 1 19 12 8 22 13 16 9 4 23 5 11
1384
22 4 23 5 11 3 0 15 6 7 20 10 2 16 17 21 18 14 1 19 9 13 12 8
1405
8 12 13 9 16 19 1 14 18 21 17 2 10 20 7 6 4 23 5 15 0 3 11 22
1368
8 22 4 23 5 3 11 0 15 10 2 6 7 20 16 21 17 18 14 1 19 9 13 12
1387
15 0 3 11 5 23 4 9 16 13 12 8 22 19 1 14 18 21 17 2 10 20 7 6
1413
12 13 9 16 19 1 14 18 21 17 2 10 20 4 7 23 5 0 15 6 11 3 22 8
1390
12 13 9 16 19 1 14 18 21 17 2 10 20 7 6 15 0 3 11 5 23 4 22 8
1380
17 10 2 16 9 20 7 6 4 23 5 15 0 3 11 22 8 12 13 19 1 14 18 21
1368
11 3 23 4 9 16 13 22 8 12 19 1 14 18 21 17 2 10 20 7 6 5 15 0
1384
10 2 6 5 23 4 9 16 17 21 18 14 1 19 12 8 22 13 20 7 11 3 0 15
1391
13 9 19 1 14 18 17 21 16 20 6 2 10 15 0 3 11 5 7 23 4 22 8 12
1409
18 14 1 19 13 12 8 22 4 23 5 3 11 0 15 10 2 6 7 20 9 16 21 17
1340
16 9 20 2 10 6 7 5 15 0 3 11 23 4 22 8 12 13 19 1 14 18 17 21
1359
6 7 20 10 2 17 21 18 14 1 19 22 8 12 13 16 9 4 23 11 3 0 15 5
1405
11 3 0 15 6 10 2 20 16 21 17 18 14 1 19 13 12 8 22 9 4 7 5 23
1398
10 15 0 3 11 6 5 23 4 9 13 22 8 12 19 1 14 18 21 17 16 20 7 2
1369
1 14 18 17 21 16 9 20 2 10 6 7 5 15 0 3 11 23 4 22 8 12 13 19
1359
8 22 3 11 15 0 5 23 4 6 7 20 10 2 16 17 21 18 14 1 19 9 13 12
1402
7 2 10 6 5 15 0 3 11 23 4 9 13 22 8 12 19 1 14 18 17 21 16 20
1364
22 8 12 13 9 4 23 7 5 11 3 0 15 6 10 2 20 16 17 21 18 14 1 19
1420
2 10 15 0 11 3 5 23 4 9 13 22 8 12 19 1 14 18 21 17 16 20 7 6
1354
0 15 6 7 20 10 2 17 21 18 14 1 19 12 8 22 13 16 9 4 23 5 11 3
1384
21 18 14 1 19 13 12 8 22 4 23 5 11 3 0 15 6 2 10 7 20 9 16 17
1358
16 21 17 18 14 1 19 13 12 8 22 4 23 5 3 11 0 15 10 2 6 7 20 9
1340
18 14 1 19 13 12 8 22 4 7 23 5 11 3 0 15 6 10 2 20 9 16 21 17
1376
0 15 6 10 2 20 22 8 12 13 19 1 14 18 17 21 16 9 4 7 5 23 11 3
1393
0 15 6 10 2 7 20 22 8 12 13 19 1 14 18 17 21 16 9 4 23 5 11 3
1374
6 7 20 10 2 16 17 21 18 14 1 19 12 8 22 13 9 4 23 5 11 3 0 15
1372
20 6 15 0 3 11 5 23 7 10 2 17 21 18 14 1 19 12 8 22 13 16 9 4
1399
19 1 14 18 21 17 10 2 16 9 20 7 6 11 3 0 15 5 23 4 22 8 12 13
1385
1 14 18 21 17 16 9 20 7 2 10 6 15 5 0 11 3 23 4 22 8 12 13 19
1402
13 12 8 22 4 23 6 15 0 11 3 5 7 20 10 2 17 21 18 14 1 19 16 9
1409
14 18 21 17 16 9 20 7 2 10 6 4 23 5 15 0 3 11 22 8 12 13 19 1
1346
23 5 11 3 0 15 6 10 2 7 20 16 17 21 18 14 1 19 12 8 22 13 9 4
1372
23 4 9 22 8 12 13 19 1 14 18 21 17 10 2 16 20 7 6 5 15 0 3 11
1393
9 13 22 8 12 19 1 14 18 16 21 17 2 10 20 7 6 15 0 3 11 5 23 4
1360
6 15 0 3 11 5 23 4 9 16 13 12 8 22 19 1 14 18 21 17 2 10 20 7
1413
19 13 12 8 22 4 23 5 3 11 0 15 7 6 10 2 20 9 16 21 17 18 14 1
1387
2 7 20 16 21 17 18 14 1 19 12 8 22 13 9 4 23 5 6 11 3 0 15 10
1369
15 0 3 11 23 4 9 16 13 12 8 22 19 1 14 18 21 17 2 10 20 7 6 5
1405
18 21 17 16 9 20 7 2 10 6 4 23 5 15 0 3 11 22 8 12 13 19 1 14
1346
23 11 3 0 15 5 6 2 10 7 20 16 17 21 18 14 1 19 12 8 22 13 9 4
1364
15 0 11 3 23 4 9 16 13 12 8 22 19 1 14 18 21 17 2 10 20 7 6 5
1413
8 12 13 9 19 1 14 18 17 21 16 20 2 10 6 7 4 23 5 15 0 3 11 22
1376
1 14 18 17 21 16 9 20 2 10 6 7 15 0 11 3 5 23 4 22 8 12 13 19
1387
22 8 12 13 9 16 19 1 14 18 21 17 2 10 20 7 6 4 23 5 15 0 3 11
1368
21 18 14 1 19 13 12 8 22 4 23 5 11 3 0 15 6 10 2 7 20 9 16 17
1358
16 21 17 18 14 1 19 13 12 8 22 4 7 2 10 6 15 0 3 11 5 23 20 9
1374
4 9 22 8 12 13 19 1 14 18 21 17 16 20 2 10 6 15 0 3 11 5 23 7
1397
3 11 0 15 6 20 4 9 16 13 22 8 12 19 1 14 18 21 17 2 10 7 5 23
1408
13 12 8 22 4 7 23 11 3 0 15 5 6 10 2 20 16 17 21 18 14 1 19 9
1415
23 5 3 11 0 15 6 7 20 10 2 16 17 21 18 14 1 19 12 8 22 13 9 4
1381
20 16 17 21 18 14 1 19 12 8 22 13 9 4 7 23 11 3 0 15 5 6 10 2
1382
0 3 11 5 23 4 9 13 22 8 12 19 1 14 18 21 17 16 20 7 2 10 6 15
1372
13 12 8 22 4 23 6 15 0 3 11 5 7 20 10 2 17 21 18 14 1 19 16 9
1400
16 9 20 7 6 10 2 15 0 11 3 5 23 4 22 8 12 13 19 1 14 18 17 21
1375
16 17 21 18 14 1 19 13 12 8 22 11 3 0 15 5 23 4 7 6 10 2 20 9
1329
11 23 5 7 4 9 22 8 12 13 19 1 14 18 21 17 16 20 6 2 10 15 0 3
1383
19 1 14 18 17 21 16 9 20 7 10 2 6 15 5 0 3 11 23 4 22 8 12 13
1394
12 13 9 16 19 1 14 18 21 17 2 10 20 6 7 4 23 5 15 0 3 11 22 8
1363
3 23 4 9 16 13 22 8 12 19 1 14 18 21 17 2 10 20 7 6 5 15 0 11
1384
8 22 3 11 23 4 7 5 0 15 6 2 10 20 16 17 21 18 14 1 19 9 13 12
1408
21 18 14 1 19 13 12 8 22 11 3 0 15 5 23 4 7 6 10 2 20 9 16 17
1329
9 20 6 2 10 15 0 11 3 5 7 23 4 22 8 12 13 19 1 14 18 17 21 16
1371
23 5 11 3 0 15 6 7 20 10 2 17 21 18 14 1 19 12 8 22 13 16 9 4
1384
2 6 5 23 4 9 16 17 21 18 14 1 19 12 8 22 13 20 7 11 3 0 15 10
1391
10 15 6 5 0 3 11 23 4 9 22 8 12 13 19 1 14 18 21 17 16 20 7 2
1407
18 14 1 19 13 12 8 22 4 23 5 11 3 0 15 10 2 6 7 20 9 16 17 21
1331
0 3 11 5 23 4 9 16 13 22 8 12 19 1 14 18 21 17 2 10 20 7 6 15
1384
8 22 4 23 3 11 0 15 5 6 7 20 10 2 17 21 18 14 1 19 16 9 13 12
1380
3 11 5 23 4 9 16 13 22 8 12 19 1 14 18 21 17 2 10 20 7 6 15 0
1384
3 0 15 10 2 6 5 7 20 16 17 21 18 14 1 19 13 12 8 22 9 4 23 11
1363
16 20 2 10 6 5 15 0 3 11 23 7 4 9 13 12 8 22 19 1 14 18 17 21
1411
12 13 9 16 19 1 14 18 21 17 2 10 20 6 7 5 15 0 3 11 23 4 22 8
1393
0 15 10 2 6 20 16 17 21 18 14 1 19 13 12 8 22 9 4 7 5 23 11 3
1383
5 6 7 20 10 2 17 21 18 14 1 19 12 8 22 13 16 9 4 23 11 3 0 15
1376
6 7 20 10 2 17 21 18 14 1 19 8 12 22 13 16 9 4 23 5 11 3 0 15
1416
2 10 15 0 11 3 5 23 4 9 22 8 12 13 19 1 14 18 21 17 16 20 7 6
1361
9 16 17 21 18 14 1 19 13 12 8 22 4 23 5 3 11 0 15 2 10 6 7 20
1375
13 12 8 22 4 23 6 15 0 11 3 5 7 20 10 2 17 21 18 14 1 19 16 9
1409
21 17 18 14 1 19 13 12 8 22 4 23 5 11 3 0 15 6 10 2 7 20 9 16
1358
8 22 3 11 15 0 5 23 4 6 7 20 10 2 17 21 18 14 1 19 16 9 13 12
1377
15 0 3 11 5 23 4 9 13 22 8 12 19 1 14 18 21 17 16 20 7 2 10 6
1372
20 4 9 16 13 22 8 12 19 1 14 18 21 17 2 10 7 23 5 3 11 0 15 6
1408
8 22 4 23 6 15 0 11 3 5 7 20 10 2 17 21 18 14 1 19 16 9 13 12
1409
22 19 1 14 18 17 21 16 20 10 2 6 7 5 15 0 3 11 23 4 9 13 12 8
1402
12 13 9 19 1 14 18 17 21 16 20 2 10 6 7 5 15 0 3 11 23 4 22 8
1406
12 13 9 19 1 14 18 21 17 10 2 16 20 7 6 15 0 3 11 5 23 4 22 8
1427
11 3 23 4 9 22 8 12 13 19 1 14 18 16 21 17 2 10 20 7 6 5 15 0
1367
4 9 16 13 22 8 12 19 1 14 18 21 17 2 10 20 7 6 5 15 0 3 11 23
1376
21 17 10 2 16 9 20 23 5 3 11 0 15 6 7 4 22 8 12 13 19 1 14 18
1405
12 13 9 19 1 14 18 17 21 16 20 7 2 10 6 4 23 5 15 0 3 11 22 8
1393
9 16 2 10 17 21 18 14 1 19 13 12 8 22 4 23 5 11 3 0 15 6 7 20
1380
14 1 19 13 12 8 22 4 7 5 3 11 0 15 10 2 6 23 20 9 16 21 17 18
1376
6 15 0 3 11 5 23 4 9 13 22 8 12 19 1 14 18 17 21 16 20 7 2 10
1372
19 1 14 18 21 17 16 9 20 2 10 6 15 5 0 11 3 23 7 4 22 8 12 13
1420
17 16 9 20 7 6 2 10 15 0 3 11 5 23 4 22 8 12 13 19 1 14 18 21
1331
13 12 8 22 4 23 5 11 3 0 15 6 7 20 10 2 16 17 21 18 14 1 19 9
1405
16 9 20 7 6 2 10 15 0 11 3 5 23 4 22 8 12 13 19 1 14 18 21 17
1340
17 18 14 1 19 13 12 8 22 11 3 0 15 5 23 4 7 6 2 10 20 9 16 21
1329
23 4 9 16 13 22 8 12 19 1 14 18 21 17 2 10 20 7 6 5 15 0 3 11
1376
15 5 6 7 20 10 2 17 21 18 14 1 19 12 8 22 13 16 9 4 23 11 3 0
1376
14 1 19 13 12 8 22 4 23 7 5 15 0 3 11 6 10 2 20 9 16 17 21 18
1382
14 18 21 17 10 2 16 9 20 7 6 15 0 11 3 5 23 4 22 8 12 13 19 1
1389
15 0 11 3 5 23 4 9 16 13 22 8 12 19 1 14 18 21 17 2 10 20 7 6
1393
8 22 4 23 11 3 0 15 5 6 7 20 10 2 16 21 17 18 14 1 19 9 13 12
1397
17 16 9 20 6 2 10 15 0 11 3 5 23 7 4 22 8 12 13 19 1 14 18 21
1370
3 11 0 15 6 20 10 2 17 21 18 14 1 19 12 8 22 13 16 9 4 7 5 23
1423
23 11 3 0 15 5 6 7 20 10 2 17 21 18 14 1 19 12 8 22 13 16 9 4
1376
7 20 10 2 17 21 18 14 1 19 22 8 12 13 16 9 4 23 5 11 3 0 15 6
1413
16 17 21 18 14 1 19 13 12 8 22 4 23 3 11 0 15 5 6 2 10 7 20 9
1358
